   2.6290000e+00   9.5600000e-01
   1.0592000e+01   1.0720000e+00
   1.8292000e+01   1.0530000e+00
   2.6210000e+01   8.2100000e-01
   3.4376000e+01   8.8300000e-01
   4.2322000e+01   9.5000000e-01
   5.0185000e+01   1.0210000e+00
   5.8087000e+01   1.0990000e+00
   6.5829000e+01   1.1000000e+00
   7.3591000e+01   1.0450000e+00
   8.1332000e+01   8.4400000e-01
   8.9105000e+01   8.1900000e-01
   9.6733000e+01   9.2000000e-01
   1.0457200e+02   1.0120000e+00
   1.1203400e+02   1.0840000e+00
   1.1930500e+02   1.0210000e+00
   1.2678700e+02   8.0700000e-01
   1.3443600e+02   8.2200000e-01
   1.4162200e+02   9.1500000e-01
   1.4894100e+02   9.6500000e-01
   1.5539600e+02   9.9300000e-01
   1.6254500e+02   7.4100000e-01
   1.7017200e+02   9.0100000e-01
   1.7775500e+02   9.6300000e-01
