   2.4120000e+00   1.0590000e+00
   1.1408000e+01   1.0420000e+00
   2.0433000e+01   1.2590000e+00
   2.9168000e+01   1.2230000e+00
   3.7337000e+01   1.0090000e+00
   4.5807000e+01   1.1020000e+00
   5.3823000e+01   1.0940000e+00
   6.2482000e+01   1.0900000e+00
   7.0957000e+01   1.1300000e+00
   7.9405000e+01   1.1010000e+00
   8.7831000e+01   1.1030000e+00
   9.5975000e+01   1.0180000e+00
   1.0359200e+02   8.8100000e-01
   1.1042200e+02   9.4500000e-01
   1.1791000e+02   1.1740000e+00
   1.2616500e+02   1.1220000e+00
   1.3419200e+02   1.0410000e+00
   1.4282100e+02   1.1970000e+00
   1.5109900e+02   1.0460000e+00
   1.5908600e+02   1.1020000e+00
   1.6791700e+02   9.9300000e-01
   1.7607700e+02   8.5400000e-01
