   2.4370000e+00   9.3400000e-01
   1.1255000e+01   1.0820000e+00
   1.9554000e+01   1.1590000e+00
   2.7630000e+01   1.0820000e+00
   3.5825000e+01   9.1900000e-01
   4.4219000e+01   1.0210000e+00
   5.2251000e+01   1.0830000e+00
   5.9770000e+01   9.6300000e-01
   6.7779000e+01   8.9000000e-01
   7.5693000e+01   1.0190000e+00
   8.3436000e+01   1.0420000e+00
   9.0779000e+01   8.7200000e-01
   9.8717000e+01   9.6900000e-01
   1.0685200e+02   1.0660000e+00
   1.1468500e+02   1.0540000e+00
   1.2288400e+02   9.3100000e-01
   1.3096200e+02   9.7100000e-01
   1.3850900e+02   1.0020000e+00
   1.4589600e+02   9.3100000e-01
   1.5381700e+02   8.9600000e-01
   1.6115400e+02   1.0180000e+00
   1.6853900e+02   9.2600000e-01
   1.7651200e+02   9.1500000e-01
