   2.3780000e+00   7.3000000e-01
   8.1430000e+00   7.2700000e-01
   1.4207000e+01   7.3100000e-01
   1.9733000e+01   6.9800000e-01
   2.5671000e+01   7.1700000e-01
   3.1090000e+01   6.7500000e-01
   3.7106000e+01   7.2800000e-01
   4.2593000e+01   6.7200000e-01
   4.8948000e+01   7.9500000e-01
   5.4553000e+01   6.8700000e-01
   6.1111000e+01   8.2900000e-01
   6.6876000e+01   7.0700000e-01
   7.3677000e+01   7.6400000e-01
   7.9654000e+01   8.5200000e-01
   8.6845000e+01   7.9600000e-01
   9.2934000e+01   8.1800000e-01
   9.9521000e+01   7.5000000e-01
   1.0557200e+02   9.3500000e-01
   1.1237300e+02   7.3700000e-01
   1.1863000e+02   9.2100000e-01
   1.2503800e+02   7.1100000e-01
   1.3138800e+02   8.9900000e-01
   1.3747800e+02   7.0800000e-01
   1.4391600e+02   8.8000000e-01
   1.4996900e+02   6.9600000e-01
   1.5658000e+02   9.1100000e-01
   1.6262600e+02   6.9000000e-01
   1.6923800e+02   8.3100000e-01
   1.7503000e+02   6.9300000e-01
