   2.0920000e+00   8.1200000e-01
   9.3470000e+00   1.0250000e+00
   1.6394000e+01   7.9700000e-01
   2.3189000e+01   8.6500000e-01
   2.9686000e+01   8.6500000e-01
   3.6568000e+01   8.0300000e-01
   4.3292000e+01   8.7200000e-01
   4.9979000e+01   8.2400000e-01
   5.6770000e+01   8.3300000e-01
   6.3461000e+01   8.8700000e-01
   7.0269000e+01   8.0600000e-01
   7.7219000e+01   8.8000000e-01
   8.3946000e+01   8.9000000e-01
   9.0865000e+01   7.8800000e-01
   9.7530000e+01   8.7400000e-01
   1.0430200e+02   8.2500000e-01
   1.1114200e+02   8.8300000e-01
   1.3750500e+02   9.0500000e-01
   1.4454800e+02   8.4700000e-01
   1.5140100e+02   8.9800000e-01
   1.5829700e+02   8.0500000e-01
   1.6525800e+02   8.9800000e-01
   1.7205900e+02   8.8300000e-01
   1.7885200e+02   8.0500000e-01
