   2.2630000e+00   6.3800000e-01
   7.6070000e+00   6.6500000e-01
   1.3332000e+01   7.0200000e-01
   1.9091000e+01   7.4400000e-01
   2.4931000e+01   7.2800000e-01
   3.0789000e+01   7.1800000e-01
   3.6610000e+01   7.1800000e-01
   4.2551000e+01   7.5500000e-01
   4.8355000e+01   7.3200000e-01
   5.4165000e+01   7.3400000e-01
   5.9955000e+01   6.9100000e-01
   6.5818000e+01   6.5800000e-01
   7.1606000e+01   7.2100000e-01
   7.7278000e+01   7.3300000e-01
   8.3252000e+01   7.6100000e-01
   8.9314000e+01   7.5600000e-01
   9.5399000e+01   7.7400000e-01
   1.0136400e+02   8.0600000e-01
   1.0743500e+02   7.6900000e-01
   1.1346600e+02   7.1200000e-01
   1.1922600e+02   7.1700000e-01
   1.2499400e+02   7.3400000e-01
   1.3078200e+02   6.7700000e-01
   1.3677200e+02   7.1900000e-01
   1.4273400e+02   7.0300000e-01
   1.4849000e+02   6.9600000e-01
   1.5436100e+02   6.7800000e-01
   1.6047100e+02   7.3900000e-01
   1.6623900e+02   6.9400000e-01
   1.7211600e+02   7.1800000e-01
   1.7820600e+02   6.9800000e-01
