   2.6700000e+00   8.0400000e-01
   8.9500000e+00   7.9100000e-01
   1.5500000e+01   7.8200000e-01
   2.1625000e+01   7.8100000e-01
   2.8047000e+01   7.7700000e-01
   3.4359000e+01   8.1500000e-01
   4.0992000e+01   8.2700000e-01
   4.9175000e+01   9.8500000e-01
   5.7709000e+01   1.0730000e+00
   6.5717000e+01   1.0690000e+00
   7.3861000e+01   9.7700000e-01
   8.2181000e+01   1.0370000e+00
   9.0354000e+01   1.0080000e+00
   9.8619000e+01   1.0260000e+00
   1.0717400e+02   1.0230000e+00
   1.1487200e+02   9.8900000e-01
   1.2226500e+02   8.7800000e-01
   1.2929200e+02   8.6700000e-01
   1.3628700e+02   8.7800000e-01
   1.4322400e+02   9.1200000e-01
   1.5076600e+02   8.6900000e-01
   1.5760600e+02   8.9300000e-01
   1.6420700e+02   8.3200000e-01
   1.7076500e+02   7.8900000e-01
   1.7722400e+02   8.3300000e-01
