   2.0300000e+00   9.7200000e-01
   1.0300000e+01   1.0230000e+00
   1.7722000e+01   9.6900000e-01
   2.5486000e+01   9.0100000e-01
   3.3281000e+01   9.7000000e-01
   4.0935000e+01   1.0370000e+00
   4.8504000e+01   9.3800000e-01
   5.6973000e+01   1.0050000e+00
   6.4500000e+01   9.6200000e-01
   7.2159000e+01   1.0000000e+00
   7.9934000e+01   9.4300000e-01
   8.7716000e+01   9.5700000e-01
   9.4952000e+01   9.6400000e-01
   1.0222600e+02   8.6400000e-01
   1.0986900e+02   9.3400000e-01
   1.1736200e+02   1.0240000e+00
   1.2492800e+02   8.8900000e-01
   1.3264800e+02   9.3800000e-01
   1.4051600e+02   1.0580000e+00
   1.4788500e+02   9.3900000e-01
   1.5558600e+02   9.0300000e-01
   1.6300300e+02   9.5000000e-01
   1.7034600e+02   9.8000000e-01
   1.7795400e+02   8.9100000e-01
