   2.8320000e+00   8.4000000e-01
   1.0351000e+01   8.6700000e-01
   1.7313000e+01   1.0280000e+00
   2.4116000e+01   7.2900000e-01
   3.0960000e+01   9.2800000e-01
   3.7453000e+01   7.5000000e-01
   4.4964000e+01   9.0000000e-01
   5.1450000e+01   8.3400000e-01
   5.9053000e+01   8.5600000e-01
   6.5879000e+01   1.0590000e+00
   7.3038000e+01   8.1200000e-01
   8.0441000e+01   9.1000000e-01
   8.7129000e+01   8.4400000e-01
   9.5183000e+01   8.9500000e-01
   1.0209800e+02   1.0520000e+00
   1.0954700e+02   8.8700000e-01
   1.1723500e+02   9.7600000e-01
   1.2446100e+02   9.0400000e-01
   1.3218100e+02   8.9900000e-01
   1.3954300e+02   1.0200000e+00
   1.4667200e+02   7.8600000e-01
   1.5487400e+02   9.5700000e-01
   1.6249500e+02   1.0550000e+00
   1.7005700e+02   8.7700000e-01
   1.7810100e+02   1.0270000e+00
