   2.0900000e+00   1.0090000e+00
   1.0137000e+01   1.0210000e+00
   1.8425000e+01   1.0120000e+00
   2.6767000e+01   1.0390000e+00
   3.5158000e+01   1.0750000e+00
   4.3348000e+01   1.0300000e+00
   5.1286000e+01   8.8100000e-01
   5.8625000e+01   9.6500000e-01
   6.6330000e+01   8.9200000e-01
   7.4155000e+01   9.6000000e-01
   8.2438000e+01   1.0810000e+00
   9.0779000e+01   1.0760000e+00
   9.8938000e+01   1.0360000e+00
   1.0692500e+02   9.8000000e-01
   1.1507800e+02   1.0010000e+00
   1.2319200e+02   9.9400000e-01
   1.3122300e+02   1.0560000e+00
   1.3912800e+02   8.7200000e-01
   1.4597400e+02   7.9300000e-01
   1.5261000e+02   8.4600000e-01
   1.6014100e+02   9.5900000e-01
   1.6795400e+02   9.9200000e-01
   1.7577500e+02   9.4600000e-01
