   2.1590000e+00   7.0800000e-01
   8.7760000e+00   1.0100000e+00
   1.6618000e+01   1.0450000e+00
   2.2976000e+01   8.5900000e-01
   3.0913000e+01   7.6000000e-01
   3.8276000e+01   1.0200000e+00
   4.4569000e+01   8.2200000e-01
   5.2240000e+01   7.8900000e-01
   5.8746000e+01   8.0700000e-01
   6.4586000e+01   6.9800000e-01
   7.1638000e+01   8.3600000e-01
   7.8412000e+01   1.1760000e+00
   8.5362000e+01   7.1600000e-01
   9.2983000e+01   8.4700000e-01
   9.9179000e+01   8.8800000e-01
   1.0622600e+02   7.3400000e-01
   1.1302000e+02   1.0150000e+00
   1.1932700e+02   7.2600000e-01
   1.2672800e+02   7.6200000e-01
   1.3309600e+02   1.0690000e+00
   1.3957800e+02   7.4600000e-01
   1.4651700e+02   8.8400000e-01
   1.5260300e+02   7.7600000e-01
   1.5993600e+02   7.7500000e-01
   1.6662300e+02   9.8800000e-01
   1.7300100e+02   7.1000000e-01
   1.7979500e+02   8.1400000e-01
