   2.1340000e+00   1.0820000e+00
   1.0809000e+01   1.0660000e+00
   1.9987000e+01   1.1190000e+00
   2.8792000e+01   1.1840000e+00
   3.7725000e+01   1.1050000e+00
   4.6931000e+01   1.0690000e+00
   5.5826000e+01   1.1110000e+00
   6.4513000e+01   1.1270000e+00
   7.3173000e+01   1.0540000e+00
   8.1967000e+01   1.0710000e+00
   9.0512000e+01   1.0830000e+00
   9.8813000e+01   1.0630000e+00
   1.0746100e+02   1.0210000e+00
   1.1583700e+02   1.0410000e+00
   1.2415400e+02   1.0950000e+00
   1.3250000e+02   1.0220000e+00
   1.4020200e+02   9.7700000e-01
   1.4759900e+02   9.1000000e-01
   1.5500900e+02   9.2800000e-01
   1.6227800e+02   9.5100000e-01
   1.6973900e+02   8.5400000e-01
   1.7776800e+02   1.0200000e+00
