   2.5230000e+00   8.0000000e-01
   8.7910000e+00   7.5000000e-01
   1.4625000e+01   6.6200000e-01
   2.0479000e+01   7.8600000e-01
   2.6249000e+01   6.6100000e-01
   3.1095000e+01   5.9100000e-01
   3.6167000e+01   6.3700000e-01
   4.1719000e+01   6.7900000e-01
   4.6845000e+01   6.3600000e-01
   5.3612000e+01   7.0800000e-01
   5.9050000e+01   7.1000000e-01
   6.5246000e+01   6.2800000e-01
   7.0601000e+01   8.0500000e-01
   7.6967000e+01   6.6700000e-01
   8.3191000e+01   8.4200000e-01
   8.8864000e+01   6.5700000e-01
   9.5389000e+01   7.8100000e-01
   1.0092600e+02   6.7400000e-01
   1.0747900e+02   7.9100000e-01
   1.1345000e+02   6.8300000e-01
   1.1976900e+02   7.3900000e-01
   1.2536700e+02   7.5500000e-01
   1.3119900e+02   6.6800000e-01
   1.3649300e+02   7.4000000e-01
   1.4270900e+02   6.6700000e-01
   1.4829000e+02   7.3300000e-01
   1.5396200e+02   6.4200000e-01
   1.6037300e+02   7.9400000e-01
   1.6604000e+02   6.8000000e-01
   1.7286700e+02   6.9400000e-01
   1.7882800e+02   8.0900000e-01
