   1.0930000e+00   7.5000000e-01
   8.5540000e+00   1.0740000e+00
   1.6246000e+01   1.1170000e+00
   2.4156000e+01   8.7000000e-01
   3.1372000e+01   8.5900000e-01
   3.8936000e+01   1.1460000e+00
   4.6756000e+01   9.2300000e-01
   5.5127000e+01   8.6800000e-01
   6.3256000e+01   1.0630000e+00
   7.0265000e+01   9.0700000e-01
   7.7389000e+01   8.4200000e-01
   8.6066000e+01   1.0060000e+00
   9.4018000e+01   1.1400000e+00
   1.0170700e+02   1.0630000e+00
   1.0980700e+02   8.6700000e-01
   1.1805300e+02   1.0230000e+00
   1.2561900e+02   1.1110000e+00
   1.3352000e+02   8.9200000e-01
   1.4167600e+02   8.7800000e-01
   1.4948100e+02   1.1260000e+00
   1.5705900e+02   1.0660000e+00
   1.6444000e+02   7.8600000e-01
   1.7189600e+02   1.0490000e+00
   1.7953400e+02   1.0680000e+00
