   2.5920000e+00   1.0130000e+00
   1.1196000e+01   1.0190000e+00
   1.9820000e+01   9.4900000e-01
   2.8220000e+01   1.0970000e+00
   3.6078000e+01   1.1440000e+00
   4.3626000e+01   7.4200000e-01
   5.2175000e+01   8.6000000e-01
   6.0194000e+01   1.0630000e+00
   6.7980000e+01   1.1590000e+00
   7.5604000e+01   8.2400000e-01
   8.3911000e+01   9.0500000e-01
   9.1250000e+01   1.0900000e+00
   9.8092000e+01   7.1800000e-01
   1.0625800e+02   8.3500000e-01
   1.1424500e+02   1.0750000e+00
   1.2156100e+02   1.0840000e+00
   1.2939900e+02   8.0400000e-01
   1.3712200e+02   1.0080000e+00
   1.4470800e+02   1.0790000e+00
   1.5167600e+02   7.0000000e-01
   1.5920200e+02   9.7200000e-01
   1.6676700e+02   1.1050000e+00
   1.7412200e+02   7.8700000e-01
