   1.2540000e+00   9.3200000e-01
   9.5440000e+00   9.3600000e-01
   1.8534000e+01   1.1090000e+00
   2.7303000e+01   1.0590000e+00
   3.5801000e+01   1.1100000e+00
   4.4188000e+01   1.2750000e+00
   5.2453000e+01   1.2220000e+00
   6.0352000e+01   1.3000000e+00
   6.8668000e+01   1.1460000e+00
   7.6737000e+01   8.9600000e-01
   8.5190000e+01   8.5400000e-01
   9.3268000e+01   8.4900000e-01
   1.0139000e+02   9.4200000e-01
   1.0962400e+02   1.1650000e+00
   1.1797400e+02   1.1890000e+00
   1.2620000e+02   1.2230000e+00
   1.3417600e+02   1.2360000e+00
   1.4251100e+02   1.1130000e+00
   1.5050800e+02   8.3000000e-01
   1.5848500e+02   8.0400000e-01
   1.6597500e+02   8.5600000e-01
   1.7310500e+02   1.0000000e+00
   1.8046400e+02   1.1610000e+00
