   2.6240000e+00   1.0270000e+00
   1.1439000e+01   1.3340000e+00
   2.0634000e+01   1.1880000e+00
   2.9035000e+01   9.5000000e-01
   3.7268000e+01   1.0180000e+00
   4.5654000e+01   1.0040000e+00
   5.3944000e+01   1.0130000e+00
   6.1870000e+01   1.0240000e+00
   6.9903000e+01   9.6500000e-01
   7.8465000e+01   1.1250000e+00
   8.6931000e+01   1.0120000e+00
   9.5342000e+01   1.0120000e+00
   1.0410400e+02   1.2310000e+00
   1.1258900e+02   1.0650000e+00
   1.2119400e+02   9.5400000e-01
   1.2956100e+02   1.0400000e+00
   1.3755600e+02   1.1440000e+00
   1.4556300e+02   9.3600000e-01
   1.5353500e+02   8.8000000e-01
   1.6249900e+02   1.2130000e+00
   1.7119900e+02   1.0340000e+00
   1.7939500e+02   9.1800000e-01
