   1.5510000e+00   7.8100000e-01
   8.1090000e+00   7.8000000e-01
   1.4474000e+01   8.3000000e-01
   2.0955000e+01   7.5200000e-01
   2.7370000e+01   8.2800000e-01
   3.3688000e+01   7.7400000e-01
   4.0115000e+01   7.8700000e-01
   4.6383000e+01   7.7600000e-01
   5.2883000e+01   8.1000000e-01
   5.9139000e+01   8.0300000e-01
   6.5705000e+01   8.1400000e-01
   7.1883000e+01   8.0700000e-01
   7.8424000e+01   8.0900000e-01
   8.4691000e+01   8.2700000e-01
   9.1304000e+01   7.8800000e-01
   9.7565000e+01   7.9100000e-01
   1.0399800e+02   7.5400000e-01
   1.1020400e+02   7.5900000e-01
   1.1636000e+02   7.3900000e-01
   1.2232300e+02   7.8700000e-01
   1.2880100e+02   7.5300000e-01
   1.3506400e+02   8.1700000e-01
   1.4138100e+02   7.3400000e-01
   1.4769000e+02   7.9400000e-01
   1.5388200e+02   7.7400000e-01
   1.6017100e+02   7.7600000e-01
   1.6620800e+02   7.7900000e-01
   1.7266500e+02   8.0900000e-01
   1.7886600e+02   8.0500000e-01
