   2.6830000e+00   9.4200000e-01
   1.0434000e+01   1.0130000e+00
   1.8354000e+01   1.0600000e+00
   2.6334000e+01   9.8400000e-01
   3.4177000e+01   1.0480000e+00
   4.2176000e+01   1.0080000e+00
   5.0117000e+01   9.5200000e-01
   5.7974000e+01   9.0700000e-01
   6.5365000e+01   9.3800000e-01
   7.2957000e+01   9.5600000e-01
   8.0195000e+01   9.8700000e-01
   8.7934000e+01   9.7100000e-01
   9.5692000e+01   1.0170000e+00
   1.0348300e+02   9.5300000e-01
   1.1153100e+02   9.3800000e-01
   1.1957000e+02   9.5100000e-01
   1.2771100e+02   1.0370000e+00
   1.3555100e+02   1.0290000e+00
   1.4344000e+02   1.0180000e+00
   1.5146100e+02   9.2600000e-01
   1.5951500e+02   9.7800000e-01
   1.6727300e+02   9.0300000e-01
   1.7502900e+02   9.2900000e-01
