   2.0750000e+00   8.3600000e-01
   9.0740000e+00   8.4500000e-01
   1.6596000e+01   9.9900000e-01
   2.4021000e+01   9.8000000e-01
   3.1694000e+01   8.8000000e-01
   3.9465000e+01   9.3000000e-01
   4.6945000e+01   1.0510000e+00
   5.4593000e+01   9.0100000e-01
   6.2354000e+01   9.3500000e-01
   6.9953000e+01   9.9000000e-01
   7.7412000e+01   9.5900000e-01
   8.4712000e+01   8.3700000e-01
   9.1987000e+01   9.6300000e-01
   9.9003000e+01   9.1800000e-01
   1.0654200e+02   8.5500000e-01
   1.1393300e+02   9.7000000e-01
   1.2126100e+02   9.6600000e-01
   1.2884200e+02   8.9300000e-01
   1.3644000e+02   9.4100000e-01
   1.4356100e+02   9.3400000e-01
   1.5075800e+02   8.4700000e-01
   1.5808100e+02   9.1400000e-01
   1.6479200e+02   8.6800000e-01
   1.7177300e+02   8.0700000e-01
   1.7893400e+02   9.3300000e-01
