   2.2880000e+00   9.5800000e-01
   9.6740000e+00   8.4400000e-01
   1.7631000e+01   9.7500000e-01
   2.5324000e+01   1.0390000e+00
   3.2923000e+01   8.8600000e-01
   4.0831000e+01   9.4300000e-01
   4.8647000e+01   1.0020000e+00
   5.6232000e+01   1.0250000e+00
   6.4119000e+01   8.9800000e-01
   7.1726000e+01   8.3300000e-01
   7.8744000e+01   1.0080000e+00
   8.6445000e+01   8.9800000e-01
   9.4444000e+01   9.5300000e-01
   1.0192900e+02   1.0210000e+00
   1.0943600e+02   9.7300000e-01
   1.1728800e+02   8.9700000e-01
   1.2520200e+02   1.0040000e+00
   1.3296400e+02   1.0960000e+00
   1.4063000e+02   8.3600000e-01
   1.4846200e+02   9.5400000e-01
   1.5590000e+02   1.0080000e+00
   1.6324800e+02   8.6200000e-01
   1.7089800e+02   8.3500000e-01
   1.7857800e+02   1.0320000e+00
