   2.7690000e+00   1.0140000e+00
   1.0754000e+01   1.0060000e+00
   1.8417000e+01   9.5500000e-01
   2.6702000e+01   9.5100000e-01
   3.4977000e+01   1.0320000e+00
   4.3097000e+01   1.0280000e+00
   5.1012000e+01   1.0120000e+00
   5.8737000e+01   9.8300000e-01
   6.6509000e+01   8.9700000e-01
   7.4440000e+01   9.8600000e-01
   8.1916000e+01   1.0000000e+00
   8.9604000e+01   9.8900000e-01
   9.7331000e+01   9.0800000e-01
   1.0515500e+02   9.4600000e-01
   1.1276700e+02   9.8600000e-01
   1.2037000e+02   9.8400000e-01
   1.2800000e+02   9.2100000e-01
   1.3578800e+02   9.2800000e-01
   1.4336700e+02   9.8100000e-01
   1.5110300e+02   1.0060000e+00
   1.5867900e+02   9.4900000e-01
   1.6636900e+02   8.8000000e-01
   1.7381300e+02   9.6500000e-01
