   2.8850000e+00   1.0980000e+00
   1.0485000e+01   1.0200000e+00
   1.7869000e+01   1.1160000e+00
   2.4891000e+01   8.2700000e-01
   3.2722000e+01   8.1600000e-01
   3.9624000e+01   9.9300000e-01
   4.5930000e+01   7.3500000e-01
   5.2923000e+01   8.0700000e-01
   5.9943000e+01   9.5600000e-01
   6.7125000e+01   1.1770000e+00
   7.4077000e+01   7.6000000e-01
   8.1282000e+01   7.9800000e-01
   8.7871000e+01   1.0120000e+00
   9.4210000e+01   7.3100000e-01
   1.0147600e+02   7.9700000e-01
   1.0844900e+02   9.2300000e-01
   1.1510000e+02   9.3400000e-01
   1.2223900e+02   7.2700000e-01
   1.2919700e+02   9.6600000e-01
   1.3573100e+02   8.6100000e-01
   1.4289200e+02   7.5200000e-01
   1.5013000e+02   8.1300000e-01
   1.5681200e+02   1.0420000e+00
   1.6329100e+02   7.5600000e-01
   1.7015200e+02   7.8100000e-01
   1.7614400e+02   8.8300000e-01
