   1.9710000e+00   9.2900000e-01
   1.0358000e+01   1.1600000e+00
   1.8872000e+01   1.1080000e+00
   2.7206000e+01   1.1070000e+00
   3.5487000e+01   1.1160000e+00
   4.3684000e+01   1.0860000e+00
   5.1755000e+01   1.0600000e+00
   5.9773000e+01   1.0820000e+00
   6.8070000e+01   1.0940000e+00
   7.6527000e+01   1.1020000e+00
   8.5024000e+01   1.0850000e+00
   9.3454000e+01   1.0720000e+00
   1.0158500e+02   1.0820000e+00
   1.1001300e+02   1.0980000e+00
   1.1873100e+02   1.1270000e+00
   1.2757100e+02   1.1360000e+00
   1.3639800e+02   1.1500000e+00
   1.4491000e+02   1.0830000e+00
   1.5322400e+02   1.1050000e+00
   1.6177600e+02   1.1770000e+00
   1.7053400e+02   1.1280000e+00
   1.7935100e+02   1.1400000e+00
