   2.6770000e+00   8.1700000e-01
   1.0534000e+01   9.2400000e-01
   1.7798000e+01   1.1520000e+00
   2.4961000e+01   1.2430000e+00
   3.2119000e+01   7.5300000e-01
   3.9435000e+01   7.7400000e-01
   4.6683000e+01   8.2700000e-01
   5.3286000e+01   1.1290000e+00
   5.9891000e+01   7.1500000e-01
   6.6866000e+01   7.7600000e-01
   7.3585000e+01   8.9800000e-01
   7.9713000e+01   8.9000000e-01
   8.6845000e+01   7.7600000e-01
   9.4122000e+01   7.6300000e-01
   1.0090000e+02   9.9200000e-01
   1.0714600e+02   8.5000000e-01
   1.1445400e+02   7.4300000e-01
   1.2157600e+02   8.2000000e-01
   1.2819700e+02   9.0500000e-01
   1.3441200e+02   7.9900000e-01
   1.4131000e+02   7.4400000e-01
   1.4833500e+02   7.5000000e-01
   1.5480300e+02   9.6200000e-01
   1.6108800e+02   7.4100000e-01
   1.6799300e+02   7.2700000e-01
   1.7448100e+02   8.7800000e-01
   1.8049700e+02   7.6700000e-01
