   2.3820000e+00   7.7800000e-01
   8.8780000e+00   7.5900000e-01
   1.5331000e+01   8.6900000e-01
   2.1356000e+01   7.0100000e-01
   2.7724000e+01   7.1800000e-01
   3.3431000e+01   8.6000000e-01
   3.9604000e+01   6.9500000e-01
   4.5700000e+01   7.6900000e-01
   5.1361000e+01   7.1200000e-01
   5.7209000e+01   6.8000000e-01
   6.2868000e+01   8.5700000e-01
   6.9044000e+01   7.2200000e-01
   7.5113000e+01   8.0900000e-01
   8.1259000e+01   7.6700000e-01
   8.7479000e+01   7.4200000e-01
   9.3359000e+01   8.3500000e-01
   9.9681000e+01   7.4600000e-01
   1.0610900e+02   8.2700000e-01
   1.1205200e+02   7.4800000e-01
   1.1831800e+02   6.9300000e-01
   1.2445500e+02   8.4700000e-01
   1.3042000e+02   6.8500000e-01
   1.3657000e+02   7.5600000e-01
   1.4217700e+02   7.3900000e-01
   1.4810500e+02   7.0400000e-01
   1.5398600e+02   8.9300000e-01
   1.5999700e+02   6.6000000e-01
   1.6586300e+02   7.6300000e-01
   1.7148100e+02   7.0600000e-01
   1.7798900e+02   7.3700000e-01
