   2.7800000e+00   1.1570000e+00
   1.0561000e+01   1.3200000e+00
   1.9771000e+01   8.1900000e-01
   2.9915000e+01   1.1930000e+00
   3.9069000e+01   1.2230000e+00
   4.7538000e+01   1.2990000e+00
   5.6029000e+01   8.5300000e-01
   6.5407000e+01   1.0320000e+00
   7.2994000e+01   1.1020000e+00
   8.0942000e+01   8.5200000e-01
   8.9525000e+01   9.7200000e-01
   9.7105000e+01   1.1330000e+00
   1.0455100e+02   7.9300000e-01
   1.1274500e+02   8.8700000e-01
   1.1975300e+02   1.0680000e+00
   1.2755900e+02   7.8800000e-01
   1.3546800e+02   1.0020000e+00
   1.4258400e+02   1.0920000e+00
   1.5059800e+02   7.8700000e-01
   1.5870400e+02   1.1040000e+00
   1.6576800e+02   9.8800000e-01
   1.7402100e+02   8.9300000e-01
