   2.7290000e+00   8.3300000e-01
   9.7920000e+00   9.4000000e-01
   1.6921000e+01   8.8300000e-01
   2.4491000e+01   8.8400000e-01
   3.2040000e+01   8.7800000e-01
   3.9560000e+01   8.7400000e-01
   4.6809000e+01   9.2400000e-01
   5.4034000e+01   9.3000000e-01
   6.1025000e+01   9.3400000e-01
   6.7983000e+01   8.9800000e-01
   7.5539000e+01   8.9100000e-01
   8.2895000e+01   8.6100000e-01
   9.0428000e+01   9.2900000e-01
   9.8003000e+01   9.6800000e-01
   1.0519100e+02   9.3100000e-01
   1.1230100e+02   9.3800000e-01
   1.1938900e+02   8.8500000e-01
   1.2678500e+02   8.5700000e-01
   1.3412900e+02   8.7300000e-01
   1.4115700e+02   8.6800000e-01
   1.4803400e+02   9.0400000e-01
   1.5486100e+02   8.9700000e-01
   1.6195900e+02   9.0100000e-01
   1.6940800e+02   8.7200000e-01
   1.7679300e+02   8.7800000e-01
