   1.2240000e+00   1.0710000e+00
   9.1470000e+00   9.5600000e-01
   1.7249000e+01   9.2800000e-01
   2.5279000e+01   1.0530000e+00
   3.2729000e+01   9.6900000e-01
   4.1029000e+01   9.5400000e-01
   4.9168000e+01   1.0860000e+00
   5.7159000e+01   1.0380000e+00
   6.5533000e+01   9.5200000e-01
   7.3901000e+01   1.0390000e+00
   8.1874000e+01   1.0660000e+00
   8.9778000e+01   9.3700000e-01
   9.7901000e+01   9.7600000e-01
   1.0581600e+02   1.0520000e+00
   1.1336600e+02   9.5400000e-01
   1.2155800e+02   9.7900000e-01
   1.3008700e+02   1.1160000e+00
   1.3832400e+02   1.0770000e+00
   1.4646300e+02   1.0210000e+00
   1.5473700e+02   9.6200000e-01
   1.6300500e+02   1.0870000e+00
   1.7119300e+02   1.0700000e+00
   1.7910400e+02   9.3200000e-01
