   2.7170000e+00   9.6400000e-01
   1.1845000e+01   1.4840000e+00
   2.1272000e+01   1.3890000e+00
   3.0643000e+01   1.4750000e+00
   3.9870000e+01   1.3960000e+00
   4.8745000e+01   1.3700000e+00
   5.7014000e+01   1.3340000e+00
   6.5414000e+01   9.0400000e-01
   7.3926000e+01   8.3300000e-01
   8.2679000e+01   7.9600000e-01
   9.1498000e+01   8.3000000e-01
   1.0055800e+02   7.9700000e-01
   1.0901500e+02   8.3600000e-01
   1.1808700e+02   9.5400000e-01
   1.2701000e+02   8.3100000e-01
   1.3626900e+02   9.1700000e-01
   1.4502100e+02   1.0940000e+00
   1.5421500e+02   1.2330000e+00
   1.6320000e+02   1.1690000e+00
   1.7189200e+02   1.1750000e+00
   1.8091200e+02   1.2400000e+00
