   2.2890000e+00   7.9700000e-01
   1.0134000e+01   1.1770000e+00
   1.8277000e+01   9.2900000e-01
   2.6751000e+01   1.2520000e+00
   3.4908000e+01   1.1250000e+00
   4.3939000e+01   9.7900000e-01
   5.2632000e+01   1.0820000e+00
   6.1607000e+01   1.1080000e+00
   7.0132000e+01   1.1500000e+00
   7.8030000e+01   8.9700000e-01
   8.6552000e+01   1.3070000e+00
   9.4372000e+01   8.3400000e-01
   1.0288900e+02   9.3400000e-01
   1.1155800e+02   1.1690000e+00
   1.2016700e+02   1.0600000e+00
   1.2802700e+02   8.7000000e-01
   1.3673300e+02   1.1530000e+00
   1.4434600e+02   1.1770000e+00
   1.5293700e+02   8.5600000e-01
   1.6211500e+02   1.1410000e+00
   1.7019400e+02   1.1760000e+00
   1.7811300e+02   1.0610000e+00
