   3.5740000e+00   8.7100000e-01
   1.1571000e+01   1.0170000e+00
   1.9261000e+01   1.0300000e+00
   2.6918000e+01   8.5500000e-01
   3.4898000e+01   1.0220000e+00
   4.2530000e+01   1.0210000e+00
   5.0453000e+01   8.9400000e-01
   5.8229000e+01   1.0280000e+00
   6.5757000e+01   9.9900000e-01
   7.3730000e+01   9.2000000e-01
   8.1509000e+01   1.0260000e+00
   8.8759000e+01   1.0690000e+00
   9.6954000e+01   9.7400000e-01
   1.0472300e+02   1.0360000e+00
   1.1231900e+02   9.2000000e-01
   1.2049300e+02   9.7800000e-01
   1.2808800e+02   1.0240000e+00
   1.3575000e+02   8.9700000e-01
   1.4383400e+02   9.9900000e-01
   1.5154400e+02   1.0620000e+00
   1.5948300e+02   9.1600000e-01
   1.6769100e+02   1.0350000e+00
   1.7536700e+02   1.0080000e+00
