   2.4040000e+00   9.1000000e-01
   9.9730000e+00   9.5200000e-01
   1.7592000e+01   9.8100000e-01
   2.5077000e+01   9.5500000e-01
   3.2609000e+01   9.7200000e-01
   3.9985000e+01   8.5700000e-01
   4.7364000e+01   8.9700000e-01
   5.5052000e+01   9.8100000e-01
   6.2988000e+01   1.0280000e+00
   7.0923000e+01   1.0260000e+00
   7.8921000e+01   1.0140000e+00
   8.6952000e+01   9.4200000e-01
   9.4994000e+01   9.7100000e-01
   1.0309300e+02   1.0080000e+00
   1.1080500e+02   9.8000000e-01
   1.1831500e+02   9.3700000e-01
   1.2622400e+02   9.9500000e-01
   1.3369900e+02   9.0500000e-01
   1.4101700e+02   8.8300000e-01
   1.4854200e+02   9.0400000e-01
   1.5608100e+02   9.7700000e-01
   1.6362800e+02   9.9100000e-01
   1.7131700e+02   9.4500000e-01
   1.7918500e+02   1.0290000e+00
