   2.0810000e+00   8.8000000e-01
   9.2520000e+00   9.6700000e-01
   1.6972000e+01   9.2900000e-01
   2.4884000e+01   9.1100000e-01
   3.2785000e+01   9.8100000e-01
   4.0871000e+01   9.7500000e-01
   4.8925000e+01   9.9400000e-01
   5.6690000e+01   1.0310000e+00
   6.4051000e+01   9.8800000e-01
   7.1681000e+01   9.4200000e-01
   7.9487000e+01   8.7300000e-01
   8.7258000e+01   8.7300000e-01
   9.4831000e+01   1.0020000e+00
   1.0263800e+02   1.0590000e+00
   1.1054900e+02   1.0670000e+00
   1.1823100e+02   9.6100000e-01
   1.2604100e+02   9.1800000e-01
   1.3392200e+02   9.3300000e-01
   1.4180000e+02   9.9500000e-01
   1.4970500e+02   1.0210000e+00
   1.5754600e+02   1.0450000e+00
   1.6528000e+02   9.9500000e-01
   1.7285400e+02   8.7000000e-01
   1.8067800e+02   9.0200000e-01
