   2.0120000e+00   9.2600000e-01
   1.1277000e+01   1.1800000e+00
   2.0506000e+01   1.0850000e+00
   2.9104000e+01   9.0400000e-01
   3.7939000e+01   9.6400000e-01
   4.6145000e+01   8.6300000e-01
   5.4276000e+01   9.0600000e-01
   6.2316000e+01   9.6500000e-01
   7.0297000e+01   9.9600000e-01
   7.8477000e+01   1.1790000e+00
   8.6806000e+01   1.1590000e+00
   9.5152000e+01   1.1540000e+00
   1.0336800e+02   1.1810000e+00
   1.1160400e+02   1.1280000e+00
   1.1941700e+02   1.1500000e+00
   1.2739100e+02   1.1810000e+00
   1.3557000e+02   1.1890000e+00
   1.4379000e+02   1.1470000e+00
   1.5210000e+02   1.1570000e+00
   1.6034900e+02   1.1490000e+00
   1.6847500e+02   1.0790000e+00
   1.7597800e+02   8.3900000e-01
