   2.5420000e+00   7.3500000e-01
   8.3100000e+00   7.3600000e-01
   1.5238000e+01   1.2600000e+00
   2.2762000e+01   7.5700000e-01
   3.0044000e+01   1.0660000e+00
   3.6408000e+01   7.5700000e-01
   4.4153000e+01   7.7300000e-01
   5.1083000e+01   1.0610000e+00
   5.7632000e+01   7.2600000e-01
   6.4465000e+01   1.0900000e+00
   7.1029000e+01   7.5300000e-01
   7.8460000e+01   8.9600000e-01
   8.4672000e+01   8.1100000e-01
   9.1806000e+01   7.4200000e-01
   9.7712000e+01   7.6600000e-01
   1.0481700e+02   7.3100000e-01
   1.1128500e+02   1.1040000e+00
   1.1779100e+02   7.0600000e-01
   1.2464100e+02   1.0080000e+00
   1.3106100e+02   7.2000000e-01
   1.3807800e+02   8.3100000e-01
   1.4402900e+02   7.1300000e-01
   1.5103600e+02   7.7800000e-01
   1.5698700e+02   7.5800000e-01
   1.6437400e+02   7.7900000e-01
   1.7088100e+02   1.1630000e+00
   1.7749800e+02   7.3300000e-01
