   2.4010000e+00   7.6900000e-01
   8.4920000e+00   6.8600000e-01
   1.4848000e+01   7.1900000e-01
   2.0289000e+01   7.7400000e-01
   2.6712000e+01   6.6700000e-01
   3.2647000e+01   8.9600000e-01
   3.8761000e+01   6.7300000e-01
   4.5204000e+01   7.3100000e-01
   5.0678000e+01   7.2400000e-01
   5.6227000e+01   6.8700000e-01
   6.2216000e+01   7.9400000e-01
   6.7717000e+01   6.6800000e-01
   7.4478000e+01   7.7200000e-01
   8.0169000e+01   8.4100000e-01
   8.6729000e+01   7.0500000e-01
   9.3021000e+01   8.5000000e-01
   9.8689000e+01   6.8000000e-01
   1.0536100e+02   7.3700000e-01
   1.1133500e+02   9.1600000e-01
   1.1732700e+02   6.5900000e-01
   1.2395500e+02   8.9500000e-01
   1.3005600e+02   7.7600000e-01
   1.3610600e+02   6.6800000e-01
   1.4231300e+02   8.8000000e-01
   1.4817800e+02   6.6900000e-01
   1.5442200e+02   6.9500000e-01
   1.5978000e+02   7.4200000e-01
   1.6564200e+02   6.4600000e-01
   1.7147300e+02   9.1100000e-01
   1.7748400e+02   6.4600000e-01
