   2.4920000e+00   7.1400000e-01
   9.0540000e+00   9.7300000e-01
   1.6545000e+01   8.6000000e-01
   2.3634000e+01   9.4900000e-01
   3.0549000e+01   7.9100000e-01
   3.7932000e+01   9.3900000e-01
   4.4436000e+01   9.0600000e-01
   5.1363000e+01   8.0300000e-01
   5.8029000e+01   9.1500000e-01
   6.4605000e+01   7.7600000e-01
   7.1234000e+01   9.0200000e-01
   7.7707000e+01   7.6300000e-01
   8.4565000e+01   8.1000000e-01
   9.0720000e+01   7.8300000e-01
   9.7708000e+01   7.8200000e-01
   1.0383800e+02   8.9600000e-01
   1.1046200e+02   7.5400000e-01
   1.1685000e+02   9.7700000e-01
   1.2337300e+02   7.4700000e-01
   1.2967600e+02   8.7100000e-01
   1.3584400e+02   7.2400000e-01
   1.4235200e+02   8.8600000e-01
   1.4843700e+02   7.1200000e-01
   1.5490400e+02   8.1900000e-01
   1.6082400e+02   7.0800000e-01
   1.6722000e+02   8.0000000e-01
   1.7298600e+02   6.8400000e-01
   1.7937000e+02   7.8600000e-01
