   2.0880000e+00   7.0700000e-01
   8.6420000e+00   9.4100000e-01
   1.5457000e+01   7.0800000e-01
   2.2638000e+01   8.8600000e-01
   2.9190000e+01   9.1500000e-01
   3.6083000e+01   9.2900000e-01
   4.3173000e+01   9.0600000e-01
   4.9526000e+01   8.9000000e-01
   5.5519000e+01   6.6500000e-01
   6.1891000e+01   7.9300000e-01
   6.7724000e+01   7.7900000e-01
   7.4146000e+01   7.2500000e-01
   8.0540000e+01   8.3900000e-01
   8.6441000e+01   8.3800000e-01
   9.3056000e+01   7.5300000e-01
   9.9584000e+01   8.8000000e-01
   1.0587700e+02   7.7800000e-01
   1.1290200e+02   8.4900000e-01
   1.1936300e+02   9.3800000e-01
   1.2563100e+02   7.0100000e-01
   1.3228600e+02   7.9500000e-01
   1.3900500e+02   8.8400000e-01
   1.4580700e+02   7.9400000e-01
   1.5318900e+02   8.8300000e-01
   1.6001400e+02   9.1400000e-01
   1.6660100e+02   9.1200000e-01
   1.7343800e+02   8.0300000e-01
   1.7999100e+02   8.7900000e-01
