   2.5770000e+00   9.1200000e-01
   9.8110000e+00   9.3300000e-01
   1.6924000e+01   8.7800000e-01
   2.4212000e+01   8.6800000e-01
   3.1283000e+01   9.4300000e-01
   3.8287000e+01   8.4000000e-01
   4.5542000e+01   9.0500000e-01
   5.2652000e+01   9.1600000e-01
   5.9634000e+01   8.4400000e-01
   6.6707000e+01   8.8300000e-01
   7.3695000e+01   9.4200000e-01
   8.0890000e+01   8.6800000e-01
   8.8008000e+01   9.0000000e-01
   9.5016000e+01   9.3200000e-01
   1.0213400e+02   8.5000000e-01
   1.0908900e+02   8.8200000e-01
   1.1590300e+02   9.0400000e-01
   1.2293900e+02   8.5900000e-01
   1.2990200e+02   9.1700000e-01
   1.3685000e+02   8.3900000e-01
   1.4384100e+02   8.7000000e-01
   1.5080400e+02   8.9600000e-01
   1.5785000e+02   8.5300000e-01
   1.6474000e+02   8.4600000e-01
   1.7156500e+02   8.9500000e-01
   1.7855700e+02   8.4700000e-01
