   2.3060000e+00   8.8500000e-01
   8.8030000e+00   8.0600000e-01
   1.5481000e+01   7.6700000e-01
   2.2169000e+01   8.4400000e-01
   2.8665000e+01   8.3600000e-01
   3.5174000e+01   8.0000000e-01
   4.1645000e+01   8.2400000e-01
   4.8257000e+01   7.4900000e-01
   5.5046000e+01   8.9100000e-01
   6.1628000e+01   8.8000000e-01
   6.8246000e+01   8.5000000e-01
   7.4724000e+01   8.2500000e-01
   8.1242000e+01   7.5200000e-01
   8.7823000e+01   8.3300000e-01
   9.4187000e+01   8.7300000e-01
   1.0064000e+02   7.9100000e-01
   1.0720100e+02   7.6300000e-01
   1.1381500e+02   7.7400000e-01
   1.2056000e+02   8.6500000e-01
   1.2718800e+02   8.7000000e-01
   1.3371100e+02   8.3200000e-01
   1.4028200e+02   8.4200000e-01
   1.4666700e+02   8.1200000e-01
   1.5317900e+02   8.6700000e-01
   1.5980200e+02   8.6000000e-01
   1.6677800e+02   8.5300000e-01
   1.7361600e+02   8.8400000e-01
   1.7995700e+02   7.9200000e-01
