   2.0940000e+00   8.0200000e-01
   9.8640000e+00   8.8000000e-01
   1.6445000e+01   9.6900000e-01
   2.4146000e+01   7.4800000e-01
   3.1728000e+01   1.0850000e+00
   3.8592000e+01   7.7700000e-01
   4.6676000e+01   8.1400000e-01
   5.3401000e+01   1.1960000e+00
   6.0804000e+01   8.0400000e-01
   6.8356000e+01   9.8900000e-01
   7.4983000e+01   9.8300000e-01
   8.2177000e+01   7.6000000e-01
   8.8252000e+01   9.0200000e-01
   9.5259000e+01   7.6600000e-01
   1.0252000e+02   1.1170000e+00
   1.0962400e+02   7.4700000e-01
   1.1737000e+02   8.2400000e-01
   1.2457300e+02   1.0420000e+00
   1.3139300e+02   8.4100000e-01
   1.3858900e+02   9.6200000e-01
   1.4486700e+02   7.8400000e-01
   1.5265000e+02   8.6300000e-01
   1.5876700e+02   7.8200000e-01
   1.6613400e+02   7.5600000e-01
   1.7310500e+02   1.1660000e+00
   1.7990400e+02   7.6000000e-01
