   2.5070000e+00   6.4600000e-01
   8.0000000e+00   7.5100000e-01
   1.3522000e+01   6.4400000e-01
   1.8925000e+01   7.5400000e-01
   2.4915000e+01   6.7800000e-01
   3.0283000e+01   7.0400000e-01
   3.5910000e+01   6.5700000e-01
   4.1174000e+01   7.0500000e-01
   4.6779000e+01   6.5700000e-01
   5.2109000e+01   7.4000000e-01
   5.7668000e+01   6.6500000e-01
   6.3185000e+01   7.6400000e-01
   6.8873000e+01   6.7700000e-01
   7.4367000e+01   7.5000000e-01
   7.9928000e+01   6.5900000e-01
   8.5345000e+01   7.4900000e-01
   9.0922000e+01   6.5400000e-01
   9.6247000e+01   7.2600000e-01
   1.0170600e+02   6.5600000e-01
   1.0698200e+02   6.9900000e-01
   1.1242900e+02   6.5600000e-01
   1.1765600e+02   6.8200000e-01
   1.2301600e+02   6.3600000e-01
   1.2823200e+02   6.9300000e-01
   1.3364100e+02   6.5300000e-01
   1.3887800e+02   7.1000000e-01
   1.4442000e+02   6.4800000e-01
   1.4960000e+02   6.7200000e-01
   1.5521800e+02   6.5200000e-01
   1.6035300e+02   6.3200000e-01
   1.6595100e+02   6.9900000e-01
   1.7108000e+02   6.5600000e-01
   1.7669800e+02   6.6300000e-01
