   1.4650000e+00   1.0080000e+00
   9.7630000e+00   1.1460000e+00
   1.8126000e+01   1.1590000e+00
   2.6728000e+01   1.0410000e+00
   3.5463000e+01   9.7600000e-01
   4.3435000e+01   9.7900000e-01
   5.2077000e+01   1.1040000e+00
   6.0849000e+01   1.1740000e+00
   6.9419000e+01   1.1520000e+00
   7.7978000e+01   1.1090000e+00
   8.6317000e+01   1.0080000e+00
   9.4874000e+01   9.6200000e-01
   1.0304800e+02   9.3800000e-01
   1.1140800e+02   1.1330000e+00
   1.2001200e+02   1.1540000e+00
   1.2864100e+02   1.1510000e+00
   1.3727400e+02   1.1250000e+00
   1.4589200e+02   1.0210000e+00
   1.5466300e+02   9.8900000e-01
   1.6334400e+02   1.0380000e+00
   1.7161700e+02   9.7800000e-01
   1.7968200e+02   1.1020000e+00
