   2.7950000e+00   1.0570000e+00
   9.5850000e+00   8.7000000e-01
   1.8026000e+01   8.0800000e-01
   2.5406000e+01   1.0690000e+00
   3.2132000e+01   9.5400000e-01
   3.9291000e+01   7.0900000e-01
   4.5992000e+01   9.7400000e-01
   5.2343000e+01   6.9200000e-01
   6.0011000e+01   9.1400000e-01
   6.6552000e+01   1.0220000e+00
   7.3634000e+01   7.2900000e-01
   8.1552000e+01   1.0290000e+00
   8.8688000e+01   1.1140000e+00
   9.6249000e+01   7.7800000e-01
   1.0487000e+02   9.8300000e-01
   1.1232300e+02   1.0820000e+00
   1.1956800e+02   1.1250000e+00
   1.2734900e+02   7.2900000e-01
   1.3551800e+02   1.1100000e+00
   1.4271100e+02   1.1260000e+00
   1.5024700e+02   7.2800000e-01
   1.5816400e+02   1.0010000e+00
   1.6528200e+02   1.0660000e+00
   1.7245200e+02   7.9500000e-01
   1.8044900e+02   8.3800000e-01
