   1.9710000e+00   9.6800000e-01
   1.0694000e+01   1.1330000e+00
   1.9714000e+01   9.9800000e-01
   2.8914000e+01   1.1700000e+00
   3.7527000e+01   1.1650000e+00
   4.5910000e+01   9.8500000e-01
   5.4529000e+01   9.5300000e-01
   6.3063000e+01   1.1550000e+00
   7.1585000e+01   1.1730000e+00
   8.0290000e+01   9.7300000e-01
   8.9252000e+01   1.1150000e+00
   9.8059000e+01   1.1650000e+00
   1.0625800e+02   1.0960000e+00
   1.1492000e+02   9.4000000e-01
   1.2335500e+02   1.1310000e+00
   1.3187000e+02   1.1140000e+00
   1.4054100e+02   9.6700000e-01
   1.4909300e+02   9.7900000e-01
   1.5558300e+02   7.7600000e-01
   1.6239600e+02   8.2400000e-01
   1.6930100e+02   8.9900000e-01
   1.7595800e+02   7.5700000e-01
