   2.1610000e+00   8.0600000e-01
   8.9390000e+00   8.7500000e-01
   1.5834000e+01   9.5700000e-01
   2.3002000e+01   8.1400000e-01
   2.9877000e+01   9.2200000e-01
   3.6594000e+01   7.9600000e-01
   4.3586000e+01   8.9400000e-01
   5.0222000e+01   8.0800000e-01
   5.7199000e+01   8.3600000e-01
   6.3779000e+01   9.0800000e-01
   7.0803000e+01   8.3900000e-01
   7.7649000e+01   8.9400000e-01
   8.4623000e+01   8.1300000e-01
   9.1521000e+01   9.0400000e-01
   9.8522000e+01   8.8800000e-01
   1.0593300e+02   8.7600000e-01
   1.1315500e+02   9.5800000e-01
   1.2033300e+02   8.0500000e-01
   1.2741700e+02   9.0400000e-01
   1.3415800e+02   8.5000000e-01
   1.4129900e+02   8.4100000e-01
   1.4798800e+02   8.9900000e-01
   1.5453400e+02   7.6400000e-01
   1.6118600e+02   9.3100000e-01
   1.6821500e+02   8.5800000e-01
   1.7521900e+02   8.7100000e-01
