   2.5740000e+00   8.8800000e-01
   9.4640000e+00   8.1700000e-01
   1.6395000e+01   9.3000000e-01
   2.3003000e+01   7.6400000e-01
   3.0410000e+01   8.7900000e-01
   3.7308000e+01   9.5300000e-01
   4.4390000e+01   8.2400000e-01
   5.1816000e+01   9.1800000e-01
   5.8850000e+01   9.4700000e-01
   6.5836000e+01   7.7600000e-01
   7.3124000e+01   9.0300000e-01
   7.9963000e+01   9.2400000e-01
   8.6940000e+01   7.8400000e-01
   9.4295000e+01   9.3000000e-01
   1.0114100e+02   9.0300000e-01
   1.0803000e+02   8.0700000e-01
   1.1497000e+02   8.8800000e-01
   1.2145800e+02   8.2100000e-01
   1.2862200e+02   8.3400000e-01
   1.3511300e+02   8.0700000e-01
   1.4185400e+02   7.8200000e-01
   1.4902000e+02   8.9800000e-01
   1.5587300e+02   9.7000000e-01
   1.6303900e+02   8.0600000e-01
   1.7025100e+02   9.3100000e-01
   1.7713100e+02   9.0500000e-01
