   1.9740000e+00   1.1270000e+00
   1.0596000e+01   1.2050000e+00
   1.9346000e+01   1.0630000e+00
   2.8087000e+01   9.5900000e-01
   3.6918000e+01   9.7900000e-01
   4.5561000e+01   1.0450000e+00
   5.4252000e+01   1.1310000e+00
   6.2637000e+01   1.1280000e+00
   7.1051000e+01   1.1270000e+00
   7.9331000e+01   1.0690000e+00
   8.7883000e+01   9.3900000e-01
   9.6336000e+01   9.7100000e-01
   1.0486000e+02   1.0550000e+00
   1.1333300e+02   1.1230000e+00
   1.2171100e+02   1.1120000e+00
   1.2985100e+02   1.0870000e+00
   1.3816700e+02   9.5800000e-01
   1.4700200e+02   1.0050000e+00
   1.5587300e+02   1.0310000e+00
   1.6431900e+02   1.1170000e+00
   1.7297100e+02   1.1280000e+00
