   2.4780000e+00   7.0600000e-01
   8.7990000e+00   7.5200000e-01
   1.4427000e+01   7.4900000e-01
   2.1299000e+01   8.1300000e-01
   2.7090000e+01   8.3300000e-01
   3.4036000e+01   7.2100000e-01
   4.0417000e+01   9.0800000e-01
   4.6875000e+01   7.1700000e-01
   5.3102000e+01   8.1600000e-01
   5.9077000e+01   6.8400000e-01
   6.5373000e+01   8.9800000e-01
   7.1645000e+01   7.0600000e-01
   7.8209000e+01   8.5600000e-01
   8.4332000e+01   6.9100000e-01
   9.0992000e+01   9.2700000e-01
   9.7007000e+01   7.1800000e-01
   1.0435500e+02   8.7900000e-01
   1.1026400e+02   7.8200000e-01
   1.1719300e+02   7.7500000e-01
   1.2328800e+02   9.0600000e-01
   1.2972900e+02   6.7400000e-01
   1.3580000e+02   8.9200000e-01
   1.4196800e+02   6.5200000e-01
   1.4820100e+02   9.0900000e-01
   1.5432900e+02   6.5100000e-01
   1.6023800e+02   8.7700000e-01
   1.6637400e+02   6.6400000e-01
   1.7251800e+02   8.6700000e-01
   1.7860700e+02   6.6900000e-01
