   2.5350000e+00   7.6300000e-01
   9.0950000e+00   7.7100000e-01
   1.5265000e+01   8.6000000e-01
   2.1832000e+01   6.6500000e-01
   2.7831000e+01   8.5100000e-01
   3.4505000e+01   7.4700000e-01
   4.0572000e+01   7.7800000e-01
   4.6719000e+01   6.7500000e-01
   5.2935000e+01   9.3300000e-01
   5.9640000e+01   7.9100000e-01
   6.5945000e+01   8.9300000e-01
   7.2139000e+01   7.2600000e-01
   7.8616000e+01   8.8400000e-01
   8.4347000e+01   7.2700000e-01
   9.0663000e+01   7.8500000e-01
   9.6341000e+01   6.9400000e-01
   1.0268300e+02   7.8700000e-01
   1.0812500e+02   7.2500000e-01
   1.1489700e+02   8.5500000e-01
   1.2084700e+02   7.4300000e-01
   1.2727400e+02   8.2100000e-01
   1.3321700e+02   7.3000000e-01
   1.3950300e+02   7.7700000e-01
   1.4488000e+02   7.0300000e-01
   1.5105800e+02   7.7400000e-01
   1.5687700e+02   7.5300000e-01
   1.6319900e+02   8.1300000e-01
   1.6885300e+02   7.2100000e-01
   1.7540700e+02   8.4700000e-01
