1.0481118
1.0097245
1.0098819
1.0395211
1.0795086
1.1092608
1.1183228
1.1070122
1.0848721
1.0640621
1.0544831
1.0599835
1.0769012
1.0969235
1.1106888
1.1144127
1.1089909
1.0992922999999999
1.0904267
1.0865573
1.089001
1.0956541
1.1024294
1.1049036
1.1022336
1.0954581
1.0870646
1.0786515
1.0718751
1.0673134
1.0644119
1.0619947
1.0588704
1.0560242
1.0545262
1.0552666
1.0574589
1.0610657
1.0660447
1.0728608
1.0821599
1.0956289
1.1164248
1.1452201
1.1803784
1.2161665
1.2485506
1.2719887
1.2824311
1.2780871
1.2616178
1.2397485
1.2190084
1.2044457
1.1961086
1.1944704
1.1954918
1.1942672
1.1861169
1.1704768
1.1507492
1.1313869
1.1167472
1.1080289
1.1072215
1.1118849
1.1179455
1.1202277
1.1169483
1.1090841
1.0988179
1.0888649
1.0805158
1.076693
1.0769305
1.079304
1.0801085
1.0783209
1.0740623
1.0680491
1.061299
1.0544489
1.0502008
1.0490155
1.0504877
1.05234
1.0548571
1.0581881
1.0624774
1.0676257
1.0736938
1.0827934
1.0952379
1.1106953
1.1265906
1.1432186
1.1594854
1.1738533
1.1841945
1.1893361
1.1906174
1.1887134
1.1846792
1.1778523
1.1714001
1.166617
1.1639969
1.1624346
1.1611993
1.1607346
1.1603913
1.159665
1.156489
1.1530824
1.1498797
1.1470893
1.1435441
1.1390742
1.1342432
1.1287705
1.1224506
1.1140741
1.1061886
1.0996575
1.094935
1.0907551
1.0870183
1.0837645
1.0804059
1.0765138
1.0714169
1.0679027
1.0673051
1.0704074
1.075859
1.0835485
1.0928106
1.1024737
1.1116153
1.11992
1.1305427
1.1454514
1.1658985
1.1902253
1.2176476
1.2451881
1.2684865
1.2827882
1.2847179
1.2753458
1.2565989
1.2320789
1.2045297
1.1796234
1.1607929
1.149298
1.1437663
1.1418786
1.1424765
1.1432524
1.1425156
1.1378117
1.1312439
1.1240803
1.1174745
1.1113139
1.1057548
1.1016465
1.0983458
1.0950553
1.0894282
1.0834839
1.0778659
1.073339
1.0694978
1.0667744
1.065862
1.0660577
1.0662267
1.0640495
1.0610821
1.0578495
1.0553446
1.0542925
1.0563165
1.062058
1.0710044
1.0822289
1.094859
1.1095282
1.1255076
1.1414964
1.1550064
1.1646933
1.1688024
1.1663474
1.1582608
1.1478411
1.1404548
1.1393084
1.1447476
1.1531319
1.1598451
1.1593096
1.1484453
1.1288957
1.1075896
1.094245
1.0952855
1.1108638
1.1330468
1.1502892
1.1501981
1.1267681
1.0847877
1.0404576
1.015357
1.0257264
1.074027
1.1436646
1.2036187
1.2151457
