1.703
1.545
1.737
1.524
1.656
1.529
1.57
1.541
1.57
1.594
1.608
1.625
1.61
1.617
1.604
1.569
1.572
1.561
1.586
1.588
1.617
1.586
1.631
1.557
1.615
1.541
1.569
1.549
1.608
1.567
1.688
1.537
1.662
1.541
1.701
1.539
1.781
1.533
1.74
1.539
1.633
1.569
1.668
1.553
1.744
1.545
1.789
1.535
1.715
1.516
1.645
1.551
1.711
1.533
1.711
1.531
1.596
1.559
1.619
1.576
1.66
1.545
1.641
1.594
1.725
1.563
1.783
1.545
1.635
1.549
1.637
1.549
1.711
1.537
1.594
1.547
1.617
1.563
1.635
1.572
1.67
1.545
1.668
1.531
1.631
1.529
1.578
1.547
1.623
1.572
1.69
1.549
1.725
1.537
1.619
1.531
1.584
1.565
1.717
1.555
1.727
1.539
1.656
1.572
1.696
1.545
1.692
1.528
1.588
1.553
1.604
1.545
1.633
1.539
1.633
1.531
1.612
1.539
1.6
1.533
1.584
1.565
1.68
1.555
1.82
1.561
1.75
1.518
1.6
1.572
1.633
1.563
1.688
1.522
1.567
1.522
1.68
1.553
1.744
1.539
1.701
1.533
1.621
1.565
1.619
1.545
1.596
1.539
1.615
1.524
1.594
1.547
1.658
1.535
1.713
1.533
1.713
1.537
1.696
1.524
1.662
1.526
1.653
1.545
1.721
1.557
1.735
1.555
1.658
1.531
1.553
1.563
1.625
1.594
1.688
1.557
1.656
1.561
1.658
1.541
1.59
1.518
1.524
1.553
1.57
1.572
1.602
1.592
1.612
1.578
1.639
1.572
1.647
1.549
1.701
1.549
1.74
1.555
1.735
1.549
1.711
1.516
1.596
1.613
1.697
1.584
1.737
1.561
1.713
1.563
1.717
1.549
1.67
1.549
1.647
1.531
1.594
1.602
1.643
1.584
1.721
1.561
1.617
1.541
1.592
1.58
1.633
1.6
1.664
1.565
1.672
1.524
1.576
1.537
1.582
1.569
1.684
1.561
1.733
1.541
1.711
1.553
1.729
1.553
1.703
1.524
1.596
1.537
1.57
1.57
1.604
1.57
1.643
1.569
1.654
1.565
1.67
1.545
1.658
1.522
1.59
1.537
1.563
1.582
1.604
1.604
1.602
1.588
1.619
1.612
1.635
1.604
1.639
1.563
1.588
1.58
1.612
1.592
1.654
1.561
1.662
1.559
1.686
1.555
1.742
1.549
1.68
1.551
1.682
1.52
1.582
1.578
1.656
1.58
1.719
1.539
1.592
1.578
1.596
1.594
1.586
1.545
1.555
1.586
1.572
1.617
1.547
1.569
1.572
1.584
1.576
1.574
1.555
1.557
1.574
1.57
1.58
1.578
1.588
1.582
1.596
1.57
1.615
1.547
1.545
1.529
1.576
1.57
1.631
1.561
1.658
1.529
1.606
1.555
1.586
1.555
1.592
1.539
1.58
1.563
1.625
1.526
1.567
1.565
1.584
1.586
1.586
1.586
1.551
1.543
1.547
1.549
1.555
1.557
1.561
1.549
1.551
1.557
1.557
1.557
