1.553
1.553
1.584
1.568
1.609
1.551
1.568
1.521
1.545
1.559
1.578
1.6
1.594
1.59
1.584
1.553
1.574
1.555
1.576
1.547
1.543
1.523
1.537
1.582
1.576
1.654
1.543
1.67
1.518
1.613
1.516
1.521
1.512
1.539
1.551
1.615
1.59
1.703
1.57
1.699
1.508
1.559
1.529
1.56
1.584
1.602
1.605
1.607
1.582
1.578
1.531
1.529
1.521
1.543
1.56
1.637
1.679
1.673
1.637
1.59
1.566
1.6
1.584
1.648
1.56
1.629
1.521
1.562
1.568
1.596
1.602
1.643
1.564
1.662
1.774
1.82
1.788
1.664
1.514
1.551
1.553
1.656
1.733
1.753
1.74
1.719
1.699
1.67
1.627
1.605
1.6
1.521
1.631
1.719
1.739
1.725
1.703
1.674
1.662
1.662
1.654
1.648
1.644
1.625
1.629
1.631
1.652
1.658
1.668
1.674
1.682
1.67
1.648
1.623
1.631
1.639
1.654
1.654
1.644
1.646
1.662
1.68
1.691
1.687
1.693
1.684
1.672
1.644
1.625
1.629
1.623
1.606
1.586
1.568
1.56
1.57
1.598
1.613
1.641
1.596
1.627
1.578
1.588
1.531
1.521
1.527
1.555
1.574
1.592
1.584
1.594
1.578
1.592
1.555
1.564
1.535
1.545
1.57
1.607
1.607
1.668
1.584
1.654
1.553
1.584
1.516
1.521
1.543
1.555
1.568
1.611
1.557
1.637
1.537
1.586
1.537
1.588
1.578
1.617
1.574
1.596
1.533
1.541
1.572
1.58
1.613
1.576
1.639
1.56
1.605
1.523
1.551
1.562
1.613
1.592
1.68
1.56
1.717
1.529
1.646
1.519
1.547
1.553
1.584
1.582
1.637
1.609
1.643
1.59
1.619
1.539
1.545
1.527
1.547
1.625
1.613
1.67
1.584
1.674
1.557
1.641
1.545
1.623
1.529
1.568
1.514
1.504
1.523
1.67
1.551
1.687
1.553
1.725
1.535
1.633
1.527
1.562
1.555
1.598
1.6
1.631
1.613
1.664
1.576
1.646
1.553
1.613
1.537
1.545
1.555
1.59
1.615
1.615
1.646
1.594
1.596
1.564
1.584
1.574
1.609
1.592
1.615
1.574
1.617
1.535
1.56
1.514
1.514
1.529
1.57
1.582
1.662
1.562
1.715
1.531
1.605
1.539
1.582
1.545
1.59
1.535
1.572
1.553
1.586
1.58
1.65
1.56
1.67
1.527
1.592
1.539
1.584
1.568
1.605
1.57
1.584
1.551
1.578
1.529
1.559
1.529
1.568
1.553
1.584
1.529
1.539
1.56
1.59
1.57
1.646
1.551
1.67
1.521
1.623
1.521
1.592
1.508
1.559
1.516
1.559
1.539
1.598
1.537
1.572
1.535
1.545
1.574
1.555
1.621
1.562
1.629
1.541
1.564
1.508
1.496
1.523
1.545
1.578
1.596
1.602
1.59
1.607
1.553
1.586
1.537
1.537
1.535
1.555
1.559
1.586
1.574
1.617
1.574
1.598
1.557
1.584
1.545
1.545
1.527
1.514
1.514
