-0.975772082084703
-0.347711303030795
-0.248079463009807
0.754848187007786
0.0739777681922534
-0.20427007918747
-0.898296374578405
0.338175247238554
0.238079461793366
-0.250244756575029
0.459489711301252
-1.0447775208644
1.68429197195035
-2.15162324204112
0.743694103223115
0.851348291717411
-0.851076248604935
0.157168694572288
0.510511835650297
-0.594237115373232
0.0631789440032664
0.675246004203536
-1.23686597639155
0.702101375385953
0.653650157547309
-0.0889280267352043
0.339840471825333
-1.30873497847029
1.27233706616484
-1.82782387490993
1.75554709354956
-0.118917169245586
0.279226564006943
0.238808128598487
-1.4903262369181
-0.495829024075122
-0.0776119362874029
1.8771049115538
-0.224279061120029
0.174361382367125
-0.682911766256769
-0.109166772545511
0.939623771521044
-1.18320883018371
2.22167841921621
-1.59936580028587
0.0586902412577157
0.787250991027621
-1.9499041953895
1.13854602036629
-0.169913843088888
-0.18327983541734
0.332892814065388
0.424232426261272
0.520836303345514
-0.661242146391777
-0.00457704558678538
0.752219479123569
-0.905623462587844
-0.409130166619269
-0.09392506370858
-0.355510160422272
1.34217573156836
0.238270717264891
-0.555173435137064
-0.98558399069025
0.621537204123007
1.95031649306051
-0.682508271759734
-0.0302249531320428
-1.60481187048415
1.3198646149504
-0.528732529397308
1.37020937582828
-1.40923446608191
0.816764596200255
-1.18364725470199
1.65096352838809
-0.961728981679362
0.288991834548446
-0.63508920037054
0.954344201975455
0.429111044757691
-0.790557614848857
0.127627576756972
-0.825865297059892
0.814835104833832
0.750248455201881
-0.87936737164332
-1.1195390926897
0.458125333877294
0.715625196675192
0.515680681400964
-0.886062881033912
-1.13501324162195
1.35265896482216
-0.205552123004718
-0.702625810686221
1.59558724238342
-1.22421884360591
0.282211560249332
0.0200278483005997
0.842530394954356
-1.13976872913131
-0.344211730339659
2.88104240755476
-2.42619153313999
0.991394240108947
-0.157612300064844
-0.420308260520035
-0.639894291212632
-0.0839289766724745
2.24096654631742
-1.75316901813155
0.933866627198746
-1.45328698628092
1.80256857335254
-0.182743914803421
-0.528930851544832
0.547202143641756
-0.583788969375014
1.06623836987587
-0.218182298163213
-0.992860662594044
0.0736348613811372
