 ECG_BT_a_0_1_hrv.tex
 Series length:          360
 Lag:                      2
      	   Corr.  	 Corr.mod 	 Corr.Gaus	    D     
 ------------------------------------------------------------------
      	 0.5870674	 0.3503355	 0.3116394	 0.0014974
 ==================================================================
                        SURROGATED SIGNALS                         	 D<Dgauss 	  Counts  
 ==================================================================	==========	==========
     1	 0.5871161	 0.3230799	 0.3116930	 0.0001297	    no    	     0
     2	 0.5918487	 0.3199299	 0.3169199	 0.0000091	    no    	     0
     3	 0.5909854	 0.3030901	 0.3159628	 0.0001657	    no    	     0
     4	 0.5924655	 0.2305646	 0.3176047	 0.0075760	   yes    	     1
     5	 0.5927275	 0.3359716	 0.3178958	 0.0003267	    no    	     1
     6	 0.5918481	 0.3170752	 0.3169192	 0.0000000	    no    	     1
     7	 0.5948918	 0.3070600	 0.3203066	 0.0001755	    no    	     1
     8	 0.5957370	 0.3549538	 0.3212508	 0.0011359	    no    	     1
     9	 0.5836652	 0.3502178	 0.3079122	 0.0017898	   yes    	     2
    10	 0.5811076	 0.2413163	 0.3051267	 0.0040718	   yes    	     3
    11	 0.5866120	 0.3468902	 0.3111390	 0.0012781	    no    	     3
    12	 0.5919823	 0.3996033	 0.3170682	 0.0068120	   yes    	     4
    13	 0.5962739	 0.2712372	 0.3218514	 0.0025618	   yes    	     5
    14	 0.5914484	 0.3308169	 0.3164759	 0.0002057	    no    	     5
    15	 0.5920435	 0.3503278	 0.3171361	 0.0011017	    no    	     5
    16	 0.5929557	 0.3829243	 0.3181496	 0.0041958	   yes    	     6
    17	 0.5820488	 0.2910196	 0.3061501	 0.0002289	    no    	     6
    18	 0.5850701	 0.2509883	 0.3094483	 0.0034176	   yes    	     7
    19	 0.5926951	 0.3137200	 0.3178598	 0.0000171	    no    	     7
    20	 0.5932436	 0.3220625	 0.3184698	 0.0000129	    no    	     7
    21	 0.5941337	 0.2522176	 0.3194610	 0.0045217	   yes    	     8
    22	 0.5847586	 0.3060855	 0.3091073	 0.0000091	    no    	     8
    23	 0.5930686	 0.3458663	 0.3182752	 0.0007613	    no    	     8
    24	 0.5897513	 0.2897173	 0.3145974	 0.0006190	    no    	     8
    25	 0.5799546	 0.2843493	 0.3038755	 0.0003813	    no    	     8
    26	 0.5923342	 0.2470667	 0.3174589	 0.0049551	   yes    	     9
    27	 0.5937725	 0.3445775	 0.3190585	 0.0006512	    no    	     9
    28	 0.5817863	 0.2643091	 0.3058645	 0.0017269	   yes    	    10
    29	 0.5791591	 0.3227228	 0.3030139	 0.0003884	    no    	    10
    30	 0.5912638	 0.2420355	 0.3162713	 0.0055110	   yes    	    11
    31	 0.5942188	 0.3764309	 0.3195559	 0.0032348	   yes    	    12
    32	 0.5906965	 0.2383365	 0.3156428	 0.0059763	   yes    	    13
    33	 0.5905476	 0.3257308	 0.3154781	 0.0001051	    no    	    13
    34	 0.5902326	 0.2765502	 0.3151295	 0.0014884	    no    	    13
    35	 0.5928567	 0.2772577	 0.3180395	 0.0016632	   yes    	    14
    36	 0.5946022	 0.2677662	 0.3199834	 0.0027266	   yes    	    15
    37	 0.5845225	 0.3195905	 0.3088490	 0.0001154	    no    	    15
    38	 0.5928497	 0.2950878	 0.3180317	 0.0005264	    no    	    15
    39	 0.5909019	 0.3178719	 0.3158703	 0.0000040	    no    	    15
    40	 0.5969532	 0.2397095	 0.3226122	 0.0068729	   yes    	    16
    41	 0.5882271	 0.3295331	 0.3129157	 0.0002761	    no    	    16
    42	 0.5916086	 0.2732134	 0.3166535	 0.0018870	   yes    	    17
    43	 0.5940177	 0.3195093	 0.3193317	 0.0000000	    no    	    17
    44	 0.5961300	 0.2943967	 0.3216904	 0.0007449	    no    	    17
    45	 0.5929955	 0.3547805	 0.3181938	 0.0013386	    no    	    17
    46	 0.5880534	 0.3020804	 0.3127243	 0.0001133	    no    	    17
    47	 0.5917076	 0.3499988	 0.3167634	 0.0011046	    no    	    17
    48	 0.5926103	 0.1873045	 0.3177656	 0.0170201	   yes    	    18
    49	 0.5899946	 0.2842050	 0.3148664	 0.0009401	    no    	    18
    50	 0.5930451	 0.3418507	 0.3182490	 0.0005570	    no    	    18
    51	 0.5876809	 0.2752926	 0.3123142	 0.0013706	    no    	    18
    52	 0.5880297	 0.3033974	 0.3126982	 0.0000865	    no    	    18
    53	 0.5905377	 0.2663253	 0.3154671	 0.0024149	   yes    	    19
    54	 0.5910440	 0.2518374	 0.3160277	 0.0041204	   yes    	    20
    55	 0.5926557	 0.2766959	 0.3178160	 0.0016909	   yes    	    21
    56	 0.5943411	 0.2953202	 0.3196922	 0.0005940	    no    	    21
    57	 0.5896972	 0.2916785	 0.3145376	 0.0005225	    no    	    21
    58	 0.5885933	 0.3220458	 0.3133192	 0.0000762	    no    	    21
    59	 0.5891062	 0.3163673	 0.3138850	 0.0000062	    no    	    21
    60	 0.5922981	 0.2505112	 0.3174188	 0.0044766	   yes    	    22
    61	 0.5925375	 0.3080763	 0.3176847	 0.0000923	    no    	    22
    62	 0.5900949	 0.2913425	 0.3149772	 0.0005586	    no    	    22
    63	 0.5911668	 0.2105638	 0.3161638	 0.0111513	   yes    	    23
    64	 0.5934759	 0.3253770	 0.3187283	 0.0000442	    no    	    23
    65	 0.5936095	 0.3423887	 0.3188770	 0.0005528	    no    	    23
    66	 0.5929999	 0.2992967	 0.3181987	 0.0003573	    no    	    23
    67	 0.5920570	 0.2876995	 0.3171511	 0.0008674	    no    	    23
    68	 0.5927688	 0.2979195	 0.3179418	 0.0004009	    no    	    23
    69	 0.5823694	 0.2383057	 0.3064991	 0.0046503	   yes    	    24
    70	 0.5824924	 0.3607715	 0.3066331	 0.0029310	   yes    	    25
    71	 0.5912232	 0.3982632	 0.3162263	 0.0067301	   yes    	    26
    72	 0.5918163	 0.3407298	 0.3168840	 0.0005686	    no    	    26
    73	 0.5869566	 0.2666144	 0.3115176	 0.0020163	   yes    	    27
    74	 0.5923406	 0.3116741	 0.3174660	 0.0000335	    no    	    27
    75	 0.5925230	 0.2099132	 0.3176686	 0.0116112	   yes    	    28
    76	 0.5931628	 0.2780120	 0.3183799	 0.0016296	   yes    	    29
    77	 0.5913062	 0.2964393	 0.3163183	 0.0003952	    no    	    29
    78	 0.5918549	 0.2728648	 0.3169268	 0.0019415	   yes    	    30
    79	 0.5930849	 0.2912203	 0.3182932	 0.0007329	    no    	    30
    80	 0.5850316	 0.2922271	 0.3094061	 0.0002951	    no    	    30
    81	 0.5854316	 0.1902355	 0.3098442	 0.0143062	   yes    	    31
    82	 0.5883650	 0.3287927	 0.3130676	 0.0002473	    no    	    31
    83	 0.5909037	 0.3044358	 0.3158724	 0.0001308	    no    	    31
    84	 0.5924237	 0.3066910	 0.3175582	 0.0001181	    no    	    31
    85	 0.5929496	 0.2458423	 0.3181428	 0.0052274	   yes    	    32
    86	 0.5949645	 0.3035551	 0.3203877	 0.0002833	    no    	    32
    87	 0.5859855	 0.3195174	 0.3104514	 0.0000822	    no    	    32
    88	 0.5800067	 0.2727799	 0.3039320	 0.0009705	    no    	    32
    89	 0.5897242	 0.4116443	 0.3145675	 0.0094239	   yes    	    33
    90	 0.5929687	 0.3095486	 0.3181640	 0.0000742	    no    	    33
    91	 0.5898060	 0.3016427	 0.3146579	 0.0001694	    no    	    33
    92	 0.5920392	 0.3176665	 0.3171313	 0.0000003	    no    	    33
    93	 0.5930201	 0.3121670	 0.3182212	 0.0000367	    no    	    33
    94	 0.5799916	 0.3204108	 0.3039156	 0.0002721	    no    	    33
    95	 0.5854358	 0.2554743	 0.3098489	 0.0029566	   yes    	    34
    96	 0.5900072	 0.2899105	 0.3148802	 0.0006235	    no    	    34
    97	 0.5819088	 0.2041344	 0.3059977	 0.0103761	   yes    	    35
    98	 0.5873354	 0.2447576	 0.3119341	 0.0045127	   yes    	    36
    99	 0.5937761	 0.2823084	 0.3190625	 0.0013509	    no    	    36
   100	 0.5929677	 0.2963212	 0.3181629	 0.0004771	    no    	    36
 ==================================================================	==========	==========
D =  0.0014974
p =  0.3600000
count =     36
nexp. =    100
 
