 ECG_BT_a_0_7_hrv.tex
 Series length:          360
 Lag:                      8
      	   Corr.  	 Corr.mod 	 Corr.Gaus	    D     
 ------------------------------------------------------------------
      	 0.5569291	 0.1002462	 0.2794850	 0.0321266
 ==================================================================
                        SURROGATED SIGNALS                         	 D<Dgauss 	  Counts  
 ==================================================================	==========	==========
     1	 0.5564268	 0.1330076	 0.2789655	 0.0213037	    no    	     0
     2	 0.5419561	 0.0944572	 0.2642259	 0.0288214	    no    	     0
     3	 0.5586277	 0.0944338	 0.2812459	 0.0348988	   yes    	     1
     4	 0.5570299	 0.0940370	 0.2795893	 0.0344297	   yes    	     2
     5	 0.5504779	 0.0986513	 0.2728529	 0.0303462	    no    	     2
     6	 0.5507180	 0.1372705	 0.2730982	 0.0184492	    no    	     2
     7	 0.5460985	 0.1669908	 0.2684005	 0.0102839	    no    	     2
     8	 0.5350879	 0.0969564	 0.2573831	 0.0257367	    no    	     2
     9	 0.5592657	 0.0894571	 0.2819088	 0.0370377	   yes    	     3
    10	 0.5482712	 0.1538040	 0.2706044	 0.0136423	    no    	     3
    11	 0.5355047	 0.1551297	 0.2577955	 0.0105403	    no    	     3
    12	 0.5530301	 0.0796794	 0.2754662	 0.0383325	   yes    	     4
    13	 0.5509513	 0.0572504	 0.2733366	 0.0466932	   yes    	     5
    14	 0.5290306	 0.1488474	 0.2514295	 0.0105231	    no    	     5
    15	 0.5610557	 0.1368257	 0.2837734	 0.0215936	    no    	     5
    16	 0.5513216	 0.1123593	 0.2737153	 0.0260358	    no    	     5
    17	 0.5302254	 0.0403862	 0.2525977	 0.0450337	   yes    	     6
    18	 0.5624659	 0.1013332	 0.2852471	 0.0338243	   yes    	     7
    19	 0.5442586	 0.0503366	 0.2665418	 0.0467447	   yes    	     8
    20	 0.5192256	 0.0981397	 0.2419525	 0.0206821	    no    	     8
    21	 0.5513716	 0.1308922	 0.2737665	 0.0204131	    no    	     8
    22	 0.5542173	 0.1071308	 0.2766866	 0.0287492	    no    	     8
    23	 0.5050025	 0.1083297	 0.2285554	 0.0144542	    no    	     8
    24	 0.5446291	 0.1322700	 0.2669156	 0.0181294	    no    	     8
    25	 0.5611928	 0.0545014	 0.2839165	 0.0526313	   yes    	     9
    26	 0.5571694	 0.1286650	 0.2797338	 0.0228218	    no    	     9
    27	 0.5596961	 0.1308091	 0.2823566	 0.0229666	    no    	     9
    28	 0.5404489	 0.1161871	 0.2627159	 0.0214707	    no    	     9
    29	 0.5375818	 0.0946532	 0.2598565	 0.0272921	    no    	     9
    30	 0.5617789	 0.1177108	 0.2845287	 0.0278282	    no    	     9
    31	 0.5440547	 0.1228284	 0.2663363	 0.0205945	    no    	     9
    32	 0.5578042	 0.1004243	 0.2803914	 0.0323882	   yes    	    10
    33	 0.5486941	 0.1338591	 0.2710345	 0.0188171	    no    	    10
    34	 0.5602091	 0.0454616	 0.2828906	 0.0563725	   yes    	    11
    35	 0.5625665	 0.1510873	 0.2853524	 0.0180271	    no    	    11
    36	 0.5449331	 0.0985714	 0.2672223	 0.0284431	    no    	    11
    37	 0.5499465	 0.1537104	 0.2723105	 0.0140660	    no    	    11
    38	 0.5558379	 0.0342836	 0.2783571	 0.0595719	   yes    	    12
    39	 0.5587598	 0.0997890	 0.2813831	 0.0329764	   yes    	    13
    40	 0.5559569	 0.0498368	 0.2784799	 0.0522777	   yes    	    14
    41	 0.5589481	 0.0818333	 0.2815787	 0.0398983	   yes    	    15
    42	 0.5427466	 0.0944893	 0.2650197	 0.0290806	    no    	    15
    43	 0.5536253	 0.1401694	 0.2760777	 0.0184711	    no    	    15
    44	 0.5559386	 0.1115291	 0.2784611	 0.0278663	    no    	    15
    45	 0.5533212	 0.1316155	 0.2757652	 0.0207791	    no    	    15
    46	 0.5408038	 0.1471557	 0.2630710	 0.0134364	    no    	    15
    47	 0.5513788	 0.1087995	 0.2737739	 0.0272165	    no    	    15
    48	 0.5463013	 0.0936076	 0.2686058	 0.0306244	    no    	    15
    49	 0.5573590	 0.1099787	 0.2799302	 0.0288835	    no    	    15
    50	 0.5421453	 0.1395395	 0.2644158	 0.0155941	    no    	    15
    51	 0.5549240	 0.1637672	 0.2774143	 0.0129157	    no    	    15
    52	 0.5589953	 0.0758498	 0.2816277	 0.0423445	   yes    	    16
    53	 0.5530563	 0.1775649	 0.2754931	 0.0095899	    no    	    16
    54	 0.5412739	 0.1575341	 0.2635418	 0.0112376	    no    	    16
    55	 0.5500908	 0.0884295	 0.2724577	 0.0338664	   yes    	    17
    56	 0.5469685	 0.0929323	 0.2692818	 0.0310991	    no    	    17
    57	 0.5379518	 0.0927658	 0.2602245	 0.0280424	    no    	    17
    58	 0.5599434	 0.0229299	 0.2826139	 0.0674358	   yes    	    18
    59	 0.5359112	 0.0933672	 0.2581981	 0.0271692	    no    	    18
    60	 0.5316929	 0.2199139	 0.2540369	 0.0011644	    no    	    18
    61	 0.5405786	 0.1016580	 0.2628457	 0.0259815	    no    	    18
    62	 0.5572957	 0.0589024	 0.2798646	 0.0488243	   yes    	    19
    63	 0.5631872	 0.1226108	 0.2860026	 0.0266969	    no    	    19
    64	 0.5427064	 0.1060972	 0.2649793	 0.0252435	    no    	    19
    65	 0.5299338	 0.0834365	 0.2523123	 0.0285191	    no    	    19
    66	 0.5562596	 0.1350440	 0.2787927	 0.0206637	    no    	    19
    67	 0.5444835	 0.1033531	 0.2667687	 0.0267047	    no    	    19
    68	 0.5351440	 0.1741062	 0.2574386	 0.0069443	    no    	    19
    69	 0.5547862	 0.1264883	 0.2772723	 0.0227358	    no    	    19
    70	 0.5412072	 0.0899143	 0.2634750	 0.0301233	    no    	    19
    71	 0.5460087	 0.0991580	 0.2683096	 0.0286122	    no    	    19
    72	 0.5466461	 0.1933054	 0.2689550	 0.0057229	    no    	    19
    73	 0.5428652	 0.1115018	 0.2651390	 0.0236044	    no    	    19
    74	 0.5542957	 0.1755854	 0.2767672	 0.0102378	    no    	    19
    75	 0.5500036	 0.1274130	 0.2723688	 0.0210122	    no    	    19
    76	 0.5438132	 0.1357691	 0.2660930	 0.0169843	    no    	    19
    77	 0.5461525	 0.0878759	 0.2684551	 0.0326088	   yes    	    20
    78	 0.5563667	 0.1249485	 0.2789034	 0.0237021	    no    	    20
    79	 0.5416131	 0.1021737	 0.2638818	 0.0261495	    no    	    20
    80	 0.5568593	 0.1240157	 0.2794128	 0.0241483	    no    	    20
    81	 0.5574405	 0.0777457	 0.2800145	 0.0409127	   yes    	    21
    82	 0.5577770	 0.0273700	 0.2803632	 0.0640056	   yes    	    22
    83	 0.5421363	 0.0559282	 0.2644068	 0.0434633	   yes    	    23
    84	 0.5237728	 0.0957325	 0.2463230	 0.0226775	    no    	    23
    85	 0.5585424	 0.1082030	 0.2811573	 0.0299132	    no    	    23
    86	 0.5548368	 0.0205301	 0.2773244	 0.0659433	   yes    	    24
    87	 0.5519729	 0.1258774	 0.2743820	 0.0220536	    no    	    24
    88	 0.5399297	 0.0943010	 0.2621967	 0.0281890	    no    	    24
    89	 0.5685347	 0.0862044	 0.2916375	 0.0422027	   yes    	    25
    90	 0.5572929	 0.1548843	 0.2798617	 0.0156193	    no    	    25
    91	 0.5620554	 0.0712806	 0.2848178	 0.0455981	   yes    	    26
    92	 0.5576054	 0.1014243	 0.2801854	 0.0319555	    no    	    26
    93	 0.5417840	 0.0649141	 0.2640532	 0.0396564	   yes    	    27
    94	 0.5238664	 0.0692189	 0.2464134	 0.0313979	    no    	    27
    95	 0.5484873	 0.1070993	 0.2708241	 0.0268058	    no    	    27
    96	 0.5356358	 0.0933049	 0.2579254	 0.0270999	    no    	    27
    97	 0.5581068	 0.1452258	 0.2807052	 0.0183547	    no    	    27
    98	 0.5604563	 0.0981630	 0.2831483	 0.0342195	   yes    	    28
    99	 0.5599259	 0.1344844	 0.2825957	 0.0219370	    no    	    28
   100	 0.5241352	 0.1517371	 0.2466731	 0.0090128	    no    	    28
 ==================================================================	==========	==========
D =  0.0321266
p =  0.2800000
count =     28
nexp. =    100
 
