 ECG_BQ_b_80_8_hrv.tex
 Series length:          384
 Lag:                      3
      	   Corr.  	 Corr.mod 	 Corr.Gaus	    D     
 ------------------------------------------------------------------
      	 0.6327993	 0.4062329	 0.3642045	 0.0017664
 ==================================================================
                        SURROGATED SIGNALS                         	 D<Dgauss 	  Counts  
 ==================================================================	==========	==========
     1	 0.6213264	 0.3055596	 0.3505811	 0.0020269	   yes    	     1
     2	 0.6182158	 0.3121141	 0.3469384	 0.0012127	    no    	     1
     3	 0.6162562	 0.3143846	 0.3446545	 0.0009163	    no    	     1
     4	 0.6128899	 0.2415638	 0.3407513	 0.0098382	   yes    	     2
     5	 0.6096531	 0.2849091	 0.3370219	 0.0027157	   yes    	     3
     6	 0.6195804	 0.2836259	 0.3485337	 0.0042130	   yes    	     4
     7	 0.6236565	 0.2047274	 0.3533241	 0.0220810	   yes    	     5
     8	 0.6116841	 0.3025024	 0.3393592	 0.0013584	    no    	     5
     9	 0.6169597	 0.3752786	 0.3454735	 0.0008883	    no    	     5
    10	 0.6212548	 0.2932019	 0.3504970	 0.0032827	   yes    	     6
    11	 0.6132111	 0.3656625	 0.3411226	 0.0006022	    no    	     6
    12	 0.6237066	 0.3179700	 0.3533832	 0.0012541	    no    	     6
    13	 0.6236480	 0.2931244	 0.3533140	 0.0036228	   yes    	     7
    14	 0.6239306	 0.3984700	 0.3536475	 0.0020091	   yes    	     8
    15	 0.6160786	 0.3520623	 0.3444481	 0.0000580	    no    	     8
    16	 0.6191374	 0.3395260	 0.3480154	 0.0000721	    no    	     8
    17	 0.6170785	 0.2992797	 0.3456119	 0.0021467	   yes    	     9
    18	 0.6199387	 0.3681914	 0.3489534	 0.0003701	    no    	     9
    19	 0.5987086	 0.2873703	 0.3245828	 0.0013848	    no    	     9
    20	 0.6235944	 0.3481354	 0.3532508	 0.0000262	    no    	     9
    21	 0.6250720	 0.2813546	 0.3549963	 0.0054231	   yes    	    10
    22	 0.6228517	 0.2284484	 0.3523753	 0.0153579	   yes    	    11
    23	 0.6127636	 0.2690161	 0.3406053	 0.0051250	   yes    	    12
    24	 0.6134539	 0.3211727	 0.3414035	 0.0004093	    no    	    12
    25	 0.6205213	 0.3847229	 0.3496362	 0.0012311	    no    	    12
    26	 0.6201025	 0.2564501	 0.3491453	 0.0085924	   yes    	    13
    27	 0.6248984	 0.3267804	 0.3547910	 0.0007846	    no    	    13
    28	 0.6192649	 0.3043005	 0.3481645	 0.0019241	   yes    	    14
    29	 0.6217210	 0.2878079	 0.3510448	 0.0039989	   yes    	    15
    30	 0.6153399	 0.3522962	 0.3435896	 0.0000758	    no    	    15
    31	 0.6226653	 0.2897029	 0.3521557	 0.0039004	   yes    	    16
    32	 0.6123821	 0.2352677	 0.3401646	 0.0110034	   yes    	    17
    33	 0.6149328	 0.3427204	 0.3431171	 0.0000002	    no    	    17
    34	 0.6085993	 0.2591312	 0.3358128	 0.0058801	   yes    	    18
    35	 0.6246108	 0.3040368	 0.3544509	 0.0025416	   yes    	    19
    36	 0.6006638	 0.3459964	 0.3267858	 0.0003690	    no    	    19
    37	 0.6085606	 0.3643403	 0.3357684	 0.0008164	    no    	    19
    38	 0.6205979	 0.3056077	 0.3497261	 0.0019464	   yes    	    20
    39	 0.6193618	 0.3288554	 0.3482779	 0.0003772	    no    	    20
    40	 0.5954477	 0.2466699	 0.3209274	 0.0055142	   yes    	    21
    41	 0.6170428	 0.4137881	 0.3455703	 0.0046537	   yes    	    22
    42	 0.6229665	 0.3492859	 0.3525105	 0.0000104	    no    	    22
    43	 0.6199638	 0.3539667	 0.3489827	 0.0000248	    no    	    22
    44	 0.6230267	 0.3157885	 0.3525814	 0.0013537	    no    	    22
    45	 0.5909738	 0.3195288	 0.3159499	 0.0000128	    no    	    22
    46	 0.6171448	 0.2334078	 0.3456891	 0.0126071	   yes    	    23
    47	 0.6203741	 0.3616043	 0.3494636	 0.0001474	    no    	    23
    48	 0.6209381	 0.3031489	 0.3501252	 0.0022068	   yes    	    24
    49	 0.6232709	 0.3938714	 0.3528693	 0.0016812	    no    	    24
    50	 0.6216312	 0.3132386	 0.3509392	 0.0014213	    no    	    24
    51	 0.6232591	 0.3158122	 0.3528554	 0.0013722	    no    	    24
    52	 0.6232949	 0.2967432	 0.3528976	 0.0031533	   yes    	    25
    53	 0.6223316	 0.2960048	 0.3517630	 0.0031090	   yes    	    26
    54	 0.5998816	 0.3996438	 0.3259034	 0.0054376	   yes    	    27
    55	 0.6199291	 0.2921011	 0.3489422	 0.0032309	   yes    	    28
    56	 0.6197368	 0.3149594	 0.3487169	 0.0011396	    no    	    28
    57	 0.6037922	 0.3311587	 0.3303279	 0.0000007	    no    	    28
    58	 0.6240134	 0.2970758	 0.3537453	 0.0032114	   yes    	    29
    59	 0.6191602	 0.2752757	 0.3480421	 0.0052950	   yes    	    30
    60	 0.6230038	 0.2618021	 0.3525545	 0.0082360	   yes    	    31
    61	 0.6179460	 0.2958870	 0.3466234	 0.0025742	   yes    	    32
    62	 0.6177562	 0.3831422	 0.3464019	 0.0013498	    no    	    32
    63	 0.6214882	 0.2863846	 0.3507712	 0.0041456	   yes    	    33
    64	 0.6226695	 0.2309960	 0.3521608	 0.0146809	   yes    	    34
    65	 0.6202386	 0.3619894	 0.3493048	 0.0001609	    no    	    34
    66	 0.6118144	 0.2795168	 0.3395095	 0.0035991	   yes    	    35
    67	 0.6236571	 0.3465562	 0.3533248	 0.0000458	    no    	    35
    68	 0.6232143	 0.3243494	 0.3528026	 0.0008096	    no    	    35
    69	 0.6236141	 0.2710973	 0.3532741	 0.0067530	   yes    	    36
    70	 0.6131330	 0.3300090	 0.3410324	 0.0001215	    no    	    36
    71	 0.6240030	 0.2478168	 0.3537329	 0.0112182	   yes    	    37
    72	 0.6142128	 0.3250958	 0.3422823	 0.0002954	    no    	    37
    73	 0.6174423	 0.3557332	 0.3460359	 0.0000940	    no    	    37
    74	 0.6238094	 0.2911277	 0.3535044	 0.0038909	   yes    	    38
    75	 0.6228912	 0.3406891	 0.3524218	 0.0001377	    no    	    38
    76	 0.6163557	 0.3281787	 0.3447703	 0.0002753	    no    	    38
    77	 0.6068199	 0.2721711	 0.3337766	 0.0037952	   yes    	    39
    78	 0.6195290	 0.3295484	 0.3484736	 0.0003582	    no    	    39
    79	 0.6139102	 0.2507549	 0.3419317	 0.0083132	   yes    	    40
    80	 0.6222244	 0.2513196	 0.3516368	 0.0100635	   yes    	    41
    81	 0.6153787	 0.3217637	 0.3436346	 0.0004783	    no    	    41
    82	 0.6213403	 0.2468757	 0.3505975	 0.0107582	   yes    	    42
    83	 0.6187867	 0.3905600	 0.3476053	 0.0018451	   yes    	    43
    84	 0.6184017	 0.2076480	 0.3471555	 0.0194624	   yes    	    44
    85	 0.6179489	 0.3239599	 0.3466268	 0.0005138	    no    	    44
    86	 0.6186777	 0.3071110	 0.3474779	 0.0016295	    no    	    44
    87	 0.6199652	 0.2657563	 0.3489844	 0.0069269	   yes    	    45
    88	 0.6130176	 0.3282923	 0.3408989	 0.0001589	    no    	    45
    89	 0.6229682	 0.3917538	 0.3525125	 0.0015399	    no    	    45
    90	 0.6200703	 0.3947259	 0.3491075	 0.0020810	   yes    	    46
    91	 0.6246366	 0.3072933	 0.3544814	 0.0022267	   yes    	    47
    92	 0.6131462	 0.2538318	 0.3410476	 0.0076066	   yes    	    48
    93	 0.6197726	 0.3368115	 0.3487588	 0.0001427	    no    	    48
    94	 0.6232794	 0.3458770	 0.3528794	 0.0000490	    no    	    48
    95	 0.6239683	 0.2209404	 0.3536920	 0.0176230	   yes    	    49
    96	 0.6239738	 0.1815065	 0.3536986	 0.0296501	   yes    	    50
    97	 0.6230893	 0.2495303	 0.3526552	 0.0106348	   yes    	    51
    98	 0.6224783	 0.3597552	 0.3519356	 0.0000611	    no    	    51
    99	 0.6197873	 0.3135613	 0.3487761	 0.0012401	    no    	    51
   100	 0.6222287	 0.3012096	 0.3516419	 0.0025434	   yes    	    52
 ==================================================================	==========	==========
D =  0.0017664
p =  0.5200000
count =     52
nexp. =    100
 
