 ECG_BT_a_0_6_hrv.tex
 Series length:          362
 Lag:                      2
      	   Corr.  	 Corr.mod 	 Corr.Gaus	    D     
 ------------------------------------------------------------------
      	 0.6982641	 0.4109096	 0.4477555	 0.0013576
 ==================================================================
                        SURROGATED SIGNALS                         	 D<Dgauss 	  Counts  
 ==================================================================	==========	==========
     1	 0.6949104	 0.4304243	 0.4432277	 0.0001639	    no    	     0
     2	 0.6962041	 0.4297379	 0.4449710	 0.0002320	    no    	     0
     3	 0.6971677	 0.3982173	 0.4462722	 0.0023093	   yes    	     1
     4	 0.6883285	 0.3959067	 0.4344211	 0.0014834	   yes    	     2
     5	 0.6938728	 0.4750752	 0.4418323	 0.0011051	    no    	     2
     6	 0.6866305	 0.3965423	 0.4321661	 0.0012691	    no    	     2
     7	 0.6942883	 0.4109551	 0.4423908	 0.0009882	    no    	     2
     8	 0.6952605	 0.4355343	 0.4436990	 0.0000667	    no    	     2
     9	 0.6839760	 0.4276941	 0.4286548	 0.0000009	    no    	     2
    10	 0.6951044	 0.4892920	 0.4434888	 0.0020979	   yes    	     3
    11	 0.6970127	 0.4502829	 0.4460628	 0.0000178	    no    	     3
    12	 0.6961570	 0.4166794	 0.4449075	 0.0007968	    no    	     3
    13	 0.6937374	 0.4600990	 0.4416505	 0.0003403	    no    	     3
    14	 0.6916853	 0.4156897	 0.4388993	 0.0005387	    no    	     3
    15	 0.6947751	 0.3867354	 0.4430455	 0.0031708	   yes    	     4
    16	 0.6978087	 0.3969727	 0.4471390	 0.0025167	   yes    	     5
    17	 0.6971727	 0.4558583	 0.4462790	 0.0000918	    no    	     5
    18	 0.6680679	 0.4678074	 0.4079650	 0.0035811	   yes    	     6
    19	 0.6940625	 0.4503920	 0.4420872	 0.0000690	    no    	     6
    20	 0.6952280	 0.4056812	 0.4436552	 0.0014420	   yes    	     7
    21	 0.6954604	 0.4600274	 0.4439683	 0.0002579	    no    	     7
    22	 0.6923647	 0.4759350	 0.4398090	 0.0013051	    no    	     7
    23	 0.6867604	 0.3972151	 0.4323383	 0.0012336	    no    	     7
    24	 0.6935565	 0.3701229	 0.4414076	 0.0050815	   yes    	     8
    25	 0.6913041	 0.3982278	 0.4383894	 0.0016130	   yes    	     9
    26	 0.6929526	 0.3717171	 0.4405971	 0.0047445	   yes    	    10
    27	 0.6986378	 0.4193742	 0.4482617	 0.0008345	    no    	    10
    28	 0.6940531	 0.4670770	 0.4420746	 0.0006251	    no    	    10
    29	 0.6960230	 0.4230510	 0.4447267	 0.0004698	    no    	    10
    30	 0.6925468	 0.4166611	 0.4400530	 0.0005472	    no    	    10
    31	 0.6878382	 0.3859126	 0.4337691	 0.0022902	   yes    	    11
    32	 0.6936057	 0.3558358	 0.4414736	 0.0073338	   yes    	    12
    33	 0.6885138	 0.4366577	 0.4346675	 0.0000040	    no    	    12
    34	 0.6891773	 0.4549671	 0.4355508	 0.0003770	    no    	    12
    35	 0.6919971	 0.4325006	 0.4393167	 0.0000465	    no    	    12
    36	 0.6894944	 0.4615213	 0.4359734	 0.0006527	    no    	    12
    37	 0.6914302	 0.4001768	 0.4385580	 0.0014731	   yes    	    13
    38	 0.6921207	 0.4638694	 0.4394821	 0.0005947	    no    	    13
    39	 0.6926832	 0.4043768	 0.4402359	 0.0012859	    no    	    13
    40	 0.6874740	 0.4331929	 0.4332854	 0.0000000	    no    	    13
    41	 0.6918877	 0.4698321	 0.4391702	 0.0009402	    no    	    13
    42	 0.6918689	 0.4354371	 0.4391451	 0.0000137	    no    	    13
    43	 0.6889667	 0.4494608	 0.4352704	 0.0002014	    no    	    13
    44	 0.6871294	 0.4299920	 0.4328279	 0.0000080	    no    	    13
    45	 0.6960411	 0.4334104	 0.4447512	 0.0001286	    no    	    13
    46	 0.6972253	 0.4399689	 0.4463501	 0.0000407	    no    	    13
    47	 0.6748923	 0.4202657	 0.4167670	 0.0000122	    no    	    13
    48	 0.6953933	 0.3800427	 0.4438779	 0.0040749	   yes    	    14
    49	 0.6941017	 0.4331950	 0.4421399	 0.0000800	    no    	    14
    50	 0.6914244	 0.3852917	 0.4385503	 0.0028365	   yes    	    15
    51	 0.6938723	 0.4172213	 0.4418317	 0.0006057	    no    	    15
    52	 0.6974440	 0.4985763	 0.4466457	 0.0026968	   yes    	    16
    53	 0.6808413	 0.4149210	 0.4245302	 0.0000923	    no    	    16
    54	 0.6945808	 0.4515377	 0.4427841	 0.0000766	    no    	    16
    55	 0.6920928	 0.4709356	 0.4394449	 0.0009917	    no    	    16
    56	 0.6955463	 0.4429927	 0.4440841	 0.0000012	    no    	    16
    57	 0.6955568	 0.4500006	 0.4440983	 0.0000348	    no    	    16
    58	 0.6859159	 0.5044504	 0.4312192	 0.0053628	   yes    	    17
    59	 0.6946379	 0.3511124	 0.4428609	 0.0084178	   yes    	    18
    60	 0.6898155	 0.5019595	 0.4364015	 0.0042979	   yes    	    19
    61	 0.6969545	 0.4136714	 0.4459842	 0.0010441	    no    	    19
    62	 0.6947770	 0.3755372	 0.4430482	 0.0045577	   yes    	    20
    63	 0.6918007	 0.4905468	 0.4390537	 0.0026515	   yes    	    21
    64	 0.6950402	 0.4381559	 0.4434023	 0.0000275	    no    	    21
    65	 0.6956745	 0.3703348	 0.4442569	 0.0054645	   yes    	    22
    66	 0.6973249	 0.4192418	 0.4464847	 0.0007422	    no    	    22
    67	 0.6908696	 0.4032021	 0.4378086	 0.0011976	    no    	    22
    68	 0.6878865	 0.4842943	 0.4338334	 0.0025463	   yes    	    23
    69	 0.6962026	 0.4053744	 0.4449691	 0.0015677	   yes    	    24
    70	 0.6963447	 0.5159929	 0.4451607	 0.0050172	   yes    	    25
    71	 0.6968989	 0.4373706	 0.4459090	 0.0000729	    no    	    25
    72	 0.6965209	 0.3798069	 0.4453985	 0.0043023	   yes    	    26
    73	 0.6964879	 0.3958066	 0.4453540	 0.0024549	   yes    	    27
    74	 0.6970472	 0.4285203	 0.4461093	 0.0003094	    no    	    27
    75	 0.6923025	 0.4503283	 0.4397257	 0.0001124	    no    	    27
    76	 0.6906003	 0.3998606	 0.4374488	 0.0014129	   yes    	    28
    77	 0.6942436	 0.4536284	 0.4423306	 0.0001276	    no    	    28
    78	 0.6888500	 0.4032176	 0.4351150	 0.0010174	    no    	    28
    79	 0.6956672	 0.4684188	 0.4442470	 0.0005843	    no    	    28
    80	 0.6961002	 0.3805776	 0.4448309	 0.0041285	   yes    	    29
    81	 0.6935534	 0.3867922	 0.4414033	 0.0029824	   yes    	    30
    82	 0.6876172	 0.5094454	 0.4334756	 0.0057714	   yes    	    31
    83	 0.6923964	 0.4464076	 0.4398515	 0.0000430	    no    	    31
    84	 0.6938558	 0.3897955	 0.4418095	 0.0027055	   yes    	    32
    85	 0.6934787	 0.4863201	 0.4413030	 0.0020265	   yes    	    33
    86	 0.6923621	 0.4912545	 0.4398055	 0.0026470	   yes    	    34
    87	 0.6904234	 0.3464568	 0.4372126	 0.0082366	   yes    	    35
    88	 0.6886218	 0.4105969	 0.4348112	 0.0005863	    no    	    35
    89	 0.6960650	 0.4745946	 0.4447834	 0.0008887	    no    	    35
    90	 0.6904769	 0.4677600	 0.4372840	 0.0009288	    no    	    35
    91	 0.6911886	 0.4231974	 0.4382349	 0.0002261	    no    	    35
    92	 0.6938280	 0.4440842	 0.4417722	 0.0000053	    no    	    35
    93	 0.6944504	 0.3898635	 0.4426088	 0.0027821	   yes    	    36
    94	 0.6967922	 0.3985903	 0.4457649	 0.0022254	   yes    	    37
    95	 0.6942846	 0.4291549	 0.4423859	 0.0001751	    no    	    37
    96	 0.6949576	 0.4371839	 0.4432912	 0.0000373	    no    	    37
    97	 0.6958492	 0.4299399	 0.4444923	 0.0002118	    no    	    37
    98	 0.6929201	 0.3762853	 0.4405535	 0.0041304	   yes    	    38
    99	 0.6859532	 0.4448577	 0.4312685	 0.0001847	    no    	    38
   100	 0.6912420	 0.4157803	 0.4383063	 0.0005074	    no    	    38
 ==================================================================	==========	==========
D =  0.0013576
p =  0.3800000
count =     38
nexp. =    100
 
