 ECG_BO_a_25_7_hrv.tex
 Series length:          304
 Lag:                      1
      	   Corr.  	 Corr.mod 	 Corr.Gaus	    D     
 ------------------------------------------------------------------
      	 0.7760267	 0.5060846	 0.5607546	 0.0029888
 ==================================================================
                        SURROGATED SIGNALS                         	 D<Dgauss 	  Counts  
 ==================================================================	==========	==========
     1	 0.7768893	 0.5093569	 0.5620981	 0.0027816	    no    	     0
     2	 0.7761487	 0.5593257	 0.5609444	 0.0000026	    no    	     0
     3	 0.7708158	 0.3834455	 0.5526824	 0.0286411	   yes    	     1
     4	 0.7714220	 0.4947839	 0.5536175	 0.0034614	   yes    	     2
     5	 0.7763636	 0.5561897	 0.5612791	 0.0000259	    no    	     2
     6	 0.7752144	 0.4890091	 0.5594914	 0.0049678	   yes    	     3
     7	 0.7772965	 0.5700320	 0.5627330	 0.0000533	    no    	     3
     8	 0.7758443	 0.5376790	 0.5604707	 0.0005195	    no    	     3
     9	 0.7682311	 0.5697563	 0.5487061	 0.0004431	    no    	     3
    10	 0.7751905	 0.4939129	 0.5594541	 0.0042957	   yes    	     4
    11	 0.7652385	 0.5338139	 0.5441252	 0.0001063	    no    	     4
    12	 0.7754823	 0.5610584	 0.5599078	 0.0000013	    no    	     4
    13	 0.7757559	 0.5729779	 0.5603332	 0.0001599	    no    	     4
    14	 0.7741021	 0.4985732	 0.5577645	 0.0035036	   yes    	     5
    15	 0.7758973	 0.5342592	 0.5605532	 0.0006914	    no    	     5
    16	 0.7749079	 0.5393641	 0.5590151	 0.0003862	    no    	     5
    17	 0.7758159	 0.5737580	 0.5604266	 0.0001777	    no    	     5
    18	 0.7774054	 0.4887096	 0.5629030	 0.0055047	   yes    	     6
    19	 0.7656912	 0.5283160	 0.5448166	 0.0002723	    no    	     6
    20	 0.7772185	 0.4407097	 0.5626114	 0.0148600	   yes    	     7
    21	 0.7740153	 0.4496881	 0.5576298	 0.0116514	   yes    	     8
    22	 0.7751031	 0.5188094	 0.5593183	 0.0016410	    no    	     8
    23	 0.7729937	 0.5375851	 0.5560470	 0.0003408	    no    	     8
    24	 0.7727360	 0.5574979	 0.5556482	 0.0000034	    no    	     8
    25	 0.7761477	 0.5342574	 0.5609429	 0.0007121	    no    	     8
    26	 0.7577143	 0.5557139	 0.5327150	 0.0005289	    no    	     8
    27	 0.7675461	 0.5187626	 0.5476554	 0.0008348	    no    	     8
    28	 0.7715572	 0.5073519	 0.5538263	 0.0021599	    no    	     8
    29	 0.7651392	 0.4888797	 0.5439736	 0.0030353	   yes    	     9
    30	 0.7637773	 0.5399304	 0.5418974	 0.0000039	    no    	     9
    31	 0.7758930	 0.5727629	 0.5605465	 0.0001492	    no    	     9
    32	 0.7742923	 0.5412328	 0.5580595	 0.0002831	    no    	     9
    33	 0.7760456	 0.5006141	 0.5607840	 0.0036204	   yes    	    10
    34	 0.7747399	 0.5666297	 0.5587542	 0.0000620	    no    	    10
    35	 0.7743455	 0.5198879	 0.5581420	 0.0014634	    no    	    10
    36	 0.7691164	 0.5183004	 0.5500659	 0.0010090	    no    	    10
    37	 0.7726788	 0.4599343	 0.5555598	 0.0091442	   yes    	    11
    38	 0.7729393	 0.5204741	 0.5559628	 0.0012594	    no    	    11
    39	 0.7767511	 0.6004548	 0.5618828	 0.0014878	    no    	    11
    40	 0.7766204	 0.5055868	 0.5616791	 0.0031463	   yes    	    12
    41	 0.7761877	 0.5782104	 0.5610051	 0.0002960	    no    	    12
    42	 0.7761104	 0.5298368	 0.5608848	 0.0009640	    no    	    12
    43	 0.7671671	 0.4831200	 0.5470746	 0.0040902	   yes    	    13
    44	 0.7761100	 0.5099258	 0.5608843	 0.0025968	    no    	    13
    45	 0.7761233	 0.5498263	 0.5609049	 0.0001227	    no    	    13
    46	 0.7771732	 0.5665401	 0.5625407	 0.0000160	    no    	    13
    47	 0.7781647	 0.5863057	 0.5640884	 0.0004936	    no    	    13
    48	 0.7746991	 0.5825960	 0.5586908	 0.0005715	    no    	    13
    49	 0.7765373	 0.5707042	 0.5615495	 0.0000838	    no    	    13
    50	 0.7722556	 0.5316188	 0.5549053	 0.0005423	    no    	    13
    51	 0.7766175	 0.5570687	 0.5616745	 0.0000212	    no    	    13
    52	 0.7741014	 0.5029754	 0.5577634	 0.0030017	   yes    	    14
    53	 0.7685007	 0.4802657	 0.5491200	 0.0047409	   yes    	    15
    54	 0.7757586	 0.5706274	 0.5603374	 0.0001059	    no    	    15
    55	 0.7760866	 0.5575865	 0.5608478	 0.0000106	    no    	    15
    56	 0.7767726	 0.5713889	 0.5619163	 0.0000897	    no    	    15
    57	 0.7749782	 0.4345937	 0.5591244	 0.0155079	   yes    	    16
    58	 0.7726374	 0.4893356	 0.5554957	 0.0043772	   yes    	    17
    59	 0.7761930	 0.5849722	 0.5610135	 0.0005740	    no    	    17
    60	 0.7760412	 0.5558704	 0.5607772	 0.0000241	    no    	    17
    61	 0.7733183	 0.5912875	 0.5565496	 0.0012067	    no    	    17
    62	 0.7695436	 0.4967739	 0.5507229	 0.0029105	    no    	    17
    63	 0.7762974	 0.5515383	 0.5611760	 0.0000929	    no    	    17
    64	 0.7730685	 0.4958622	 0.5561629	 0.0036362	   yes    	    18
    65	 0.7750961	 0.5460738	 0.5593075	 0.0001751	    no    	    18
    66	 0.7771161	 0.5402079	 0.5624517	 0.0004948	    no    	    18
    67	 0.7676341	 0.4839237	 0.5477904	 0.0040790	   yes    	    19
    68	 0.7605504	 0.5833687	 0.5369980	 0.0021502	    no    	    19
    69	 0.7751192	 0.5151279	 0.5593433	 0.0019550	    no    	    19
    70	 0.7713650	 0.5059095	 0.5535296	 0.0022677	    no    	    19
    71	 0.7749703	 0.5018095	 0.5591120	 0.0032836	   yes    	    20
    72	 0.7703237	 0.4360467	 0.5519240	 0.0134275	   yes    	    21
    73	 0.7761581	 0.5130215	 0.5609592	 0.0022980	    no    	    21
    74	 0.7735603	 0.6264245	 0.5569246	 0.0048302	   yes    	    22
    75	 0.7525100	 0.5536761	 0.5249119	 0.0008274	    no    	    22
    76	 0.7756053	 0.5717032	 0.5600990	 0.0001347	    no    	    22
    77	 0.7729065	 0.4747904	 0.5559121	 0.0065807	   yes    	    23
    78	 0.7757232	 0.5127709	 0.5602824	 0.0022573	    no    	    23
    79	 0.7733796	 0.5329950	 0.5566445	 0.0005593	    no    	    23
    80	 0.7737569	 0.5263957	 0.5572291	 0.0009507	    no    	    23
    81	 0.7718419	 0.5862129	 0.5542659	 0.0010206	    no    	    23
    82	 0.7765958	 0.5469767	 0.5616407	 0.0002150	    no    	    23
    83	 0.7759001	 0.4856292	 0.5605576	 0.0056143	   yes    	    24
    84	 0.7751816	 0.5207985	 0.5594404	 0.0014932	    no    	    24
    85	 0.7733675	 0.5671796	 0.5566258	 0.0001114	    no    	    24
    86	 0.7726455	 0.4399225	 0.5555082	 0.0133600	   yes    	    25
    87	 0.7744161	 0.5759590	 0.5582517	 0.0003135	    no    	    25
    88	 0.7769301	 0.5838762	 0.5621616	 0.0004715	    no    	    25
    89	 0.7679210	 0.5462413	 0.5482304	 0.0000040	    no    	    25
    90	 0.7756926	 0.5226600	 0.5602347	 0.0014119	    no    	    25
    91	 0.7746701	 0.4977915	 0.5586458	 0.0037032	   yes    	    26
    92	 0.7760397	 0.4736781	 0.5607747	 0.0075858	   yes    	    27
    93	 0.7778078	 0.5658825	 0.5635309	 0.0000055	    no    	    27
    94	 0.7710899	 0.5121754	 0.5531051	 0.0016752	    no    	    27
    95	 0.7754087	 0.5277363	 0.5597933	 0.0010277	    no    	    27
    96	 0.7746892	 0.4907491	 0.5586754	 0.0046140	   yes    	    28
    97	 0.7760876	 0.5218210	 0.5608493	 0.0015232	    no    	    28
    98	 0.7747583	 0.4776979	 0.5587828	 0.0065748	   yes    	    29
    99	 0.7757803	 0.5457495	 0.5603713	 0.0002138	    no    	    29
   100	 0.7760950	 0.4984374	 0.5608609	 0.0038967	   yes    	    30
 ==================================================================	==========	==========
D =  0.0029888
p =  0.3000000
count =     30
nexp. =    100
 
