 N_IBI_BD_c_0_3_hrv.tex
 Series length:          308
 Lag:                      5
      	   Corr.  	 Corr.mod 	 Corr.Gaus	    D     
 ------------------------------------------------------------------
      	 0.3270581	 0.0744773	 0.0945632	 0.0004034
 ==================================================================
                        SURROGATED SIGNALS                         	 D<Dgauss 	  Counts  
 ==================================================================	==========	==========
     1	 0.3248263	 0.0285523	 0.0932651	 0.0041877	   yes    	     1
     2	 0.3311982	-0.0273633	 0.0969958	 0.0154652	   yes    	     2
     3	 0.3059324	-0.0393591	 0.0826442	 0.0148848	   yes    	     3
     4	 0.3296496	 0.0012068	 0.0960821	 0.0090013	   yes    	     4
     5	 0.3270654	 0.0490923	 0.0945674	 0.0020680	   yes    	     5
     6	 0.3318066	 0.1656620	 0.0973559	 0.0046657	   yes    	     6
     7	 0.3233220	 0.0794687	 0.0923952	 0.0001671	    no    	     6
     8	 0.3339721	-0.1247297	 0.0986434	 0.0498956	   yes    	     7
     9	 0.3294697	 0.0526298	 0.0959763	 0.0018789	   yes    	     8
    10	 0.3293708	 0.0592995	 0.0959181	 0.0013409	   yes    	     9
    11	 0.3256700	 0.0760619	 0.0937547	 0.0003130	    no    	     9
    12	 0.3134208	 0.0038685	 0.0867748	 0.0068735	   yes    	    10
    13	 0.3260136	-0.0255555	 0.0939545	 0.0142826	   yes    	    11
    14	 0.3147051	 0.1157046	 0.0874936	 0.0007959	   yes    	    12
    15	 0.3313108	 0.0225085	 0.0970624	 0.0055583	   yes    	    13
    16	 0.3127296	 0.0038225	 0.0863893	 0.0068173	   yes    	    14
    17	 0.3235776	 0.0044951	 0.0925428	 0.0077524	   yes    	    15
    18	 0.3287150	-0.1144668	 0.0955329	 0.0440999	   yes    	    16
    19	 0.3276011	-0.1213902	 0.0948804	 0.0467730	   yes    	    17
    20	 0.3283947	 0.0282276	 0.0953451	 0.0045048	   yes    	    18
    21	 0.3303575	 0.0958467	 0.0964992	 0.0000004	    no    	    18
    22	 0.3293999	 0.0493536	 0.0959352	 0.0021698	   yes    	    19
    23	 0.3104970	 0.0193547	 0.0851498	 0.0043290	   yes    	    20
    24	 0.3340345	-0.0175967	 0.0986806	 0.0135204	   yes    	    21
    25	 0.3329664	 0.0172688	 0.0980444	 0.0065247	   yes    	    22
    26	 0.3376268	 0.0128852	 0.1008361	 0.0077354	   yes    	    23
    27	 0.3055800	 0.1557988	 0.0824524	 0.0053797	   yes    	    24
    28	 0.3199961	 0.1173462	 0.0904871	 0.0007214	   yes    	    25
    29	 0.3258370	-0.0136248	 0.0938518	 0.0115512	   yes    	    26
    30	 0.3277937	-0.0915850	 0.0949931	 0.0348114	   yes    	    27
    31	 0.3213949	 0.0581424	 0.0912872	 0.0010986	   yes    	    28
    32	 0.3102011	 0.1236015	 0.0849862	 0.0014911	   yes    	    29
    33	 0.3277550	 0.0186982	 0.0949705	 0.0058175	   yes    	    30
    34	 0.3271290	 0.0533941	 0.0946046	 0.0016983	   yes    	    31
    35	 0.3259312	 0.0641452	 0.0939065	 0.0008857	   yes    	    32
    36	 0.3005508	 0.1050229	 0.0797395	 0.0006393	   yes    	    33
    37	 0.2914520	-0.0531660	 0.0749492	 0.0164135	   yes    	    34
    38	 0.3266267	-0.0314792	 0.0943115	 0.0158233	   yes    	    35
    39	 0.3099937	-0.1470969	 0.0848716	 0.0538094	   yes    	    36
    40	 0.3337180	 0.0811436	 0.0984919	 0.0003010	    no    	    36
    41	 0.3133908	 0.1287867	 0.0867581	 0.0017664	   yes    	    37
    42	 0.3309081	-0.0320567	 0.0968243	 0.0166103	   yes    	    38
    43	 0.3313006	 0.1011377	 0.0970564	 0.0000167	    no    	    38
    44	 0.3294481	 0.1087462	 0.0959636	 0.0001634	    no    	    38
    45	 0.3301620	 0.0730185	 0.0963839	 0.0005459	   yes    	    39
    46	 0.3308014	 0.0687492	 0.0967613	 0.0007847	   yes    	    40
    47	 0.3307190	 0.0374444	 0.0967126	 0.0035127	   yes    	    41
    48	 0.3332047	 0.0068757	 0.0981861	 0.0083376	   yes    	    42
    49	 0.3284576	 0.0930001	 0.0953819	 0.0000057	    no    	    42
    50	 0.3118358	-0.0032171	 0.0858919	 0.0079404	   yes    	    43
    51	 0.3350261	-0.1004640	 0.0992732	 0.0398950	   yes    	    44
    52	 0.3077578	 0.0479737	 0.0836416	 0.0012722	   yes    	    45
    53	 0.3265232	-0.0777208	 0.0942512	 0.0295744	   yes    	    46
    54	 0.2971666	-0.0158902	 0.0779400	 0.0088041	   yes    	    47
    55	 0.3294646	 0.0220485	 0.0959733	 0.0054649	   yes    	    48
    56	 0.3361328	 0.2122307	 0.0999368	 0.0126099	   yes    	    49
    57	 0.3360540	 0.0520072	 0.0998894	 0.0022927	   yes    	    50
    58	 0.3309933	 0.0095799	 0.0968746	 0.0076204	   yes    	    51
    59	 0.2969676	-0.0048114	 0.0778349	 0.0068304	   yes    	    52
    60	 0.3401946	 0.1126850	 0.1023916	 0.0001060	    no    	    52
    61	 0.3237990	 0.1417463	 0.0926706	 0.0024084	   yes    	    53
    62	 0.3228571	 0.0718164	 0.0921273	 0.0004125	   yes    	    54
    63	 0.3386602	 0.1570589	 0.1014606	 0.0030912	   yes    	    55
    64	 0.3291259	 0.0921525	 0.0957742	 0.0000131	    no    	    55
    65	 0.3290560	 0.0183569	 0.0957331	 0.0059871	   yes    	    56
    66	 0.3172898	 0.0947718	 0.0889495	 0.0000339	    no    	    56
    67	 0.3274875	-0.0094297	 0.0948140	 0.0108667	   yes    	    57
    68	 0.3438186	 0.0800505	 0.1046077	 0.0006031	   yes    	    58
    69	 0.3003832	-0.0469001	 0.0796499	 0.0160149	   yes    	    59
    70	 0.3166563	 0.0061728	 0.0885916	 0.0067929	   yes    	    60
    71	 0.3126411	 0.0337159	 0.0863400	 0.0027693	   yes    	    61
    72	 0.3279303	 0.0042644	 0.0950730	 0.0082462	   yes    	    62
    73	 0.3250994	 0.0369954	 0.0934234	 0.0031841	   yes    	    63
    74	 0.3212479	 0.0835965	 0.0912029	 0.0000579	    no    	    63
    75	 0.3192591	-0.0074593	 0.0900670	 0.0095114	   yes    	    64
    76	 0.3284550	 0.0244804	 0.0953804	 0.0050268	   yes    	    65
    77	 0.3342248	 0.0955477	 0.0987942	 0.0000105	    no    	    65
    78	 0.3393141	-0.0134748	 0.1018568	 0.0133014	   yes    	    66
    79	 0.3218001	 0.2326483	 0.0915196	 0.0199173	   yes    	    67
    80	 0.3258793	 0.0184543	 0.0938764	 0.0056885	   yes    	    68
    81	 0.2922824	-0.0583339	 0.0753801	 0.0178794	   yes    	    69
    82	 0.3161139	-0.0692112	 0.0882856	 0.0248053	   yes    	    70
    83	 0.3270316	 0.1254814	 0.0945477	 0.0009569	   yes    	    71
    84	 0.3136286	 0.0125815	 0.0868910	 0.0055219	   yes    	    72
    85	 0.3027180	-0.0677268	 0.0809028	 0.0220908	   yes    	    73
    86	 0.3329728	 0.0705199	 0.0980482	 0.0007578	   yes    	    74
    87	 0.3218815	-0.0101480	 0.0915663	 0.0103458	   yes    	    75
    88	 0.3272845	 0.0680323	 0.0946954	 0.0007109	   yes    	    76
    89	 0.3097424	 0.0141105	 0.0847329	 0.0049875	   yes    	    77
    90	 0.3057569	 0.0548385	 0.0825486	 0.0007679	   yes    	    78
    91	 0.3309393	 0.0347950	 0.0968427	 0.0038499	   yes    	    79
    92	 0.3198635	-0.0337091	 0.0904114	 0.0154059	   yes    	    80
    93	 0.3326666	 0.0402738	 0.0978662	 0.0033169	   yes    	    81
    94	 0.3227242	 0.0218286	 0.0920508	 0.0049312	   yes    	    82
    95	 0.3275759	-0.0424490	 0.0948657	 0.0188553	   yes    	    83
    96	 0.3227339	 0.0809323	 0.0920564	 0.0001237	    no    	    83
    97	 0.3308293	-0.0381312	 0.0967778	 0.0182004	   yes    	    84
    98	 0.3026816	 0.0070615	 0.0808832	 0.0054496	   yes    	    85
    99	 0.3286010	 0.0177222	 0.0954660	 0.0060441	   yes    	    86
   100	 0.3002439	 0.0892488	 0.0795754	 0.0000936	    no    	    86
 ==================================================================	==========	==========
D =  0.0004034
p =  0.8600000
count =     86
nexp. =    100
 
