 N_IBI_BA_b_10_2c_h.tex
 Series length:          372
 Lag:                      8
      	   Corr.  	 Corr.mod 	 Corr.Gaus	    D     
 ------------------------------------------------------------------
      	 0.1088309	 0.0734541	 0.0103854	 0.0039777
 ==================================================================
                        SURROGATED SIGNALS                         	 D<Dgauss 	  Counts  
 ==================================================================	==========	==========
     1	 0.1007375	 0.0203033	 0.0088969	 0.0001301	    no    	     0
     2	 0.1300832	-0.0459346	 0.0148438	 0.0036940	    no    	     0
     3	 0.0964987	-0.0905177	 0.0081634	 0.0097380	   yes    	     1
     4	 0.0979525	-0.0102142	 0.0084114	 0.0003469	    no    	     1
     5	 0.1104238	 0.0502616	 0.0106920	 0.0015658	    no    	     1
     6	 0.1105645	 0.0482260	 0.0107192	 0.0014068	    no    	     1
     7	 0.1131134	 0.0483690	 0.0112197	 0.0013801	    no    	     1
     8	 0.1049834	 0.0764754	 0.0096634	 0.0044638	   yes    	     2
     9	 0.1002051	 0.0870871	 0.0088030	 0.0061284	   yes    	     3
    10	 0.1204273	 0.0013773	 0.0127194	 0.0001286	    no    	     3
    11	 0.1016037	 0.0856273	 0.0090507	 0.0058640	   yes    	     4
    12	 0.0905263	-0.1072984	 0.0071835	 0.0131061	   yes    	     5
    13	 0.1142776	 0.0118230	 0.0114521	 0.0000001	    no    	     5
    14	 0.0969910	-0.0523682	 0.0082469	 0.0036742	    no    	     5
    15	 0.1186606	 0.0510768	 0.0123485	 0.0014999	    no    	     5
    16	 0.1040770	-0.0109247	 0.0094971	 0.0004171	    no    	     5
    17	 0.1083896	 0.1398507	 0.0103013	 0.0167830	   yes    	     6
    18	 0.1098250	-0.0399286	 0.0105762	 0.0025507	    no    	     6
    19	 0.1097957	 0.0144619	 0.0105705	 0.0000151	    no    	     6
    20	 0.1115119	 0.1194971	 0.0109039	 0.0117925	   yes    	     7
    21	 0.0988253	-0.1246513	 0.0085621	 0.0177458	   yes    	     8
    22	 0.1098937	 0.0400925	 0.0105894	 0.0008704	    no    	     8
    23	 0.1113004	-0.0606165	 0.0108626	 0.0051093	   yes    	     9
    24	 0.1035488	 0.0481127	 0.0094009	 0.0014986	    no    	     9
    25	 0.1120148	 0.0016588	 0.0110026	 0.0000873	    no    	     9
    26	 0.0808815	-0.0904174	 0.0057336	 0.0092450	   yes    	    10
    27	 0.1026224	 0.0309448	 0.0092333	 0.0004714	    no    	    10
    28	 0.1138329	 0.0501808	 0.0113630	 0.0015068	    no    	    10
    29	 0.1005848	 0.0159071	 0.0088699	 0.0000495	    no    	    10
    30	 0.1077214	-0.0431584	 0.0101745	 0.0028444	    no    	    10
    31	 0.1047737	-0.0375972	 0.0096248	 0.0022299	    no    	    10
    32	 0.1147209	-0.0473504	 0.0115412	 0.0034682	    no    	    10
    33	 0.1168751	-0.0182438	 0.0119792	 0.0009134	    no    	    10
    34	 0.1201657	 0.0425633	 0.0126641	 0.0008940	    no    	    10
    35	 0.0994097	-0.0462738	 0.0086637	 0.0030181	    no    	    10
    36	 0.1055255	-0.0420081	 0.0097636	 0.0026803	    no    	    10
    37	 0.1049619	-0.1135414	 0.0096594	 0.0151784	   yes    	    11
    38	 0.0953396	-0.0736202	 0.0079683	 0.0066567	   yes    	    12
    39	 0.1049124	-0.0033552	 0.0096503	 0.0001691	    no    	    12
    40	 0.1038923	 0.0351416	 0.0094634	 0.0006594	    no    	    12
    41	 0.0746794	-0.0387351	 0.0048876	 0.0019029	    no    	    12
    42	 0.1039685	-0.1020566	 0.0094773	 0.0124398	   yes    	    13
    43	 0.1015031	-0.0186911	 0.0090328	 0.0007686	    no    	    13
    44	 0.0999745	-0.0714457	 0.0087625	 0.0064334	   yes    	    14
    45	 0.1204582	-0.0348017	 0.0127259	 0.0022589	    no    	    14
    46	 0.1023536	-0.0405950	 0.0091849	 0.0024780	    no    	    14
    47	 0.1088929	-0.1093914	 0.0103972	 0.0143493	   yes    	    15
    48	 0.1362332	-0.1081681	 0.0162828	 0.0154880	   yes    	    16
    49	 0.1035121	-0.1221559	 0.0093942	 0.0173054	   yes    	    17
    50	 0.1103050	 0.0983592	 0.0106689	 0.0076896	   yes    	    18
    51	 0.1235340	-0.0151013	 0.0133849	 0.0008115	    no    	    18
    52	 0.1065714	-0.0391393	 0.0099582	 0.0024106	    no    	    18
    53	 0.1070932	 0.0099289	 0.0100561	 0.0000000	    no    	    18
    54	 0.0997929	-0.0287612	 0.0087307	 0.0014056	    no    	    18
    55	 0.1059701	-0.0455618	 0.0098461	 0.0030700	    no    	    18
    56	 0.0814405	-0.0350081	 0.0058131	 0.0016664	    no    	    18
    57	 0.1009796	 0.0144097	 0.0089398	 0.0000299	    no    	    18
    58	 0.0915095	-0.0479525	 0.0073405	 0.0030573	    no    	    18
    59	 0.1105446	-0.0646383	 0.0107154	 0.0056782	   yes    	    19
    60	 0.1061830	 0.0102327	 0.0098857	 0.0000001	    no    	    19
    61	 0.1227718	-0.0999537	 0.0132201	 0.0128083	   yes    	    20
    62	 0.0952813	-0.0765051	 0.0079585	 0.0071341	   yes    	    21
    63	 0.0970092	 0.0326387	 0.0082500	 0.0005948	    no    	    21
    64	 0.0970129	-0.0502180	 0.0082507	 0.0034186	    no    	    21
    65	 0.1385404	 0.1975483	 0.0168399	 0.0326555	   yes    	    22
    66	 0.1072994	-0.0051421	 0.0100949	 0.0002322	    no    	    22
    67	 0.1206680	 0.0332684	 0.0127703	 0.0004202	    no    	    22
    68	 0.0758113	-0.0413238	 0.0050369	 0.0021493	    no    	    22
    69	 0.1077836	-0.0468925	 0.0101863	 0.0032580	    no    	    22
    70	 0.1139417	-0.0773899	 0.0113848	 0.0078810	   yes    	    23
    71	 0.0997978	 0.0102079	 0.0087316	 0.0000022	    no    	    23
    72	 0.1113575	-0.0657662	 0.0108737	 0.0058737	   yes    	    24
    73	 0.1224760	 0.1037786	 0.0131564	 0.0082124	   yes    	    25
    74	 0.1160327	 0.0250607	 0.0118070	 0.0001757	    no    	    25
    75	 0.0998637	-0.0851028	 0.0087431	 0.0088071	   yes    	    26
    76	 0.1182918	-0.1032388	 0.0122717	 0.0133427	   yes    	    27
    77	 0.0980015	 0.0083880	 0.0084198	 0.0000000	    no    	    27
    78	 0.0864520	-0.0581611	 0.0065510	 0.0041877	   yes    	    28
    79	 0.0934395	 0.1082514	 0.0076536	 0.0101199	   yes    	    29
    80	 0.1003189	 0.0251842	 0.0088231	 0.0002677	    no    	    29
    81	 0.1092241	-0.0528738	 0.0104607	 0.0040113	   yes    	    30
    82	 0.1117003	 0.0107341	 0.0109408	 0.0000000	    no    	    30
    83	 0.1116795	-0.1211457	 0.0109368	 0.0174458	   yes    	    31
    84	 0.1038262	-0.1135575	 0.0094513	 0.0151312	   yes    	    32
    85	 0.0968316	 0.0362955	 0.0082198	 0.0007882	    no    	    32
    86	 0.1062102	-0.0469889	 0.0098908	 0.0032353	    no    	    32
    87	 0.1044587	 0.0666447	 0.0095670	 0.0032579	    no    	    32
    88	 0.1010435	-0.0766063	 0.0089511	 0.0073201	   yes    	    33
    89	 0.1018276	-0.0275903	 0.0090907	 0.0013455	    no    	    33
    90	 0.1188357	-0.1243829	 0.0123850	 0.0187055	   yes    	    34
    91	 0.1079571	-0.0468204	 0.0102191	 0.0032535	    no    	    34
    92	 0.1043131	-0.0571667	 0.0095403	 0.0044498	   yes    	    35
    93	 0.0977640	 0.0201707	 0.0083790	 0.0001390	    no    	    35
    94	 0.1074344	-0.0478888	 0.0101203	 0.0033651	    no    	    35
    95	 0.1002143	-0.1345610	 0.0088047	 0.0205537	   yes    	    36
    96	 0.1057626	-0.0588850	 0.0098075	 0.0047187	   yes    	    37
    97	 0.1045463	-0.0188997	 0.0095830	 0.0008113	    no    	    37
    98	 0.0940997	-0.0204525	 0.0077622	 0.0007961	    no    	    37
    99	 0.0970312	 0.0373399	 0.0082538	 0.0008460	    no    	    37
   100	 0.1116986	-0.0540400	 0.0109405	 0.0042225	   yes    	    38
 ==================================================================	==========	==========
D =  0.0039777
p =  0.3800000
count =     38
nexp. =    100
 
