   1.4412000e+01
   1.4405000e+01
   1.4393000e+01
   1.4386000e+01
   1.4377000e+01
   1.4365000e+01
   1.4356000e+01
   1.4345000e+01
   1.4337000e+01
   1.4332000e+01
   1.4327000e+01
   1.4319000e+01
   1.4310000e+01
   1.4297000e+01
   1.4283000e+01
   1.4274000e+01
   1.4264000e+01
   1.4258000e+01
   1.4248000e+01
   1.4241000e+01
   1.4235000e+01
   1.4225000e+01
   1.4219000e+01
   1.4211000e+01
   1.4209000e+01
   1.4204000e+01
   1.4200000e+01
   1.4196000e+01
   1.4194000e+01
   1.4193000e+01
   1.4193000e+01
   1.4197000e+01
   1.4198000e+01
   1.4201000e+01
   1.4204000e+01
   1.4211000e+01
   1.4216000e+01
   1.4223000e+01
   1.4231000e+01
   1.4238000e+01
   1.4246000e+01
   1.4253000e+01
   1.4262000e+01
   1.4271000e+01
   1.4279000e+01
   1.4287000e+01
   1.4295000e+01
   1.4304000e+01
   1.4311000e+01
   1.4319000e+01
   1.4324000e+01
   1.4329000e+01
   1.4333000e+01
   1.4336000e+01
   1.4339000e+01
   1.4339000e+01
   1.4342000e+01
   1.4342000e+01
   1.4342000e+01
   1.4343000e+01
   1.4346000e+01
   1.4345000e+01
   1.4344000e+01
   1.4339000e+01
   1.4333000e+01
   1.4328000e+01
   1.4320000e+01
   1.4316000e+01
   1.4307000e+01
   1.4299000e+01
   1.4294000e+01
   1.4287000e+01
   1.4280000e+01
   1.4273000e+01
   1.4266000e+01
   1.4259000e+01
   1.4251000e+01
   1.4243000e+01
   1.4237000e+01
   1.4232000e+01
   1.4226000e+01
   1.4220000e+01
   1.4214000e+01
   1.4208000e+01
   1.4199000e+01
   1.4193000e+01
   1.4181000e+01
   1.4170000e+01
   1.4158000e+01
   1.4145000e+01
   1.4135000e+01
   1.4130000e+01
   1.4126000e+01
   1.4118000e+01
   1.4109000e+01
   1.4100000e+01
   1.4089000e+01
   1.4080000e+01
   1.4071000e+01
   1.4064000e+01
   1.4053000e+01
   1.4042000e+01
   1.4031000e+01
   1.4018000e+01
   1.4002000e+01
   1.3986000e+01
   1.3969000e+01
   1.3954000e+01
   1.3936000e+01
   1.3919000e+01
   1.3906000e+01
   1.3897000e+01
   1.3883000e+01
   1.3871000e+01
   1.3858000e+01
   1.3847000e+01
   1.3839000e+01
   1.3827000e+01
   1.3824000e+01
   1.3828000e+01
   1.3830000e+01
   1.3829000e+01
   1.3837000e+01
   1.3841000e+01
   1.3838000e+01
   1.3828000e+01
   1.3820000e+01
   1.3828000e+01
   1.3830000e+01
   1.3827000e+01
   1.3819000e+01
   1.3807000e+01
   1.3790000e+01
   1.3758000e+01
   1.3720000e+01
   1.3681000e+01
   1.3650000e+01
   1.3627000e+01
   1.3615000e+01
   1.3612000e+01
   1.3621000e+01
   1.3634000e+01
   1.3648000e+01
   1.3656000e+01
   1.3661000e+01
   1.3667000e+01
   1.3668000e+01
   1.3668000e+01
   1.3666000e+01
   1.3664000e+01
   1.3660000e+01
   1.3659000e+01
   1.3657000e+01
   1.3653000e+01
   1.3644000e+01
   1.3629000e+01
   1.3598000e+01
   1.3569000e+01
   1.3546000e+01
   1.3527000e+01
   1.3515000e+01
   1.3511000e+01
   1.3514000e+01
   1.3523000e+01
   1.3534000e+01
   1.3540000e+01
   1.3544000e+01
   1.3548000e+01
   1.3550000e+01
   1.3555000e+01
   1.3556000e+01
   1.3561000e+01
   1.3565000e+01
   1.3571000e+01
   1.3579000e+01
   1.3587000e+01
   1.3598000e+01
   1.3612000e+01
   1.3631000e+01
   1.3651000e+01
   1.3668000e+01
   1.3683000e+01
   1.3688000e+01
   1.3688000e+01
   1.3707000e+01
   1.3735000e+01
   1.3761000e+01
   1.3785000e+01
   1.3808000e+01
   1.3832000e+01
   1.3857000e+01
   1.3879000e+01
   1.3901000e+01
   1.3920000e+01
   1.3941000e+01
   1.3958000e+01
   1.3971000e+01
   1.3982000e+01
   1.3990000e+01
   1.3997000e+01
   1.4001000e+01
   1.4006000e+01
   1.4008000e+01
   1.4011000e+01
   1.4012000e+01
   1.4012000e+01
   1.4010000e+01
   1.4005000e+01
   1.4003000e+01
   1.3996000e+01
   1.3992000e+01
   1.3993000e+01
   1.3995000e+01
   1.3992000e+01
   1.3988000e+01
   1.3982000e+01
   1.3975000e+01
   1.3966000e+01
   1.3956000e+01
   1.3949000e+01
   1.3943000e+01
   1.3936000e+01
   1.3932000e+01
   1.3928000e+01
   1.3926000e+01
   1.3923000e+01
   1.3922000e+01
   1.3919000e+01
   1.3918000e+01
   1.3914000e+01
   1.3912000e+01
   1.3909000e+01
   1.3906000e+01
   1.3902000e+01
   1.3897000e+01
   1.3894000e+01
   1.3891000e+01
   1.3888000e+01
   1.3882000e+01
   1.3876000e+01
   1.3870000e+01
   1.3864000e+01
   1.3859000e+01
   1.3852000e+01
   1.3846000e+01
   1.3840000e+01
   1.3834000e+01
   1.3825000e+01
   1.3819000e+01
   1.3810000e+01
   1.3803000e+01
   1.3797000e+01
   1.3789000e+01
   1.3782000e+01
   1.3776000e+01
   1.3767000e+01
   1.3761000e+01
   1.3754000e+01
   1.3748000e+01
   1.3740000e+01
   1.3733000e+01
   1.3726000e+01
   1.3720000e+01
   1.3712000e+01
   1.3705000e+01
   1.3697000e+01
   1.3689000e+01
   1.3682000e+01
   1.3674000e+01
   1.3666000e+01
   1.3659000e+01
   1.3653000e+01
   1.3645000e+01
   1.3638000e+01
   1.3631000e+01
   1.3624000e+01
   1.3619000e+01
   1.3611000e+01
   1.3605000e+01
   1.3597000e+01
   1.3591000e+01
   1.3584000e+01
   1.3577000e+01
   1.3570000e+01
   1.3563000e+01
   1.3557000e+01
   1.3549000e+01
   1.3544000e+01
   1.3535000e+01
   1.3529000e+01
   1.3522000e+01
   1.3514000e+01
   1.3509000e+01
   1.3503000e+01
   1.3498000e+01
   1.3492000e+01
   1.3490000e+01
   1.3488000e+01
   1.3484000e+01
   1.3481000e+01
   1.3479000e+01
   1.3479000e+01
   1.3477000e+01
   1.3480000e+01
   1.3480000e+01
   1.3484000e+01
   1.3488000e+01
   1.3492000e+01
   1.3498000e+01
   1.3502000e+01
   1.3508000e+01
   1.3513000e+01
   1.3520000e+01
   1.3525000e+01
   1.3531000e+01
   1.3536000e+01
   1.3540000e+01
   1.3544000e+01
   1.3547000e+01
   1.3550000e+01
   1.3552000e+01
   1.3558000e+01
   1.3559000e+01
   1.3564000e+01
   1.3567000e+01
   1.3569000e+01
   1.3572000e+01
   1.3573000e+01
   1.3575000e+01
   1.3574000e+01
   1.3573000e+01
   1.3573000e+01
   1.3572000e+01
   1.3573000e+01
   1.3572000e+01
   1.3571000e+01
   1.3572000e+01
   1.3573000e+01
   1.3574000e+01
   1.3576000e+01
   1.3578000e+01
   1.3579000e+01
   1.3580000e+01
   1.3576000e+01
   1.3575000e+01
   1.3572000e+01
   1.3564000e+01
   1.3561000e+01
   1.3565000e+01
   1.3564000e+01
   1.3554000e+01
   1.3539000e+01
   1.3523000e+01
   1.3510000e+01
   1.3503000e+01
   1.3499000e+01
   1.3495000e+01
   1.3489000e+01
   1.3485000e+01
   1.3482000e+01
   1.3482000e+01
   1.3480000e+01
   1.3479000e+01
   1.3476000e+01
   1.3474000e+01
   1.3472000e+01
   1.3471000e+01
   1.3468000e+01
   1.3461000e+01
   1.3473000e+01
   1.3495000e+01
   1.3508000e+01
   1.3518000e+01
   1.3523000e+01
   1.3525000e+01
   1.3522000e+01
   1.3521000e+01
   1.3516000e+01
   1.3512000e+01
   1.3507000e+01
   1.3505000e+01
   1.3502000e+01
   1.3493000e+01
   1.3484000e+01
   1.3476000e+01
   1.3468000e+01
   1.3459000e+01
   1.3448000e+01
   1.3436000e+01
   1.3420000e+01
   1.3401000e+01
   1.3379000e+01
   1.3361000e+01
   1.3341000e+01
   1.3328000e+01
   1.3317000e+01
   1.3310000e+01
   1.3303000e+01
   1.3305000e+01
   1.3311000e+01
   1.3315000e+01
   1.3323000e+01
   1.3329000e+01
   1.3336000e+01
   1.3340000e+01
   1.3345000e+01
   1.3353000e+01
   1.3361000e+01
   1.3375000e+01
   1.3384000e+01
   1.3383000e+01
   1.3384000e+01
   1.3388000e+01
   1.3394000e+01
   1.3403000e+01
   1.3402000e+01
   1.3413000e+01
   1.3427000e+01
   1.3436000e+01
   1.3442000e+01
   1.3444000e+01
   1.3442000e+01
   1.3436000e+01
   1.3423000e+01
   1.3407000e+01
   1.3391000e+01
   1.3382000e+01
   1.3379000e+01
   1.3377000e+01
   1.3367000e+01
   1.3362000e+01
   1.3366000e+01
   1.3377000e+01
   1.3383000e+01
   1.3385000e+01
   1.3396000e+01
   1.3400000e+01
   1.3403000e+01
   1.3403000e+01
   1.3402000e+01
   1.3401000e+01
   1.3399000e+01
   1.3395000e+01
   1.3391000e+01
   1.3387000e+01
   1.3381000e+01
   1.3377000e+01
   1.3372000e+01
   1.3366000e+01
   1.3361000e+01
   1.3356000e+01
   1.3354000e+01
   1.3348000e+01
   1.3345000e+01
   1.3340000e+01
   1.3336000e+01
   1.3331000e+01
   1.3325000e+01
   1.3320000e+01
   1.3316000e+01
   1.3312000e+01
   1.3307000e+01
   1.3302000e+01
   1.3299000e+01
   1.3295000e+01
   1.3292000e+01
   1.3288000e+01
   1.3284000e+01
   1.3280000e+01
   1.3276000e+01
   1.3272000e+01
   1.3269000e+01
   1.3264000e+01
   1.3261000e+01
   1.3256000e+01
   1.3251000e+01
   1.3246000e+01
   1.3241000e+01
   1.3237000e+01
   1.3232000e+01
   1.3227000e+01
   1.3223000e+01
   1.3218000e+01
   1.3216000e+01
   1.3212000e+01
   1.3208000e+01
   1.3203000e+01
   1.3201000e+01
   1.3196000e+01
   1.3195000e+01
   1.3191000e+01
   1.3189000e+01
   1.3188000e+01
   1.3185000e+01
   1.3183000e+01
   1.3179000e+01
   1.3179000e+01
   1.3178000e+01
   1.3177000e+01
   1.3177000e+01
   1.3177000e+01
   1.3177000e+01
   1.3177000e+01
   1.3181000e+01
   1.3185000e+01
   1.3188000e+01
   1.3192000e+01
   1.3199000e+01
   1.3207000e+01
   1.3216000e+01
   1.3227000e+01
   1.3238000e+01
   1.3252000e+01
   1.3267000e+01
   1.3283000e+01
   1.3298000e+01
   1.3315000e+01
   1.3332000e+01
   1.3350000e+01
   1.3370000e+01
   1.3390000e+01
   1.3409000e+01
   1.3426000e+01
   1.3444000e+01
   1.3459000e+01
   1.3475000e+01
   1.3490000e+01
   1.3501000e+01
   1.3513000e+01
   1.3524000e+01
   1.3534000e+01
   1.3542000e+01
   1.3549000e+01
   1.3554000e+01
   1.3558000e+01
   1.3561000e+01
   1.3561000e+01
   1.3560000e+01
   1.3559000e+01
   1.3557000e+01
   1.3554000e+01
   1.3552000e+01
   1.3549000e+01
   1.3547000e+01
   1.3544000e+01
   1.3542000e+01
   1.3539000e+01
   1.3536000e+01
   1.3534000e+01
   1.3532000e+01
   1.3531000e+01
   1.3531000e+01
   1.3531000e+01
   1.3533000e+01
   1.3533000e+01
   1.3532000e+01
   1.3531000e+01
   1.3531000e+01
   1.3530000e+01
   1.3530000e+01
   1.3530000e+01
   1.3530000e+01
   1.3532000e+01
   1.3532000e+01
   1.3543000e+01
   1.3561000e+01
   1.3571000e+01
   1.3576000e+01
   1.3580000e+01
   1.3584000e+01
   1.3585000e+01
   1.3587000e+01
   1.3587000e+01
   1.3587000e+01
   1.3588000e+01
   1.3588000e+01
   1.3586000e+01
   1.3584000e+01
   1.3585000e+01
   1.3584000e+01
   1.3583000e+01
   1.3581000e+01
   1.3581000e+01
   1.3578000e+01
   1.3578000e+01
   1.3578000e+01
   1.3575000e+01
   1.3575000e+01
   1.3574000e+01
   1.3573000e+01
   1.3572000e+01
   1.3571000e+01
   1.3570000e+01
   1.3569000e+01
   1.3570000e+01
   1.3568000e+01
   1.3565000e+01
   1.3563000e+01
   1.3562000e+01
   1.3561000e+01
   1.3559000e+01
   1.3557000e+01
   1.3556000e+01
   1.3557000e+01
   1.3554000e+01
   1.3554000e+01
   1.3552000e+01
   1.3552000e+01
   1.3551000e+01
   1.3550000e+01
   1.3548000e+01
   1.3547000e+01
   1.3547000e+01
   1.3546000e+01
   1.3545000e+01
   1.3544000e+01
   1.3544000e+01
   1.3545000e+01
   1.3546000e+01
   1.3547000e+01
   1.3550000e+01
   1.3553000e+01
   1.3553000e+01
   1.3553000e+01
   1.3552000e+01
   1.3553000e+01
   1.3552000e+01
   1.3552000e+01
   1.3552000e+01
   1.3550000e+01
   1.3550000e+01
   1.3547000e+01
   1.3547000e+01
   1.3547000e+01
   1.3544000e+01
   1.3544000e+01
   1.3541000e+01
   1.3540000e+01
   1.3536000e+01
   1.3536000e+01
   1.3533000e+01
   1.3532000e+01
   1.3529000e+01
   1.3527000e+01
   1.3524000e+01
   1.3519000e+01
   1.3517000e+01
   1.3514000e+01
   1.3511000e+01
   1.3508000e+01
   1.3503000e+01
   1.3500000e+01
   1.3494000e+01
   1.3490000e+01
   1.3486000e+01
   1.3482000e+01
   1.3478000e+01
   1.3473000e+01
   1.3469000e+01
   1.3465000e+01
   1.3460000e+01
   1.3455000e+01
   1.3452000e+01
   1.3446000e+01
   1.3443000e+01
   1.3437000e+01
   1.3432000e+01
   1.3428000e+01
   1.3422000e+01
   1.3417000e+01
   1.3411000e+01
   1.3406000e+01
   1.3399000e+01
   1.3395000e+01
   1.3389000e+01
   1.3384000e+01
   1.3380000e+01
   1.3374000e+01
   1.3369000e+01
   1.3363000e+01
   1.3357000e+01
   1.3350000e+01
   1.3343000e+01
   1.3331000e+01
   1.3321000e+01
   1.3311000e+01
   1.3291000e+01
   1.3277000e+01
   1.3264000e+01
   1.3257000e+01
   1.3249000e+01
   1.3243000e+01
   1.3237000e+01
   1.3231000e+01
   1.3226000e+01
   1.3219000e+01
   1.3215000e+01
   1.3208000e+01
   1.3203000e+01
   1.3197000e+01
   1.3192000e+01
   1.3185000e+01
   1.3180000e+01
   1.3175000e+01
   1.3170000e+01
   1.3166000e+01
   1.3162000e+01
   1.3170000e+01
   1.3172000e+01
   1.3168000e+01
   1.3172000e+01
   1.3172000e+01
   1.3176000e+01
   1.3176000e+01
   1.3173000e+01
   1.3170000e+01
   1.3168000e+01
   1.3164000e+01
   1.3161000e+01
   1.3158000e+01
   1.3152000e+01
   1.3149000e+01
   1.3145000e+01
   1.3141000e+01
   1.3135000e+01
   1.3131000e+01
   1.3127000e+01
   1.3123000e+01
   1.3118000e+01
   1.3113000e+01
   1.3109000e+01
   1.3104000e+01
   1.3100000e+01
   1.3095000e+01
   1.3091000e+01
   1.3086000e+01
   1.3083000e+01
   1.3080000e+01
   1.3075000e+01
   1.3073000e+01
   1.3070000e+01
   1.3068000e+01
   1.3064000e+01
   1.3062000e+01
   1.3060000e+01
   1.3054000e+01
   1.3030000e+01
   1.3013000e+01
   1.3006000e+01
   1.3003000e+01
   1.3003000e+01
   1.3004000e+01
   1.3006000e+01
   1.3007000e+01
   1.3007000e+01
   1.3012000e+01
   1.3016000e+01
   1.3023000e+01
   1.3029000e+01
   1.3036000e+01
   1.3045000e+01
   1.3052000e+01
   1.3060000e+01
   1.3068000e+01
   1.3075000e+01
   1.3085000e+01
   1.3098000e+01
   1.3109000e+01
   1.3121000e+01
   1.3132000e+01
   1.3142000e+01
   1.3150000e+01
   1.3156000e+01
   1.3165000e+01
   1.3174000e+01
   1.3182000e+01
   1.3190000e+01
   1.3197000e+01
   1.3205000e+01
   1.3214000e+01
   1.3221000e+01
   1.3227000e+01
   1.3233000e+01
   1.3238000e+01
   1.3243000e+01
   1.3248000e+01
   1.3254000e+01
   1.3260000e+01
   1.3261000e+01
   1.3261000e+01
   1.3261000e+01
   1.3257000e+01
   1.3251000e+01
   1.3250000e+01
   1.3254000e+01
   1.3275000e+01
   1.3289000e+01
   1.3296000e+01
   1.3305000e+01
   1.3311000e+01
   1.3314000e+01
   1.3314000e+01
   1.3314000e+01
   1.3313000e+01
   1.3312000e+01
   1.3311000e+01
   1.3309000e+01
   1.3310000e+01
   1.3308000e+01
   1.3309000e+01
   1.3307000e+01
   1.3306000e+01
   1.3304000e+01
   1.3302000e+01
   1.3302000e+01
   1.3299000e+01
   1.3297000e+01
   1.3293000e+01
   1.3291000e+01
   1.3290000e+01
   1.3289000e+01
   1.3287000e+01
   1.3284000e+01
   1.3283000e+01
   1.3280000e+01
   1.3278000e+01
   1.3275000e+01
   1.3271000e+01
   1.3269000e+01
   1.3264000e+01
   1.3260000e+01
   1.3257000e+01
   1.3253000e+01
   1.3249000e+01
   1.3246000e+01
   1.3243000e+01
   1.3240000e+01
   1.3236000e+01
   1.3232000e+01
   1.3229000e+01
   1.3225000e+01
   1.3221000e+01
   1.3217000e+01
   1.3213000e+01
   1.3209000e+01
   1.3206000e+01
   1.3203000e+01
   1.3199000e+01
   1.3196000e+01
   1.3174000e+01
   1.3151000e+01
   1.3136000e+01
   1.3127000e+01
   1.3119000e+01
   1.3112000e+01
   1.3107000e+01
   1.3101000e+01
   1.3096000e+01
   1.3088000e+01
   1.3085000e+01
   1.3080000e+01
   1.3075000e+01
   1.3070000e+01
   1.3065000e+01
   1.3061000e+01
   1.3062000e+01
   1.3081000e+01
   1.3090000e+01
   1.3092000e+01
   1.3090000e+01
   1.3088000e+01
   1.3084000e+01
   1.3082000e+01
   1.3080000e+01
   1.3077000e+01
   1.3074000e+01
   1.3072000e+01
   1.3066000e+01
   1.3060000e+01
   1.3055000e+01
   1.3052000e+01
   1.3047000e+01
   1.3044000e+01
   1.3040000e+01
   1.3037000e+01
   1.3034000e+01
   1.3032000e+01
   1.3029000e+01
   1.3025000e+01
   1.3023000e+01
   1.3018000e+01
   1.3015000e+01
   1.3007000e+01
   1.2983000e+01
   1.2965000e+01
   1.2955000e+01
   1.2947000e+01
   1.2942000e+01
   1.2938000e+01
   1.2934000e+01
   1.2932000e+01
   1.2928000e+01
   1.2926000e+01
   1.2922000e+01
   1.2919000e+01
   1.2916000e+01
   1.2912000e+01
   1.2910000e+01
   1.2907000e+01
   1.2904000e+01
   1.2900000e+01
   1.2896000e+01
   1.2892000e+01
   1.2889000e+01
   1.2885000e+01
   1.2882000e+01
   1.2879000e+01
   1.2875000e+01
   1.2871000e+01
   1.2867000e+01
   1.2864000e+01
   1.2860000e+01
   1.2856000e+01
   1.2853000e+01
   1.2848000e+01
   1.2845000e+01
   1.2842000e+01
   1.2839000e+01
   1.2836000e+01
   1.2833000e+01
   1.2831000e+01
   1.2829000e+01
   1.2827000e+01
   1.2825000e+01
   1.2824000e+01
   1.2821000e+01
   1.2821000e+01
   1.2821000e+01
   1.2819000e+01
   1.2820000e+01
   1.2821000e+01
   1.2824000e+01
   1.2825000e+01
   1.2830000e+01
   1.2833000e+01
   1.2840000e+01
   1.2845000e+01
   1.2853000e+01
   1.2862000e+01
   1.2871000e+01
   1.2881000e+01
   1.2891000e+01
   1.2905000e+01
   1.2916000e+01
   1.2929000e+01
   1.2942000e+01
   1.2954000e+01
   1.2967000e+01
   1.2978000e+01
   1.2992000e+01
   1.3004000e+01
   1.3020000e+01
   1.3050000e+01
   1.3070000e+01
   1.3086000e+01
   1.3098000e+01
   1.3109000e+01
   1.3116000e+01
   1.3123000e+01
   1.3127000e+01
   1.3132000e+01
   1.3138000e+01
   1.3141000e+01
   1.3144000e+01
   1.3148000e+01
   1.3150000e+01
   1.3151000e+01
   1.3153000e+01
   1.3154000e+01
   1.3154000e+01
   1.3156000e+01
   1.3141000e+01
   1.3123000e+01
   1.3111000e+01
   1.3106000e+01
   1.3101000e+01
   1.3099000e+01
   1.3096000e+01
   1.3093000e+01
   1.3090000e+01
   1.3088000e+01
   1.3086000e+01
   1.3081000e+01
   1.3078000e+01
   1.3075000e+01
   1.3072000e+01
   1.3068000e+01
   1.3064000e+01
   1.3060000e+01
   1.3056000e+01
   1.3052000e+01
   1.3049000e+01
   1.3045000e+01
   1.3043000e+01
   1.3043000e+01
   1.3043000e+01
   1.3044000e+01
   1.3044000e+01
   1.3048000e+01
   1.3052000e+01
   1.3057000e+01
   1.3065000e+01
   1.3074000e+01
   1.3084000e+01
   1.3095000e+01
   1.3107000e+01
   1.3121000e+01
   1.3133000e+01
   1.3147000e+01
   1.3161000e+01
   1.3175000e+01
   1.3188000e+01
   1.3201000e+01
   1.3212000e+01
   1.3223000e+01
   1.3234000e+01
   1.3244000e+01
   1.3253000e+01
   1.3261000e+01
   1.3268000e+01
   1.3275000e+01
   1.3280000e+01
   1.3285000e+01
   1.3287000e+01
   1.3291000e+01
   1.3294000e+01
   1.3295000e+01
   1.3296000e+01
   1.3296000e+01
   1.3296000e+01
   1.3295000e+01
   1.3295000e+01
   1.3294000e+01
   1.3293000e+01
   1.3292000e+01
   1.3290000e+01
   1.3289000e+01
   1.3286000e+01
   1.3284000e+01
   1.3282000e+01
   1.3279000e+01
   1.3276000e+01
   1.3275000e+01
   1.3270000e+01
   1.3266000e+01
   1.3262000e+01
   1.3257000e+01
   1.3254000e+01
   1.3250000e+01
   1.3246000e+01
   1.3241000e+01
   1.3235000e+01
   1.3229000e+01
   1.3225000e+01
   1.3219000e+01
   1.3214000e+01
   1.3208000e+01
   1.3204000e+01
   1.3199000e+01
   1.3191000e+01
   1.3184000e+01
   1.3178000e+01
   1.3172000e+01
   1.3166000e+01
   1.3158000e+01
   1.3151000e+01
   1.3144000e+01
   1.3136000e+01
   1.3130000e+01
   1.3121000e+01
   1.3115000e+01
   1.3108000e+01
   1.3100000e+01
   1.3093000e+01
   1.3086000e+01
   1.3077000e+01
   1.3070000e+01
   1.3063000e+01
   1.3056000e+01
   1.3049000e+01
   1.3042000e+01
   1.3036000e+01
   1.3030000e+01
   1.3023000e+01
   1.3017000e+01
   1.3011000e+01
   1.3005000e+01
   1.2998000e+01
   1.2992000e+01
   1.2988000e+01
   1.2982000e+01
   1.2976000e+01
   1.2971000e+01
   1.2965000e+01
   1.2959000e+01
   1.2954000e+01
   1.2948000e+01
   1.2943000e+01
   1.2937000e+01
   1.2931000e+01
   1.2925000e+01
   1.2921000e+01
   1.2917000e+01
   1.2913000e+01
   1.2907000e+01
   1.2902000e+01
   1.2898000e+01
   1.2892000e+01
   1.2888000e+01
   1.2882000e+01
   1.2877000e+01
   1.2873000e+01
   1.2868000e+01
   1.2864000e+01
   1.2860000e+01
   1.2855000e+01
   1.2851000e+01
   1.2847000e+01
   1.2842000e+01
   1.2838000e+01
   1.2832000e+01
   1.2828000e+01
   1.2824000e+01
   1.2819000e+01
   1.2815000e+01
   1.2809000e+01
   1.2805000e+01
   1.2800000e+01
   1.2796000e+01
   1.2791000e+01
   1.2787000e+01
   1.2782000e+01
   1.2778000e+01
   1.2774000e+01
   1.2771000e+01
   1.2768000e+01
   1.2765000e+01
   1.2766000e+01
   1.2765000e+01
   1.2765000e+01
   1.2765000e+01
   1.2764000e+01
   1.2766000e+01
   1.2768000e+01
   1.2772000e+01
   1.2775000e+01
   1.2779000e+01
   1.2783000e+01
   1.2789000e+01
   1.2794000e+01
   1.2799000e+01
   1.2804000e+01
   1.2809000e+01
   1.2815000e+01
   1.2821000e+01
   1.2826000e+01
   1.2833000e+01
   1.2838000e+01
   1.2843000e+01
   1.2848000e+01
   1.2851000e+01
   1.2855000e+01
   1.2859000e+01
   1.2863000e+01
   1.2866000e+01
   1.2869000e+01
   1.2872000e+01
   1.2874000e+01
   1.2877000e+01
   1.2879000e+01
   1.2880000e+01
   1.2883000e+01
   1.2883000e+01
   1.2883000e+01
   1.2882000e+01
   1.2883000e+01
   1.2883000e+01
   1.2882000e+01
   1.2883000e+01
   1.2882000e+01
   1.2882000e+01
   1.2882000e+01
   1.2881000e+01
   1.2881000e+01
   1.2880000e+01
   1.2881000e+01
   1.2879000e+01
   1.2878000e+01
   1.2876000e+01
   1.2876000e+01
   1.2873000e+01
   1.2870000e+01
   1.2868000e+01
   1.2867000e+01
   1.2864000e+01
   1.2861000e+01
   1.2858000e+01
   1.2853000e+01
   1.2851000e+01
   1.2847000e+01
   1.2843000e+01
   1.2841000e+01
   1.2838000e+01
   1.2835000e+01
   1.2829000e+01
   1.2824000e+01
   1.2818000e+01
   1.2813000e+01
   1.2809000e+01
   1.2805000e+01
   1.2801000e+01
   1.2796000e+01
   1.2792000e+01
   1.2788000e+01
   1.2784000e+01
   1.2780000e+01
   1.2776000e+01
   1.2773000e+01
   1.2769000e+01
   1.2766000e+01
   1.2762000e+01
   1.2758000e+01
   1.2754000e+01
   1.2750000e+01
   1.2747000e+01
   1.2743000e+01
   1.2742000e+01
   1.2739000e+01
   1.2738000e+01
   1.2736000e+01
   1.2734000e+01
   1.2733000e+01
   1.2730000e+01
   1.2729000e+01
   1.2728000e+01
   1.2727000e+01
   1.2725000e+01
   1.2724000e+01
   1.2722000e+01
   1.2721000e+01
   1.2720000e+01
   1.2719000e+01
   1.2719000e+01
   1.2717000e+01
   1.2717000e+01
   1.2715000e+01
   1.2715000e+01
   1.2712000e+01
   1.2711000e+01
   1.2710000e+01
   1.2707000e+01
   1.2706000e+01
   1.2704000e+01
   1.2702000e+01
   1.2700000e+01
   1.2700000e+01
   1.2698000e+01
   1.2698000e+01
   1.2696000e+01
   1.2694000e+01
   1.2694000e+01
   1.2691000e+01
   1.2691000e+01
   1.2690000e+01
   1.2688000e+01
   1.2687000e+01
   1.2685000e+01
   1.2683000e+01
   1.2681000e+01
   1.2679000e+01
   1.2677000e+01
   1.2675000e+01
   1.2673000e+01
   1.2672000e+01
   1.2669000e+01
   1.2666000e+01
   1.2664000e+01
   1.2660000e+01
   1.2658000e+01
   1.2654000e+01
   1.2652000e+01
   1.2649000e+01
   1.2646000e+01
   1.2642000e+01
   1.2637000e+01
   1.2634000e+01
   1.2629000e+01
   1.2626000e+01
   1.2621000e+01
   1.2621000e+01
   1.2634000e+01
   1.2641000e+01
   1.2643000e+01
   1.2640000e+01
   1.2637000e+01
   1.2632000e+01
   1.2627000e+01
   1.2623000e+01
   1.2621000e+01
   1.2621000e+01
   1.2621000e+01
   1.2621000e+01
   1.2620000e+01
   1.2620000e+01
   1.2616000e+01
   1.2610000e+01
   1.2603000e+01
   1.2598000e+01
   1.2592000e+01
   1.2587000e+01
   1.2584000e+01
   1.2581000e+01
   1.2579000e+01
   1.2577000e+01
   1.2576000e+01
   1.2577000e+01
   1.2577000e+01
   1.2577000e+01
   1.2577000e+01
   1.2578000e+01
   1.2576000e+01
   1.2576000e+01
   1.2574000e+01
   1.2573000e+01
   1.2573000e+01
   1.2571000e+01
   1.2569000e+01
   1.2567000e+01
   1.2563000e+01
   1.2559000e+01
   1.2557000e+01
   1.2555000e+01
   1.2553000e+01
   1.2551000e+01
   1.2548000e+01
   1.2545000e+01
   1.2542000e+01
   1.2541000e+01
   1.2538000e+01
   1.2535000e+01
   1.2532000e+01
   1.2529000e+01
   1.2528000e+01
   1.2527000e+01
   1.2528000e+01
   1.2530000e+01
   1.2540000e+01
   1.2547000e+01
   1.2545000e+01
   1.2540000e+01
   1.2539000e+01
   1.2543000e+01
   1.2543000e+01
   1.2546000e+01
   1.2549000e+01
   1.2541000e+01
   1.2534000e+01
   1.2529000e+01
   1.2533000e+01
   1.2529000e+01
   1.2519000e+01
   1.2508000e+01
   1.2503000e+01
   1.2504000e+01
   1.2506000e+01
   1.2509000e+01
   1.2519000e+01
   1.2531000e+01
   1.2547000e+01
   1.2565000e+01
   1.2584000e+01
   1.2601000e+01
   1.2616000e+01
   1.2627000e+01
   1.2638000e+01
   1.2647000e+01
   1.2656000e+01
   1.2665000e+01
   1.2675000e+01
   1.2683000e+01
   1.2691000e+01
   1.2699000e+01
   1.2706000e+01
   1.2711000e+01
   1.2717000e+01
   1.2723000e+01
   1.2730000e+01
   1.2734000e+01
   1.2739000e+01
   1.2743000e+01
   1.2747000e+01
   1.2749000e+01
   1.2752000e+01
   1.2755000e+01
   1.2759000e+01
   1.2762000e+01
   1.2765000e+01
   1.2768000e+01
   1.2769000e+01
   1.2771000e+01
   1.2776000e+01
   1.2780000e+01
   1.2787000e+01
   1.2792000e+01
   1.2797000e+01
   1.2803000e+01
   1.2810000e+01
   1.2817000e+01
   1.2825000e+01
   1.2833000e+01
   1.2841000e+01
   1.2850000e+01
   1.2861000e+01
   1.2871000e+01
   1.2880000e+01
   1.2893000e+01
   1.2905000e+01
   1.2919000e+01
   1.2929000e+01
   1.2940000e+01
   1.2951000e+01
   1.2961000e+01
   1.2971000e+01
   1.2979000e+01
   1.2987000e+01
   1.2996000e+01
   1.3004000e+01
   1.3012000e+01
   1.3020000e+01
   1.3024000e+01
   1.3031000e+01
   1.3037000e+01
   1.3042000e+01
   1.3048000e+01
   1.3053000e+01
   1.3057000e+01
   1.3062000e+01
   1.3066000e+01
   1.3069000e+01
   1.3073000e+01
   1.3074000e+01
   1.3080000e+01
   1.3084000e+01
   1.3088000e+01
   1.3092000e+01
   1.3096000e+01
   1.3099000e+01
   1.3103000e+01
   1.3107000e+01
   1.3108000e+01
   1.3109000e+01
   1.3110000e+01
   1.3110000e+01
   1.3111000e+01
   1.3112000e+01
   1.3114000e+01
   1.3111000e+01
   1.3110000e+01
   1.3107000e+01
   1.3108000e+01
   1.3109000e+01
   1.3108000e+01
   1.3109000e+01
   1.3108000e+01
   1.3107000e+01
   1.3104000e+01
   1.3102000e+01
   1.3100000e+01
   1.3097000e+01
   1.3095000e+01
   1.3092000e+01
   1.3090000e+01
   1.3086000e+01
   1.3084000e+01
   1.3080000e+01
   1.3076000e+01
   1.3074000e+01
   1.3069000e+01
   1.3064000e+01
   1.3059000e+01
   1.3056000e+01
   1.3051000e+01
   1.3047000e+01
   1.3042000e+01
   1.3038000e+01
   1.3034000e+01
   1.3030000e+01
   1.3026000e+01
   1.3021000e+01
   1.3015000e+01
   1.3010000e+01
   1.3006000e+01
   1.3001000e+01
   1.2996000e+01
   1.2992000e+01
   1.2986000e+01
   1.2983000e+01
   1.2978000e+01
   1.2973000e+01
   1.2969000e+01
   1.2964000e+01
   1.2959000e+01
   1.2954000e+01
   1.2951000e+01
   1.2946000e+01
   1.2944000e+01
   1.2940000e+01
   1.2938000e+01
   1.2935000e+01
   1.2932000e+01
   1.2930000e+01
   1.2928000e+01
   1.2926000e+01
   1.2923000e+01
   1.2922000e+01
   1.2921000e+01
   1.2921000e+01
   1.2920000e+01
   1.2920000e+01
   1.2920000e+01
   1.2919000e+01
   1.2921000e+01
   1.2922000e+01
   1.2922000e+01
   1.2922000e+01
   1.2923000e+01
   1.2924000e+01
   1.2925000e+01
   1.2926000e+01
   1.2928000e+01
   1.2929000e+01
   1.2929000e+01
   1.2931000e+01
   1.2931000e+01
   1.2932000e+01
   1.2933000e+01
   1.2933000e+01
   1.2935000e+01
   1.2935000e+01
   1.2935000e+01
   1.2935000e+01
   1.2936000e+01
   1.2936000e+01
   1.2937000e+01
   1.2938000e+01
   1.2937000e+01
   1.2937000e+01
   1.2935000e+01
   1.2935000e+01
   1.2934000e+01
   1.2933000e+01
   1.2932000e+01
   1.2930000e+01
   1.2929000e+01
   1.2927000e+01
   1.2925000e+01
   1.2924000e+01
   1.2923000e+01
   1.2919000e+01
   1.2918000e+01
   1.2917000e+01
   1.2914000e+01
   1.2913000e+01
   1.2909000e+01
   1.2909000e+01
   1.2904000e+01
   1.2902000e+01
   1.2899000e+01
   1.2895000e+01
   1.2892000e+01
   1.2888000e+01
   1.2885000e+01
   1.2882000e+01
   1.2879000e+01
   1.2875000e+01
   1.2872000e+01
   1.2868000e+01
   1.2865000e+01
   1.2862000e+01
   1.2858000e+01
   1.2855000e+01
   1.2851000e+01
   1.2846000e+01
   1.2843000e+01
   1.2838000e+01
   1.2834000e+01
   1.2829000e+01
   1.2825000e+01
   1.2821000e+01
   1.2818000e+01
   1.2814000e+01
   1.2810000e+01
   1.2807000e+01
   1.2803000e+01
   1.2799000e+01
   1.2794000e+01
   1.2789000e+01
   1.2784000e+01
   1.2781000e+01
   1.2776000e+01
   1.2772000e+01
   1.2768000e+01
   1.2764000e+01
   1.2760000e+01
   1.2756000e+01
   1.2753000e+01
   1.2748000e+01
   1.2745000e+01
   1.2741000e+01
   1.2736000e+01
   1.2734000e+01
   1.2729000e+01
   1.2726000e+01
   1.2720000e+01
   1.2716000e+01
   1.2712000e+01
   1.2708000e+01
   1.2704000e+01
   1.2701000e+01
   1.2698000e+01
   1.2693000e+01
   1.2689000e+01
   1.2685000e+01
   1.2681000e+01
   1.2676000e+01
   1.2673000e+01
   1.2671000e+01
   1.2667000e+01
   1.2667000e+01
   1.2661000e+01
   1.2658000e+01
   1.2653000e+01
   1.2649000e+01
   1.2645000e+01
   1.2642000e+01
   1.2638000e+01
   1.2633000e+01
   1.2630000e+01
   1.2627000e+01
   1.2625000e+01
   1.2621000e+01
   1.2618000e+01
   1.2615000e+01
   1.2610000e+01
   1.2607000e+01
   1.2603000e+01
   1.2600000e+01
   1.2596000e+01
   1.2592000e+01
   1.2590000e+01
   1.2587000e+01
   1.2584000e+01
   1.2580000e+01
   1.2577000e+01
   1.2574000e+01
   1.2571000e+01
   1.2568000e+01
   1.2566000e+01
   1.2563000e+01
   1.2559000e+01
   1.2556000e+01
   1.2552000e+01
   1.2551000e+01
   1.2547000e+01
   1.2545000e+01
   1.2543000e+01
   1.2541000e+01
   1.2539000e+01
   1.2537000e+01
   1.2536000e+01
   1.2534000e+01
   1.2533000e+01
   1.2530000e+01
   1.2529000e+01
   1.2526000e+01
   1.2523000e+01
   1.2522000e+01
   1.2520000e+01
   1.2518000e+01
   1.2517000e+01
   1.2515000e+01
   1.2513000e+01
   1.2514000e+01
   1.2512000e+01
   1.2511000e+01
   1.2509000e+01
   1.2506000e+01
   1.2505000e+01
   1.2503000e+01
   1.2501000e+01
   1.2499000e+01
   1.2497000e+01
   1.2495000e+01
   1.2492000e+01
   1.2490000e+01
   1.2488000e+01
   1.2487000e+01
   1.2485000e+01
   1.2482000e+01
   1.2480000e+01
   1.2476000e+01
   1.2474000e+01
   1.2470000e+01
   1.2468000e+01
   1.2465000e+01
   1.2464000e+01
   1.2463000e+01
   1.2460000e+01
   1.2459000e+01
   1.2457000e+01
   1.2455000e+01
   1.2454000e+01
   1.2453000e+01
   1.2452000e+01
   1.2452000e+01
   1.2451000e+01
   1.2450000e+01
   1.2451000e+01
   1.2452000e+01
   1.2456000e+01
   1.2458000e+01
   1.2461000e+01
   1.2464000e+01
   1.2468000e+01
   1.2472000e+01
   1.2477000e+01
   1.2483000e+01
   1.2489000e+01
   1.2495000e+01
   1.2502000e+01
   1.2508000e+01
   1.2515000e+01
   1.2524000e+01
   1.2531000e+01
   1.2540000e+01
   1.2548000e+01
   1.2556000e+01
   1.2565000e+01
   1.2573000e+01
   1.2582000e+01
   1.2590000e+01
   1.2597000e+01
   1.2606000e+01
   1.2614000e+01
   1.2622000e+01
   1.2629000e+01
   1.2636000e+01
   1.2642000e+01
   1.2649000e+01
   1.2655000e+01
   1.2660000e+01
   1.2666000e+01
   1.2671000e+01
   1.2675000e+01
   1.2678000e+01
   1.2682000e+01
   1.2686000e+01
   1.2689000e+01
   1.2693000e+01
   1.2695000e+01
   1.2699000e+01
   1.2702000e+01
   1.2704000e+01
   1.2705000e+01
   1.2706000e+01
   1.2707000e+01
   1.2709000e+01
   1.2711000e+01
   1.2712000e+01
   1.2714000e+01
   1.2714000e+01
   1.2715000e+01
   1.2715000e+01
   1.2714000e+01
   1.2714000e+01
   1.2713000e+01
   1.2713000e+01
   1.2711000e+01
   1.2709000e+01
   1.2706000e+01
   1.2706000e+01
   1.2704000e+01
   1.2700000e+01
   1.2697000e+01
   1.2694000e+01
   1.2692000e+01
   1.2688000e+01
   1.2685000e+01
   1.2682000e+01
   1.2678000e+01
   1.2674000e+01
   1.2671000e+01
   1.2668000e+01
   1.2665000e+01
   1.2661000e+01
   1.2657000e+01
   1.2653000e+01
   1.2648000e+01
   1.2644000e+01
   1.2641000e+01
   1.2637000e+01
   1.2633000e+01
   1.2630000e+01
   1.2625000e+01
   1.2620000e+01
   1.2616000e+01
   1.2611000e+01
   1.2605000e+01
   1.2601000e+01
   1.2597000e+01
   1.2593000e+01
   1.2588000e+01
   1.2585000e+01
   1.2580000e+01
   1.2575000e+01
   1.2571000e+01
   1.2566000e+01
   1.2562000e+01
   1.2558000e+01
   1.2553000e+01
   1.2549000e+01
   1.2545000e+01
   1.2541000e+01
   1.2537000e+01
   1.2533000e+01
   1.2528000e+01
   1.2525000e+01
   1.2520000e+01
   1.2518000e+01
   1.2513000e+01
   1.2511000e+01
   1.2508000e+01
   1.2505000e+01
   1.2501000e+01
   1.2498000e+01
   1.2494000e+01
   1.2491000e+01
   1.2488000e+01
   1.2483000e+01
   1.2480000e+01
   1.2476000e+01
   1.2472000e+01
   1.2470000e+01
   1.2466000e+01
   1.2462000e+01
   1.2458000e+01
   1.2454000e+01
   1.2452000e+01
   1.2448000e+01
   1.2445000e+01
   1.2442000e+01
   1.2438000e+01
   1.2435000e+01
   1.2431000e+01
   1.2428000e+01
   1.2424000e+01
   1.2420000e+01
   1.2417000e+01
   1.2415000e+01
   1.2411000e+01
   1.2409000e+01
   1.2404000e+01
   1.2402000e+01
   1.2398000e+01
   1.2396000e+01
   1.2393000e+01
   1.2390000e+01
   1.2387000e+01
   1.2385000e+01
   1.2382000e+01
   1.2380000e+01
   1.2377000e+01
   1.2374000e+01
   1.2371000e+01
   1.2368000e+01
   1.2365000e+01
   1.2363000e+01
   1.2359000e+01
   1.2357000e+01
   1.2353000e+01
   1.2351000e+01
   1.2348000e+01
   1.2346000e+01
   1.2343000e+01
   1.2339000e+01
   1.2337000e+01
   1.2334000e+01
   1.2332000e+01
   1.2328000e+01
   1.2326000e+01
   1.2323000e+01
   1.2320000e+01
   1.2317000e+01
   1.2314000e+01
   1.2312000e+01
   1.2309000e+01
   1.2307000e+01
   1.2304000e+01
   1.2302000e+01
   1.2298000e+01
   1.2296000e+01
   1.2293000e+01
   1.2290000e+01
   1.2288000e+01
   1.2286000e+01
   1.2284000e+01
   1.2281000e+01
   1.2279000e+01
   1.2276000e+01
   1.2272000e+01
   1.2270000e+01
   1.2267000e+01
   1.2265000e+01
   1.2263000e+01
   1.2261000e+01
   1.2258000e+01
   1.2255000e+01
   1.2252000e+01
   1.2249000e+01
   1.2247000e+01
   1.2244000e+01
   1.2242000e+01
   1.2239000e+01
   1.2237000e+01
   1.2234000e+01
   1.2231000e+01
   1.2229000e+01
   1.2227000e+01
   1.2225000e+01
   1.2222000e+01
   1.2219000e+01
   1.2217000e+01
   1.2215000e+01
   1.2211000e+01
   1.2209000e+01
   1.2207000e+01
   1.2204000e+01
   1.2202000e+01
   1.2200000e+01
   1.2199000e+01
   1.2197000e+01
   1.2194000e+01
   1.2193000e+01
   1.2190000e+01
   1.2189000e+01
   1.2186000e+01
   1.2185000e+01
   1.2183000e+01
   1.2181000e+01
   1.2179000e+01
   1.2177000e+01
   1.2176000e+01
   1.2173000e+01
   1.2172000e+01
   1.2170000e+01
   1.2169000e+01
   1.2168000e+01
   1.2166000e+01
   1.2164000e+01
   1.2162000e+01
   1.2161000e+01
   1.2159000e+01
   1.2158000e+01
   1.2155000e+01
   1.2155000e+01
   1.2152000e+01
   1.2150000e+01
   1.2149000e+01
   1.2145000e+01
   1.2144000e+01
   1.2142000e+01
   1.2141000e+01
   1.2139000e+01
   1.2136000e+01
   1.2134000e+01
   1.2132000e+01
   1.2131000e+01
   1.2129000e+01
   1.2128000e+01
   1.2126000e+01
   1.2125000e+01
   1.2123000e+01
   1.2122000e+01
   1.2121000e+01
   1.2119000e+01
   1.2117000e+01
   1.2116000e+01
   1.2115000e+01
   1.2115000e+01
   1.2113000e+01
   1.2111000e+01
   1.2110000e+01
   1.2108000e+01
   1.2106000e+01
   1.2105000e+01
   1.2103000e+01
   1.2106000e+01
   1.2105000e+01
   1.2108000e+01
   1.2108000e+01
   1.2108000e+01
   1.2109000e+01
   1.2108000e+01
   1.2110000e+01
   1.2109000e+01
   1.2110000e+01
   1.2111000e+01
   1.2110000e+01
   1.2107000e+01
   1.2105000e+01
   1.2104000e+01
   1.2104000e+01
   1.2105000e+01
   1.2103000e+01
   1.2104000e+01
   1.2104000e+01
   1.2104000e+01
   1.2105000e+01
   1.2105000e+01
   1.2106000e+01
   1.2105000e+01
   1.2107000e+01
   1.2106000e+01
   1.2107000e+01
   1.2108000e+01
   1.2107000e+01
   1.2107000e+01
   1.2105000e+01
   1.2106000e+01
   1.2105000e+01
   1.2105000e+01
   1.2105000e+01
   1.2104000e+01
   1.2104000e+01
   1.2105000e+01
   1.2105000e+01
   1.2105000e+01
   1.2104000e+01
   1.2103000e+01
   1.2102000e+01
   1.2103000e+01
   1.2102000e+01
   1.2102000e+01
   1.2100000e+01
   1.2099000e+01
   1.2098000e+01
   1.2097000e+01
   1.2096000e+01
   1.2095000e+01
   1.2095000e+01
   1.2093000e+01
   1.2092000e+01
   1.2091000e+01
   1.2090000e+01
   1.2088000e+01
   1.2087000e+01
   1.2086000e+01
   1.2084000e+01
   1.2083000e+01
   1.2082000e+01
   1.2081000e+01
   1.2081000e+01
   1.2080000e+01
   1.2078000e+01
   1.2077000e+01
   1.2077000e+01
   1.2077000e+01
   1.2077000e+01
   1.2077000e+01
   1.2079000e+01
   1.2079000e+01
   1.2081000e+01
   1.2082000e+01
   1.2083000e+01
   1.2086000e+01
   1.2088000e+01
   1.2091000e+01
   1.2092000e+01
   1.2096000e+01
   1.2099000e+01
   1.2104000e+01
   1.2110000e+01
   1.2115000e+01
   1.2123000e+01
   1.2132000e+01
   1.2142000e+01
   1.2152000e+01
   1.2165000e+01
   1.2179000e+01
   1.2194000e+01
   1.2209000e+01
   1.2226000e+01
   1.2244000e+01
   1.2261000e+01
   1.2280000e+01
   1.2298000e+01
   1.2317000e+01
   1.2334000e+01
   1.2352000e+01
   1.2369000e+01
   1.2386000e+01
   1.2404000e+01
   1.2420000e+01
   1.2436000e+01
   1.2450000e+01
   1.2466000e+01
   1.2478000e+01
   1.2489000e+01
   1.2501000e+01
   1.2509000e+01
   1.2520000e+01
   1.2526000e+01
   1.2533000e+01
   1.2540000e+01
   1.2546000e+01
   1.2551000e+01
   1.2555000e+01
   1.2560000e+01
   1.2562000e+01
   1.2566000e+01
   1.2568000e+01
   1.2571000e+01
   1.2574000e+01
   1.2576000e+01
   1.2579000e+01
   1.2582000e+01
   1.2586000e+01
   1.2589000e+01
   1.2591000e+01
   1.2593000e+01
   1.2595000e+01
   1.2597000e+01
   1.2598000e+01
   1.2598000e+01
   1.2599000e+01
   1.2600000e+01
   1.2601000e+01
   1.2602000e+01
   1.2602000e+01
   1.2602000e+01
   1.2601000e+01
   1.2601000e+01
   1.2601000e+01
   1.2599000e+01
   1.2598000e+01
   1.2598000e+01
   1.2596000e+01
   1.2594000e+01
   1.2592000e+01
   1.2591000e+01
   1.2587000e+01
   1.2586000e+01
   1.2584000e+01
   1.2582000e+01
   1.2579000e+01
   1.2574000e+01
   1.2571000e+01
   1.2566000e+01
   1.2562000e+01
   1.2557000e+01
   1.2553000e+01
   1.2549000e+01
   1.2545000e+01
   1.2539000e+01
   1.2535000e+01
   1.2530000e+01
   1.2525000e+01
   1.2520000e+01
   1.2514000e+01
   1.2510000e+01
   1.2503000e+01
   1.2498000e+01
   1.2492000e+01
   1.2486000e+01
   1.2481000e+01
   1.2476000e+01
   1.2470000e+01
   1.2465000e+01
   1.2458000e+01
   1.2453000e+01
   1.2449000e+01
   1.2444000e+01
   1.2438000e+01
   1.2434000e+01
   1.2428000e+01
   1.2423000e+01
   1.2416000e+01
   1.2410000e+01
   1.2404000e+01
   1.2399000e+01
   1.2393000e+01
   1.2387000e+01
   1.2381000e+01
   1.2377000e+01
   1.2371000e+01
   1.2366000e+01
   1.2362000e+01
   1.2356000e+01
   1.2351000e+01
   1.2347000e+01
   1.2342000e+01
   1.2337000e+01
   1.2332000e+01
   1.2328000e+01
   1.2323000e+01
   1.2319000e+01
   1.2315000e+01
   1.2310000e+01
   1.2306000e+01
   1.2301000e+01
   1.2297000e+01
   1.2293000e+01
   1.2291000e+01
   1.2286000e+01
   1.2282000e+01
   1.2278000e+01
   1.2273000e+01
   1.2270000e+01
   1.2266000e+01
   1.2262000e+01
   1.2257000e+01
   1.2254000e+01
   1.2250000e+01
   1.2247000e+01
   1.2243000e+01
   1.2238000e+01
   1.2235000e+01
   1.2230000e+01
   1.2228000e+01
   1.2224000e+01
   1.2221000e+01
   1.2217000e+01
   1.2213000e+01
   1.2210000e+01
   1.2206000e+01
   1.2203000e+01
   1.2200000e+01
   1.2196000e+01
   1.2193000e+01
   1.2191000e+01
   1.2186000e+01
   1.2183000e+01
   1.2181000e+01
   1.2178000e+01
   1.2176000e+01
   1.2172000e+01
   1.2168000e+01
   1.2165000e+01
   1.2161000e+01
   1.2159000e+01
   1.2157000e+01
   1.2153000e+01
   1.2150000e+01
   1.2147000e+01
   1.2143000e+01
   1.2141000e+01
   1.2137000e+01
   1.2134000e+01
   1.2131000e+01
   1.2128000e+01
   1.2126000e+01
   1.2122000e+01
   1.2119000e+01
   1.2116000e+01
   1.2113000e+01
   1.2111000e+01
   1.2107000e+01
   1.2105000e+01
   1.2102000e+01
   1.2099000e+01
   1.2096000e+01
   1.2093000e+01
   1.2090000e+01
   1.2088000e+01
   1.2086000e+01
   1.2082000e+01
   1.2081000e+01
   1.2078000e+01
   1.2075000e+01
   1.2073000e+01
   1.2071000e+01
   1.2069000e+01
   1.2066000e+01
   1.2064000e+01
   1.2062000e+01
   1.2059000e+01
   1.2056000e+01
   1.2053000e+01
   1.2050000e+01
   1.2048000e+01
   1.2046000e+01
   1.2044000e+01
   1.2041000e+01
   1.2038000e+01
   1.2036000e+01
   1.2035000e+01
   1.2032000e+01
   1.2030000e+01
   1.2029000e+01
   1.2026000e+01
   1.2024000e+01
   1.2023000e+01
   1.2020000e+01
   1.2019000e+01
   1.2016000e+01
   1.2013000e+01
   1.2011000e+01
   1.2010000e+01
   1.2008000e+01
   1.2006000e+01
   1.2003000e+01
   1.2002000e+01
   1.2000000e+01
   1.1998000e+01
   1.1997000e+01
   1.1994000e+01
   1.1993000e+01
   1.1991000e+01
   1.1988000e+01
   1.1987000e+01
   1.1984000e+01
   1.1983000e+01
   1.1981000e+01
   1.1979000e+01
   1.1977000e+01
   1.1975000e+01
   1.1973000e+01
   1.1971000e+01
   1.1970000e+01
   1.1968000e+01
   1.1968000e+01
   1.1965000e+01
   1.1965000e+01
   1.1962000e+01
   1.1961000e+01
   1.1958000e+01
   1.1957000e+01
   1.1955000e+01
   1.1953000e+01
   1.1952000e+01
   1.1950000e+01
   1.1948000e+01
   1.1947000e+01
   1.1946000e+01
   1.1944000e+01
   1.1941000e+01
   1.1940000e+01
   1.1938000e+01
   1.1937000e+01
   1.1934000e+01
   1.1933000e+01
   1.1931000e+01
   1.1929000e+01
   1.1928000e+01
   1.1927000e+01
   1.1925000e+01
   1.1923000e+01
   1.1921000e+01
   1.1919000e+01
   1.1917000e+01
   1.1916000e+01
   1.1914000e+01
   1.1913000e+01
   1.1911000e+01
   1.1909000e+01
   1.1907000e+01
   1.1906000e+01
   1.1904000e+01
   1.1902000e+01
   1.1901000e+01
   1.1899000e+01
   1.1897000e+01
   1.1895000e+01
   1.1893000e+01
   1.1892000e+01
   1.1890000e+01
   1.1888000e+01
   1.1885000e+01
   1.1885000e+01
   1.1882000e+01
   1.1881000e+01
   1.1879000e+01
   1.1877000e+01
   1.1876000e+01
   1.1873000e+01
   1.1874000e+01
   1.1871000e+01
   1.1870000e+01
   1.1869000e+01
   1.1867000e+01
   1.1865000e+01
   1.1863000e+01
   1.1861000e+01
   1.1859000e+01
   1.1859000e+01
   1.1857000e+01
   1.1856000e+01
   1.1854000e+01
   1.1853000e+01
   1.1851000e+01
   1.1849000e+01
   1.1848000e+01
   1.1846000e+01
   1.1845000e+01
   1.1843000e+01
   1.1842000e+01
   1.1839000e+01
   1.1838000e+01
   1.1837000e+01
   1.1834000e+01
   1.1833000e+01
   1.1831000e+01
   1.1830000e+01
   1.1828000e+01
   1.1826000e+01
   1.1825000e+01
   1.1823000e+01
   1.1822000e+01
   1.1820000e+01
   1.1819000e+01
   1.1817000e+01
   1.1817000e+01
   1.1815000e+01
   1.1814000e+01
   1.1814000e+01
   1.1811000e+01
   1.1810000e+01
   1.1808000e+01
   1.1808000e+01
   1.1805000e+01
   1.1805000e+01
   1.1804000e+01
   1.1801000e+01
   1.1800000e+01
   1.1798000e+01
   1.1798000e+01
   1.1795000e+01
   1.1793000e+01
   1.1792000e+01
   1.1791000e+01
   1.1790000e+01
   1.1788000e+01
   1.1788000e+01
   1.1785000e+01
   1.1784000e+01
   1.1782000e+01
   1.1781000e+01
   1.1780000e+01
   1.1778000e+01
   1.1777000e+01
   1.1775000e+01
   1.1775000e+01
   1.1773000e+01
   1.1772000e+01
   1.1770000e+01
   1.1769000e+01
   1.1768000e+01
   1.1766000e+01
   1.1765000e+01
   1.1762000e+01
   1.1762000e+01
   1.1760000e+01
   1.1758000e+01
   1.1756000e+01
   1.1755000e+01
   1.1754000e+01
   1.1752000e+01
   1.1751000e+01
   1.1750000e+01
   1.1749000e+01
   1.1747000e+01
   1.1747000e+01
   1.1747000e+01
   1.1746000e+01
   1.1747000e+01
   1.1747000e+01
   1.1748000e+01
   1.1749000e+01
   1.1752000e+01
   1.1755000e+01
   1.1758000e+01
   1.1763000e+01
   1.1767000e+01
   1.1771000e+01
   1.1776000e+01
   1.1781000e+01
   1.1786000e+01
   1.1793000e+01
   1.1798000e+01
   1.1805000e+01
   1.1813000e+01
   1.1819000e+01
   1.1827000e+01
   1.1835000e+01
   1.1843000e+01
   1.1850000e+01
   1.1858000e+01
   1.1866000e+01
   1.1873000e+01
   1.1882000e+01
   1.1889000e+01
   1.1896000e+01
   1.1901000e+01
   1.1909000e+01
   1.1915000e+01
   1.1921000e+01
   1.1927000e+01
   1.1931000e+01
   1.1937000e+01
   1.1940000e+01
   1.1944000e+01
   1.1946000e+01
   1.1949000e+01
   1.1952000e+01
   1.1954000e+01
   1.1957000e+01
   1.1958000e+01
   1.1960000e+01
   1.1961000e+01
   1.1962000e+01
   1.1963000e+01
   1.1964000e+01
   1.1965000e+01
   1.1964000e+01
   1.1965000e+01
   1.1964000e+01
   1.1964000e+01
   1.1963000e+01
   1.1963000e+01
   1.1962000e+01
   1.1962000e+01
   1.1961000e+01
   1.1960000e+01
   1.1959000e+01
   1.1955000e+01
   1.1954000e+01
   1.1951000e+01
   1.1949000e+01
   1.1948000e+01
   1.1944000e+01
   1.1942000e+01
   1.1939000e+01
   1.1937000e+01
   1.1934000e+01
   1.1931000e+01
   1.1928000e+01
   1.1924000e+01
   1.1921000e+01
   1.1918000e+01
   1.1915000e+01
   1.1911000e+01
   1.1908000e+01
   1.1904000e+01
   1.1901000e+01
   1.1897000e+01
   1.1893000e+01
   1.1891000e+01
   1.1887000e+01
   1.1884000e+01
   1.1881000e+01
   1.1877000e+01
   1.1873000e+01
   1.1870000e+01
   1.1867000e+01
   1.1864000e+01
   1.1862000e+01
   1.1859000e+01
   1.1857000e+01
   1.1854000e+01
   1.1852000e+01
   1.1849000e+01
   1.1846000e+01
   1.1843000e+01
   1.1841000e+01
   1.1839000e+01
   1.1837000e+01
   1.1835000e+01
   1.1834000e+01
   1.1833000e+01
   1.1831000e+01
   1.1830000e+01
   1.1828000e+01
   1.1826000e+01
   1.1825000e+01
   1.1824000e+01
   1.1823000e+01
   1.1822000e+01
   1.1822000e+01
   1.1821000e+01
   1.1819000e+01
   1.1819000e+01
   1.1817000e+01
   1.1816000e+01
   1.1815000e+01
   1.1813000e+01
   1.1812000e+01
   1.1811000e+01
   1.1810000e+01
   1.1808000e+01
   1.1808000e+01
   1.1806000e+01
   1.1805000e+01
   1.1804000e+01
   1.1804000e+01
   1.1802000e+01
   1.1801000e+01
   1.1800000e+01
   1.1798000e+01
   1.1797000e+01
   1.1796000e+01
   1.1794000e+01
   1.1792000e+01
   1.1790000e+01
   1.1789000e+01
   1.1786000e+01
   1.1785000e+01
   1.1783000e+01
   1.1782000e+01
   1.1780000e+01
   1.1778000e+01
   1.1776000e+01
   1.1775000e+01
   1.1773000e+01
   1.1770000e+01
   1.1768000e+01
   1.1766000e+01
   1.1763000e+01
   1.1761000e+01
   1.1760000e+01
   1.1757000e+01
   1.1755000e+01
   1.1753000e+01
   1.1750000e+01
   1.1749000e+01
   1.1746000e+01
   1.1744000e+01
   1.1741000e+01
   1.1739000e+01
   1.1738000e+01
   1.1736000e+01
   1.1734000e+01
   1.1732000e+01
   1.1732000e+01
   1.1730000e+01
   1.1729000e+01
   1.1726000e+01
   1.1724000e+01
   1.1723000e+01
   1.1722000e+01
   1.1721000e+01
   1.1720000e+01
   1.1718000e+01
   1.1716000e+01
   1.1714000e+01
   1.1714000e+01
   1.1711000e+01
   1.1710000e+01
   1.1708000e+01
   1.1707000e+01
   1.1705000e+01
   1.1704000e+01
   1.1703000e+01
   1.1701000e+01
   1.1700000e+01
   1.1699000e+01
   1.1698000e+01
   1.1697000e+01
   1.1697000e+01
   1.1695000e+01
   1.1694000e+01
   1.1693000e+01
   1.1692000e+01
   1.1691000e+01
   1.1689000e+01
   1.1688000e+01
   1.1688000e+01
   1.1687000e+01
   1.1685000e+01
   1.1685000e+01
   1.1684000e+01
   1.1682000e+01
   1.1682000e+01
   1.1681000e+01
   1.1681000e+01
   1.1680000e+01
   1.1680000e+01
   1.1679000e+01
   1.1678000e+01
   1.1677000e+01
   1.1677000e+01
   1.1678000e+01
   1.1678000e+01
   1.1679000e+01
   1.1681000e+01
   1.1683000e+01
   1.1687000e+01
   1.1692000e+01
   1.1697000e+01
   1.1703000e+01
   1.1710000e+01
   1.1718000e+01
   1.1728000e+01
   1.1738000e+01
   1.1749000e+01
   1.1761000e+01
   1.1774000e+01
   1.1787000e+01
   1.1801000e+01
   1.1816000e+01
   1.1829000e+01
   1.1844000e+01
   1.1859000e+01
   1.1873000e+01
   1.1888000e+01
   1.1902000e+01
   1.1916000e+01
   1.1927000e+01
   1.1939000e+01
   1.1950000e+01
   1.1960000e+01
   1.1969000e+01
   1.1978000e+01
   1.1986000e+01
   1.1993000e+01
   1.1999000e+01
   1.2003000e+01
   1.2008000e+01
   1.2012000e+01
   1.2015000e+01
   1.2017000e+01
   1.2019000e+01
   1.2020000e+01
   1.2021000e+01
   1.2021000e+01
   1.2021000e+01
   1.2021000e+01
   1.2020000e+01
   1.2018000e+01
   1.2017000e+01
   1.2014000e+01
   1.2011000e+01
   1.2008000e+01
   1.2006000e+01
   1.2004000e+01
   1.2001000e+01
   1.1998000e+01
   1.1995000e+01
   1.1992000e+01
   1.1989000e+01
   1.1986000e+01
   1.1982000e+01
   1.1978000e+01
   1.1974000e+01
   1.1971000e+01
   1.1967000e+01
   1.1963000e+01
   1.1959000e+01
   1.1954000e+01
   1.1949000e+01
   1.1944000e+01
   1.1940000e+01
   1.1936000e+01
   1.1931000e+01
   1.1927000e+01
   1.1922000e+01
   1.1918000e+01
   1.1913000e+01
   1.1907000e+01
   1.1903000e+01
   1.1897000e+01
   1.1893000e+01
   1.1888000e+01
   1.1884000e+01
   1.1880000e+01
   1.1875000e+01
   1.1870000e+01
   1.1867000e+01
   1.1862000e+01
   1.1858000e+01
   1.1855000e+01
   1.1851000e+01
   1.1846000e+01
   1.1842000e+01
   1.1837000e+01
   1.1833000e+01
   1.1829000e+01
   1.1825000e+01
   1.1822000e+01
   1.1819000e+01
   1.1815000e+01
   1.1811000e+01
   1.1809000e+01
   1.1806000e+01
   1.1802000e+01
   1.1799000e+01
   1.1797000e+01
   1.1793000e+01
   1.1790000e+01
   1.1789000e+01
   1.1787000e+01
   1.1783000e+01
   1.1782000e+01
   1.1780000e+01
   1.1778000e+01
   1.1776000e+01
   1.1774000e+01
   1.1772000e+01
   1.1771000e+01
   1.1771000e+01
   1.1771000e+01
   1.1771000e+01
   1.1771000e+01
   1.1773000e+01
   1.1773000e+01
   1.1775000e+01
   1.1777000e+01
   1.1777000e+01
   1.1779000e+01
   1.1781000e+01
   1.1783000e+01
   1.1785000e+01
   1.1787000e+01
   1.1789000e+01
   1.1791000e+01
   1.1793000e+01
   1.1795000e+01
   1.1798000e+01
   1.1799000e+01
   1.1801000e+01
   1.1802000e+01
   1.1804000e+01
   1.1806000e+01
   1.1806000e+01
   1.1807000e+01
   1.1808000e+01
   1.1808000e+01
   1.1809000e+01
   1.1810000e+01
   1.1811000e+01
   1.1810000e+01
   1.1811000e+01
   1.1810000e+01
   1.1810000e+01
   1.1808000e+01
   1.1808000e+01
   1.1807000e+01
   1.1806000e+01
   1.1805000e+01
   1.1804000e+01
   1.1803000e+01
   1.1801000e+01
   1.1801000e+01
   1.1800000e+01
   1.1797000e+01
   1.1796000e+01
   1.1795000e+01
   1.1794000e+01
   1.1791000e+01
   1.1790000e+01
   1.1788000e+01
   1.1787000e+01
   1.1786000e+01
   1.1785000e+01
   1.1786000e+01
   1.1786000e+01
   1.1787000e+01
   1.1786000e+01
   1.1786000e+01
   1.1786000e+01
   1.1786000e+01
   1.1786000e+01
   1.1787000e+01
   1.1788000e+01
   1.1789000e+01
   1.1790000e+01
   1.1791000e+01
   1.1793000e+01
   1.1795000e+01
   1.1797000e+01
   1.1799000e+01
   1.1800000e+01
   1.1803000e+01
   1.1804000e+01
   1.1807000e+01
   1.1808000e+01
   1.1810000e+01
   1.1812000e+01
   1.1814000e+01
   1.1815000e+01
   1.1818000e+01
   1.1820000e+01
   1.1820000e+01
   1.1821000e+01
   1.1820000e+01
   1.1821000e+01
   1.1821000e+01
   1.1820000e+01
   1.1820000e+01
   1.1819000e+01
   1.1819000e+01
   1.1819000e+01
   1.1817000e+01
   1.1817000e+01
   1.1817000e+01
   1.1818000e+01
   1.1817000e+01
   1.1819000e+01
   1.1819000e+01
   1.1821000e+01
   1.1824000e+01
   1.1826000e+01
   1.1831000e+01
   1.1835000e+01
   1.1842000e+01
   1.1849000e+01
   1.1857000e+01
   1.1867000e+01
   1.1877000e+01
   1.1888000e+01
   1.1901000e+01
   1.1914000e+01
   1.1927000e+01
   1.1941000e+01
   1.1954000e+01
   1.1968000e+01
   1.1981000e+01
   1.1994000e+01
   1.2006000e+01
   1.2019000e+01
   1.2031000e+01
   1.2042000e+01
   1.2052000e+01
   1.2062000e+01
   1.2071000e+01
   1.2079000e+01
   1.2087000e+01
   1.2093000e+01
   1.2100000e+01
   1.2107000e+01
   1.2110000e+01
   1.2115000e+01
   1.2117000e+01
   1.2121000e+01
   1.2125000e+01
   1.2127000e+01
   1.2129000e+01
   1.2131000e+01
   1.2133000e+01
   1.2133000e+01
   1.2135000e+01
   1.2137000e+01
   1.2138000e+01
   1.2140000e+01
   1.2140000e+01
   1.2142000e+01
   1.2142000e+01
   1.2144000e+01
   1.2145000e+01
   1.2147000e+01
   1.2147000e+01
   1.2146000e+01
   1.2147000e+01
   1.2147000e+01
   1.2147000e+01
   1.2147000e+01
   1.2146000e+01
   1.2145000e+01
   1.2146000e+01
   1.2145000e+01
   1.2143000e+01
   1.2142000e+01
   1.2140000e+01
   1.2138000e+01
   1.2136000e+01
   1.2134000e+01
   1.2132000e+01
   1.2130000e+01
   1.2127000e+01
   1.2125000e+01
   1.2123000e+01
   1.2120000e+01
   1.2119000e+01
   1.2115000e+01
   1.2112000e+01
   1.2110000e+01
   1.2107000e+01
   1.2105000e+01
   1.2101000e+01
   1.2099000e+01
   1.2095000e+01
   1.2092000e+01
   1.2089000e+01
   1.2085000e+01
   1.2083000e+01
   1.2080000e+01
   1.2077000e+01
   1.2074000e+01
   1.2072000e+01
   1.2068000e+01
   1.2064000e+01
   1.2062000e+01
   1.2059000e+01
   1.2057000e+01
   1.2054000e+01
   1.2052000e+01
   1.2048000e+01
   1.2045000e+01
   1.2042000e+01
   1.2038000e+01
   1.2035000e+01
   1.2031000e+01
   1.2029000e+01
   1.2026000e+01
   1.2023000e+01
   1.2019000e+01
   1.2018000e+01
   1.2015000e+01
   1.2012000e+01
   1.2012000e+01
   1.2009000e+01
   1.2007000e+01
   1.2003000e+01
   1.2001000e+01
   1.1999000e+01
   1.1996000e+01
   1.1994000e+01
   1.1991000e+01
   1.1989000e+01
   1.1985000e+01
   1.1982000e+01
   1.1979000e+01
   1.1976000e+01
   1.1973000e+01
   1.1972000e+01
   1.1969000e+01
   1.1967000e+01
   1.1965000e+01
   1.1962000e+01
   1.1960000e+01
   1.1957000e+01
   1.1955000e+01
   1.1952000e+01
   1.1949000e+01
   1.1947000e+01
   1.1944000e+01
   1.1942000e+01
   1.1940000e+01
   1.1937000e+01
   1.1935000e+01
   1.1932000e+01
   1.1930000e+01
   1.1926000e+01
   1.1925000e+01
   1.1921000e+01
   1.1920000e+01
   1.1917000e+01
   1.1914000e+01
   1.1912000e+01
   1.1910000e+01
   1.1908000e+01
   1.1905000e+01
   1.1903000e+01
   1.1899000e+01
   1.1898000e+01
   1.1894000e+01
   1.1892000e+01
   1.1890000e+01
   1.1885000e+01
   1.1883000e+01
   1.1880000e+01
   1.1879000e+01
   1.1876000e+01
   1.1874000e+01
   1.1872000e+01
   1.1870000e+01
   1.1869000e+01
   1.1866000e+01
   1.1863000e+01
   1.1860000e+01
   1.1859000e+01
   1.1856000e+01
   1.1854000e+01
   1.1851000e+01
   1.1849000e+01
   1.1847000e+01
   1.1845000e+01
   1.1844000e+01
   1.1841000e+01
   1.1838000e+01
   1.1835000e+01
   1.1833000e+01
   1.1831000e+01
   1.1829000e+01
   1.1827000e+01
   1.1823000e+01
   1.1822000e+01
   1.1819000e+01
   1.1817000e+01
   1.1816000e+01
   1.1814000e+01
   1.1812000e+01
   1.1810000e+01
   1.1808000e+01
   1.1806000e+01
   1.1804000e+01
   1.1801000e+01
   1.1800000e+01
   1.1799000e+01
   1.1796000e+01
   1.1795000e+01
   1.1793000e+01
   1.1791000e+01
   1.1789000e+01
   1.1787000e+01
   1.1785000e+01
   1.1783000e+01
   1.1782000e+01
   1.1780000e+01
   1.1779000e+01
   1.1776000e+01
   1.1775000e+01
   1.1774000e+01
   1.1772000e+01
   1.1770000e+01
   1.1768000e+01
   1.1767000e+01
   1.1764000e+01
   1.1763000e+01
   1.1761000e+01
   1.1759000e+01
   1.1757000e+01
   1.1755000e+01
   1.1754000e+01
   1.1751000e+01
   1.1750000e+01
   1.1747000e+01
   1.1746000e+01
   1.1744000e+01
   1.1742000e+01
   1.1741000e+01
   1.1740000e+01
   1.1739000e+01
   1.1737000e+01
   1.1736000e+01
   1.1734000e+01
   1.1733000e+01
   1.1730000e+01
   1.1727000e+01
   1.1726000e+01
   1.1723000e+01
   1.1722000e+01
   1.1720000e+01
   1.1718000e+01
   1.1708000e+01
   1.1695000e+01
   1.1687000e+01
   1.1681000e+01
   1.1678000e+01
   1.1674000e+01
   1.1673000e+01
   1.1670000e+01
   1.1669000e+01
   1.1667000e+01
   1.1665000e+01
   1.1663000e+01
   1.1661000e+01
   1.1660000e+01
   1.1659000e+01
   1.1658000e+01
   1.1657000e+01
   1.1656000e+01
   1.1662000e+01
   1.1673000e+01
   1.1678000e+01
   1.1682000e+01
   1.1684000e+01
   1.1684000e+01
   1.1684000e+01
   1.1683000e+01
   1.1682000e+01
   1.1681000e+01
   1.1680000e+01
   1.1679000e+01
   1.1677000e+01
   1.1677000e+01
   1.1675000e+01
   1.1673000e+01
   1.1671000e+01
   1.1669000e+01
   1.1668000e+01
   1.1667000e+01
   1.1667000e+01
   1.1666000e+01
   1.1665000e+01
   1.1662000e+01
   1.1661000e+01
   1.1660000e+01
   1.1657000e+01
   1.1657000e+01
   1.1655000e+01
   1.1654000e+01
   1.1651000e+01
   1.1651000e+01
   1.1650000e+01
   1.1648000e+01
   1.1647000e+01
   1.1646000e+01
   1.1645000e+01
   1.1644000e+01
   1.1643000e+01
   1.1642000e+01
   1.1642000e+01
   1.1642000e+01
   1.1640000e+01
   1.1640000e+01
   1.1640000e+01
   1.1640000e+01
   1.1640000e+01
   1.1640000e+01
   1.1639000e+01
   1.1640000e+01
   1.1640000e+01
   1.1639000e+01
   1.1641000e+01
   1.1643000e+01
   1.1644000e+01
   1.1644000e+01
   1.1645000e+01
   1.1646000e+01
   1.1646000e+01
   1.1648000e+01
   1.1649000e+01
   1.1650000e+01
   1.1652000e+01
   1.1653000e+01
   1.1655000e+01
   1.1655000e+01
   1.1656000e+01
   1.1656000e+01
   1.1658000e+01
   1.1657000e+01
   1.1658000e+01
   1.1659000e+01
   1.1659000e+01
   1.1658000e+01
   1.1659000e+01
   1.1658000e+01
   1.1658000e+01
   1.1658000e+01
   1.1658000e+01
   1.1660000e+01
   1.1661000e+01
   1.1660000e+01
   1.1659000e+01
   1.1658000e+01
   1.1657000e+01
   1.1656000e+01
   1.1655000e+01
   1.1654000e+01
   1.1652000e+01
   1.1651000e+01
   1.1648000e+01
   1.1646000e+01
   1.1643000e+01
   1.1640000e+01
   1.1638000e+01
   1.1636000e+01
   1.1634000e+01
   1.1634000e+01
   1.1633000e+01
   1.1631000e+01
   1.1630000e+01
   1.1628000e+01
   1.1628000e+01
   1.1627000e+01
   1.1626000e+01
   1.1624000e+01
   1.1623000e+01
   1.1622000e+01
   1.1620000e+01
   1.1619000e+01
   1.1617000e+01
   1.1615000e+01
   1.1612000e+01
   1.1611000e+01
   1.1610000e+01
   1.1609000e+01
   1.1609000e+01
   1.1608000e+01
   1.1606000e+01
   1.1605000e+01
   1.1603000e+01
   1.1602000e+01
   1.1600000e+01
   1.1598000e+01
   1.1598000e+01
   1.1597000e+01
   1.1596000e+01
   1.1595000e+01
   1.1593000e+01
   1.1593000e+01
   1.1592000e+01
   1.1591000e+01
   1.1591000e+01
   1.1591000e+01
   1.1592000e+01
   1.1592000e+01
   1.1594000e+01
   1.1597000e+01
   1.1600000e+01
   1.1605000e+01
   1.1611000e+01
   1.1619000e+01
   1.1628000e+01
   1.1640000e+01
   1.1652000e+01
   1.1667000e+01
   1.1682000e+01
   1.1701000e+01
   1.1721000e+01
   1.1743000e+01
   1.1766000e+01
   1.1790000e+01
   1.1815000e+01
   1.1840000e+01
   1.1867000e+01
   1.1893000e+01
   1.1919000e+01
   1.1946000e+01
   1.1972000e+01
   1.1995000e+01
   1.2018000e+01
   1.2041000e+01
   1.2060000e+01
   1.2078000e+01
   1.2096000e+01
   1.2111000e+01
   1.2125000e+01
   1.2136000e+01
   1.2147000e+01
   1.2155000e+01
   1.2164000e+01
   1.2171000e+01
   1.2177000e+01
   1.2182000e+01
   1.2186000e+01
   1.2189000e+01
   1.2191000e+01
   1.2194000e+01
   1.2195000e+01
   1.2196000e+01
   1.2196000e+01
   1.2197000e+01
   1.2196000e+01
   1.2197000e+01
   1.2196000e+01
   1.2196000e+01
   1.2195000e+01
   1.2194000e+01
   1.2193000e+01
   1.2191000e+01
   1.2190000e+01
   1.2188000e+01
   1.2185000e+01
   1.2185000e+01
   1.2184000e+01
   1.2181000e+01
   1.2179000e+01
   1.2177000e+01
   1.2176000e+01
   1.2173000e+01
   1.2169000e+01
   1.2167000e+01
   1.2165000e+01
   1.2162000e+01
   1.2159000e+01
   1.2155000e+01
   1.2150000e+01
   1.2147000e+01
   1.2142000e+01
   1.2138000e+01
   1.2133000e+01
   1.2128000e+01
   1.2123000e+01
   1.2119000e+01
   1.2113000e+01
   1.2109000e+01
   1.2104000e+01
   1.2097000e+01
   1.2092000e+01
   1.2086000e+01
   1.2081000e+01
   1.2075000e+01
   1.2069000e+01
   1.2057000e+01
   1.2036000e+01
   1.2023000e+01
   1.2012000e+01
   1.2004000e+01
   1.1996000e+01
   1.1989000e+01
   1.1982000e+01
   1.1977000e+01
   1.1970000e+01
   1.1967000e+01
   1.1973000e+01
   1.1975000e+01
   1.1974000e+01
   1.1966000e+01
   1.1952000e+01
   1.1940000e+01
   1.1934000e+01
   1.1929000e+01
   1.1924000e+01
   1.1919000e+01
   1.1913000e+01
   1.1908000e+01
   1.1903000e+01
   1.1899000e+01
   1.1894000e+01
   1.1890000e+01
   1.1886000e+01
   1.1883000e+01
   1.1879000e+01
   1.1876000e+01
   1.1874000e+01
   1.1872000e+01
   1.1869000e+01
   1.1865000e+01
   1.1861000e+01
   1.1857000e+01
   1.1854000e+01
   1.1851000e+01
   1.1847000e+01
   1.1844000e+01
   1.1842000e+01
   1.1838000e+01
   1.1834000e+01
   1.1832000e+01
   1.1830000e+01
   1.1825000e+01
   1.1821000e+01
   1.1817000e+01
   1.1812000e+01
   1.1809000e+01
   1.1804000e+01
   1.1801000e+01
   1.1798000e+01
   1.1795000e+01
   1.1791000e+01
   1.1789000e+01
   1.1785000e+01
   1.1782000e+01
   1.1779000e+01
   1.1776000e+01
   1.1774000e+01
   1.1770000e+01
   1.1767000e+01
   1.1765000e+01
   1.1764000e+01
   1.1762000e+01
   1.1760000e+01
   1.1759000e+01
   1.1757000e+01
   1.1756000e+01
   1.1755000e+01
   1.1754000e+01
   1.1751000e+01
   1.1750000e+01
   1.1747000e+01
   1.1744000e+01
   1.1743000e+01
   1.1740000e+01
   1.1737000e+01
   1.1734000e+01
   1.1731000e+01
   1.1728000e+01
   1.1726000e+01
   1.1723000e+01
   1.1721000e+01
   1.1718000e+01
   1.1716000e+01
   1.1714000e+01
   1.1711000e+01
   1.1709000e+01
   1.1708000e+01
   1.1706000e+01
   1.1705000e+01
   1.1702000e+01
   1.1703000e+01
   1.1703000e+01
   1.1701000e+01
   1.1700000e+01
   1.1700000e+01
   1.1699000e+01
   1.1699000e+01
   1.1698000e+01
   1.1695000e+01
   1.1692000e+01
   1.1690000e+01
   1.1688000e+01
   1.1686000e+01
   1.1685000e+01
   1.1684000e+01
   1.1683000e+01
   1.1682000e+01
   1.1679000e+01
   1.1676000e+01
   1.1673000e+01
   1.1668000e+01
   1.1667000e+01
   1.1666000e+01
   1.1666000e+01
   1.1665000e+01
   1.1666000e+01
   1.1664000e+01
   1.1661000e+01
   1.1657000e+01
   1.1652000e+01
   1.1646000e+01
   1.1639000e+01
   1.1633000e+01
   1.1626000e+01
   1.1622000e+01
   1.1618000e+01
   1.1614000e+01
   1.1611000e+01
   1.1611000e+01
   1.1611000e+01
   1.1611000e+01
   1.1612000e+01
   1.1612000e+01
   1.1613000e+01
   1.1613000e+01
   1.1614000e+01
   1.1613000e+01
   1.1610000e+01
   1.1606000e+01
   1.1603000e+01
   1.1602000e+01
   1.1600000e+01
   1.1598000e+01
   1.1596000e+01
   1.1596000e+01
   1.1595000e+01
   1.1596000e+01
   1.1596000e+01
   1.1595000e+01
   1.1595000e+01
   1.1593000e+01
   1.1592000e+01
   1.1590000e+01
   1.1588000e+01
   1.1588000e+01
   1.1585000e+01
   1.1583000e+01
   1.1581000e+01
   1.1579000e+01
   1.1577000e+01
   1.1577000e+01
   1.1577000e+01
   1.1576000e+01
   1.1575000e+01
   1.1572000e+01
   1.1572000e+01
   1.1570000e+01
   1.1570000e+01
   1.1569000e+01
   1.1568000e+01
   1.1566000e+01
   1.1565000e+01
   1.1564000e+01
   1.1562000e+01
   1.1560000e+01
   1.1557000e+01
   1.1556000e+01
   1.1553000e+01
   1.1551000e+01
   1.1550000e+01
   1.1547000e+01
   1.1547000e+01
   1.1546000e+01
   1.1547000e+01
   1.1547000e+01
   1.1546000e+01
   1.1546000e+01
   1.1546000e+01
   1.1545000e+01
   1.1545000e+01
   1.1544000e+01
   1.1543000e+01
   1.1541000e+01
   1.1540000e+01
   1.1539000e+01
   1.1538000e+01
   1.1538000e+01
   1.1550000e+01
   1.1559000e+01
   1.1564000e+01
   1.1566000e+01
   1.1566000e+01
   1.1566000e+01
   1.1565000e+01
   1.1564000e+01
   1.1563000e+01
   1.1562000e+01
   1.1560000e+01
   1.1560000e+01
   1.1558000e+01
   1.1556000e+01
   1.1556000e+01
   1.1554000e+01
   1.1554000e+01
   1.1552000e+01
   1.1551000e+01
   1.1550000e+01
   1.1549000e+01
   1.1548000e+01
   1.1546000e+01
   1.1545000e+01
   1.1543000e+01
   1.1542000e+01
   1.1539000e+01
   1.1539000e+01
   1.1538000e+01
   1.1537000e+01
   1.1535000e+01
   1.1534000e+01
   1.1533000e+01
   1.1530000e+01
   1.1530000e+01
   1.1529000e+01
   1.1527000e+01
   1.1526000e+01
   1.1525000e+01
   1.1523000e+01
   1.1522000e+01
   1.1521000e+01
   1.1519000e+01
   1.1519000e+01
   1.1519000e+01
   1.1518000e+01
   1.1518000e+01
   1.1516000e+01
   1.1515000e+01
   1.1513000e+01
   1.1512000e+01
   1.1510000e+01
   1.1510000e+01
   1.1509000e+01
   1.1507000e+01
   1.1507000e+01
   1.1506000e+01
   1.1506000e+01
   1.1504000e+01
   1.1504000e+01
   1.1503000e+01
   1.1503000e+01
   1.1502000e+01
   1.1502000e+01
   1.1502000e+01
   1.1502000e+01
   1.1503000e+01
   1.1503000e+01
   1.1504000e+01
   1.1506000e+01
   1.1508000e+01
   1.1509000e+01
   1.1512000e+01
   1.1516000e+01
   1.1519000e+01
   1.1525000e+01
   1.1531000e+01
   1.1538000e+01
   1.1546000e+01
   1.1555000e+01
   1.1565000e+01
   1.1576000e+01
   1.1588000e+01
   1.1600000e+01
   1.1615000e+01
   1.1629000e+01
   1.1646000e+01
   1.1663000e+01
   1.1680000e+01
   1.1699000e+01
   1.1715000e+01
   1.1735000e+01
   1.1754000e+01
   1.1774000e+01
   1.1794000e+01
   1.1813000e+01
   1.1831000e+01
   1.1847000e+01
   1.1864000e+01
   1.1879000e+01
   1.1895000e+01
   1.1909000e+01
   1.1923000e+01
   1.1936000e+01
   1.1948000e+01
   1.1959000e+01
   1.1967000e+01
   1.1978000e+01
   1.1986000e+01
   1.1994000e+01
   1.2002000e+01
   1.2007000e+01
   1.2013000e+01
   1.2017000e+01
   1.2022000e+01
   1.2024000e+01
   1.2027000e+01
   1.2029000e+01
   1.2030000e+01
   1.2031000e+01
   1.2032000e+01
   1.2033000e+01
   1.2032000e+01
   1.2033000e+01
   1.2033000e+01
   1.2033000e+01
   1.2033000e+01
   1.2019000e+01
   1.2007000e+01
   1.1996000e+01
   1.1992000e+01
   1.1986000e+01
   1.1982000e+01
   1.1977000e+01
   1.1975000e+01
   1.1971000e+01
   1.1968000e+01
   1.1964000e+01
   1.1960000e+01
   1.1957000e+01
   1.1953000e+01
   1.1950000e+01
   1.1947000e+01
   1.1943000e+01
   1.1940000e+01
   1.1935000e+01
   1.1932000e+01
   1.1927000e+01
   1.1924000e+01
   1.1921000e+01
   1.1918000e+01
   1.1913000e+01
   1.1909000e+01
   1.1905000e+01
   1.1900000e+01
   1.1896000e+01
   1.1892000e+01
   1.1888000e+01
   1.1883000e+01
   1.1879000e+01
   1.1875000e+01
   1.1871000e+01
   1.1868000e+01
   1.1863000e+01
   1.1860000e+01
   1.1855000e+01
   1.1851000e+01
   1.1846000e+01
   1.1842000e+01
   1.1838000e+01
   1.1833000e+01
   1.1829000e+01
   1.1824000e+01
   1.1821000e+01
   1.1816000e+01
   1.1812000e+01
   1.1808000e+01
   1.1804000e+01
   1.1800000e+01
   1.1796000e+01
   1.1793000e+01
   1.1789000e+01
   1.1786000e+01
   1.1782000e+01
   1.1779000e+01
   1.1775000e+01
   1.1770000e+01
   1.1767000e+01
   1.1762000e+01
   1.1759000e+01
   1.1756000e+01
   1.1752000e+01
   1.1749000e+01
   1.1745000e+01
   1.1742000e+01
   1.1738000e+01
   1.1734000e+01
   1.1731000e+01
   1.1728000e+01
   1.1725000e+01
   1.1721000e+01
   1.1718000e+01
   1.1716000e+01
   1.1715000e+01
   1.1712000e+01
   1.1709000e+01
   1.1706000e+01
   1.1703000e+01
   1.1700000e+01
   1.1697000e+01
   1.1695000e+01
   1.1692000e+01
   1.1688000e+01
   1.1686000e+01
   1.1683000e+01
   1.1680000e+01
   1.1679000e+01
   1.1676000e+01
   1.1672000e+01
   1.1670000e+01
   1.1667000e+01
   1.1666000e+01
   1.1663000e+01
   1.1661000e+01
   1.1659000e+01
   1.1657000e+01
   1.1655000e+01
   1.1653000e+01
   1.1651000e+01
   1.1648000e+01
   1.1647000e+01
   1.1644000e+01
   1.1644000e+01
   1.1641000e+01
   1.1639000e+01
