   4.5250000e+00
   4.5260000e+00
   4.5270000e+00
   4.5280000e+00
   4.5290000e+00
   4.5310000e+00
   4.5320000e+00
   4.5330000e+00
   4.5340000e+00
   4.5350000e+00
   4.5350000e+00
   4.5360000e+00
   4.5370000e+00
   4.5380000e+00
   4.5390000e+00
   4.5400000e+00
   4.5400000e+00
   4.5410000e+00
   4.5420000e+00
   4.5420000e+00
   4.5430000e+00
   4.5430000e+00
   4.5430000e+00
   4.5440000e+00
   4.5440000e+00
   4.5440000e+00
   4.5450000e+00
   4.5450000e+00
   4.5450000e+00
   4.5450000e+00
   4.5450000e+00
   4.5450000e+00
   4.5450000e+00
   4.5450000e+00
   4.5450000e+00
   4.5440000e+00
   4.5440000e+00
   4.5440000e+00
   4.5430000e+00
   4.5430000e+00
   4.5420000e+00
   4.5420000e+00
   4.5410000e+00
   4.5410000e+00
   4.5400000e+00
   4.5400000e+00
   4.5390000e+00
   4.5380000e+00
   4.5380000e+00
   4.5370000e+00
   4.5360000e+00
   4.5350000e+00
   4.5340000e+00
   4.5340000e+00
   4.5330000e+00
   4.5320000e+00
   4.5310000e+00
   4.5300000e+00
   4.5290000e+00
   4.5280000e+00
   4.5270000e+00
   4.5260000e+00
   4.5250000e+00
   4.5240000e+00
   4.5230000e+00
   4.5220000e+00
   4.5210000e+00
   4.5200000e+00
   4.5190000e+00
   4.5180000e+00
   4.5170000e+00
   4.5160000e+00
   4.5140000e+00
   4.5130000e+00
   4.5120000e+00
   4.5110000e+00
   4.5100000e+00
   4.5090000e+00
   4.5080000e+00
   4.5070000e+00
   4.5060000e+00
   4.5050000e+00
   4.5040000e+00
   4.5030000e+00
   4.5020000e+00
   4.5010000e+00
   4.5000000e+00
   4.4990000e+00
   4.4980000e+00
   4.4970000e+00
   4.4960000e+00
   4.4950000e+00
   4.4940000e+00
   4.4930000e+00
   4.4920000e+00
   4.4910000e+00
   4.4900000e+00
   4.4890000e+00
   4.4890000e+00
   4.4880000e+00
   4.4870000e+00
   4.4860000e+00
   4.4850000e+00
   4.4840000e+00
   4.4830000e+00
   4.4820000e+00
   4.4820000e+00
   4.4810000e+00
   4.4800000e+00
   4.4790000e+00
   4.4780000e+00
   4.4770000e+00
   4.4770000e+00
   4.4760000e+00
   4.4750000e+00
   4.4740000e+00
   4.4730000e+00
   4.4720000e+00
   4.4720000e+00
   4.4710000e+00
   4.4700000e+00
   4.4690000e+00
   4.4690000e+00
   4.4680000e+00
   4.4670000e+00
   4.4670000e+00
   4.4660000e+00
   4.4650000e+00
   4.4640000e+00
   4.4640000e+00
   4.4630000e+00
   4.4620000e+00
   4.4620000e+00
   4.4610000e+00
   4.4600000e+00
   4.4600000e+00
   4.4590000e+00
   4.4590000e+00
   4.4580000e+00
   4.4570000e+00
   4.4570000e+00
   4.4560000e+00
   4.4560000e+00
   4.4550000e+00
   4.4550000e+00
   4.4540000e+00
   4.4540000e+00
   4.4530000e+00
   4.4530000e+00
   4.4530000e+00
   4.4520000e+00
   4.4520000e+00
   4.4520000e+00
   4.4510000e+00
   4.4510000e+00
   4.4510000e+00
   4.4510000e+00
   4.4500000e+00
   4.4500000e+00
   4.4500000e+00
   4.4490000e+00
   4.4490000e+00
   4.4490000e+00
   4.4490000e+00
   4.4480000e+00
   4.4480000e+00
   4.4480000e+00
   4.4480000e+00
   4.4470000e+00
   4.4470000e+00
   4.4470000e+00
   4.4460000e+00
   4.4460000e+00
   4.4460000e+00
   4.4450000e+00
   4.4450000e+00
   4.4450000e+00
   4.4450000e+00
   4.4440000e+00
   4.4440000e+00
   4.4440000e+00
   4.4430000e+00
   4.4430000e+00
   4.4430000e+00
   4.4420000e+00
   4.4420000e+00
   4.4420000e+00
   4.4410000e+00
   4.4410000e+00
   4.4410000e+00
   4.4410000e+00
   4.4410000e+00
   4.4400000e+00
   4.4400000e+00
   4.4400000e+00
   4.4400000e+00
   4.4400000e+00
   4.4400000e+00
   4.4400000e+00
   4.4400000e+00
   4.4400000e+00
   4.4400000e+00
   4.4400000e+00
   4.4400000e+00
   4.4400000e+00
   4.4400000e+00
   4.4400000e+00
   4.4400000e+00
   4.4400000e+00
   4.4400000e+00
   4.4400000e+00
   4.4400000e+00
   4.4400000e+00
   4.4400000e+00
   4.4400000e+00
   4.4400000e+00
   4.4400000e+00
   4.4400000e+00
   4.4400000e+00
   4.4400000e+00
   4.4400000e+00
   4.4400000e+00
   4.4400000e+00
   4.4410000e+00
   4.4410000e+00
   4.4410000e+00
   4.4410000e+00
   4.4410000e+00
   4.4410000e+00
   4.4410000e+00
   4.4410000e+00
   4.4410000e+00
   4.4410000e+00
   4.4420000e+00
   4.4420000e+00
   4.4420000e+00
   4.4420000e+00
   4.4420000e+00
   4.4420000e+00
   4.4430000e+00
   4.4430000e+00
   4.4430000e+00
   4.4430000e+00
   4.4430000e+00
   4.4430000e+00
   4.4430000e+00
   4.4430000e+00
   4.4430000e+00
   4.4440000e+00
   4.4440000e+00
   4.4440000e+00
   4.4440000e+00
   4.4440000e+00
   4.4440000e+00
   4.4440000e+00
   4.4440000e+00
   4.4440000e+00
   4.4440000e+00
   4.4440000e+00
   4.4450000e+00
   4.4450000e+00
   4.4450000e+00
   4.4450000e+00
   4.4460000e+00
   4.4460000e+00
   4.4470000e+00
   4.4470000e+00
   4.4480000e+00
   4.4490000e+00
   4.4500000e+00
   4.4510000e+00
   4.4520000e+00
   4.4530000e+00
   4.4540000e+00
   4.4560000e+00
   4.4570000e+00
   4.4580000e+00
   4.4600000e+00
   4.4610000e+00
   4.4630000e+00
   4.4650000e+00
   4.4660000e+00
   4.4680000e+00
   4.4690000e+00
   4.4710000e+00
   4.4720000e+00
   4.4740000e+00
   4.4750000e+00
   4.4770000e+00
   4.4780000e+00
   4.4800000e+00
   4.4810000e+00
   4.4820000e+00
   4.4830000e+00
   4.4840000e+00
   4.4850000e+00
   4.4870000e+00
   4.4880000e+00
   4.4890000e+00
   4.4890000e+00
   4.4900000e+00
   4.4910000e+00
   4.4920000e+00
   4.4930000e+00
   4.4930000e+00
   4.4940000e+00
   4.4940000e+00
   4.4950000e+00
   4.4950000e+00
   4.4950000e+00
   4.4960000e+00
   4.4960000e+00
   4.4960000e+00
   4.4960000e+00
   4.4960000e+00
   4.4950000e+00
   4.4950000e+00
   4.4950000e+00
   4.4950000e+00
   4.4940000e+00
   4.4940000e+00
   4.4930000e+00
   4.4930000e+00
   4.4920000e+00
   4.4920000e+00
   4.4910000e+00
   4.4900000e+00
   4.4900000e+00
   4.4890000e+00
   4.4880000e+00
   4.4870000e+00
   4.4870000e+00
   4.4860000e+00
   4.4850000e+00
   4.4840000e+00
   4.4830000e+00
   4.4820000e+00
   4.4810000e+00
   4.4800000e+00
   4.4790000e+00
   4.4780000e+00
   4.4780000e+00
   4.4760000e+00
   4.4760000e+00
   4.4750000e+00
   4.4740000e+00
   4.4730000e+00
   4.4720000e+00
   4.4710000e+00
   4.4700000e+00
   4.4690000e+00
   4.4680000e+00
   4.4670000e+00
   4.4660000e+00
   4.4650000e+00
   4.4650000e+00
   4.4640000e+00
   4.4630000e+00
   4.4620000e+00
   4.4610000e+00
   4.4600000e+00
   4.4590000e+00
   4.4590000e+00
   4.4580000e+00
   4.4570000e+00
   4.4560000e+00
   4.4550000e+00
   4.4550000e+00
   4.4540000e+00
   4.4530000e+00
   4.4520000e+00
   4.4510000e+00
   4.4510000e+00
   4.4500000e+00
   4.4490000e+00
   4.4480000e+00
   4.4480000e+00
   4.4470000e+00
   4.4460000e+00
   4.4450000e+00
   4.4450000e+00
   4.4440000e+00
   4.4430000e+00
   4.4430000e+00
   4.4420000e+00
   4.4410000e+00
   4.4400000e+00
   4.4400000e+00
   4.4390000e+00
   4.4380000e+00
   4.4380000e+00
   4.4370000e+00
   4.4360000e+00
   4.4350000e+00
   4.4350000e+00
   4.4340000e+00
   4.4330000e+00
   4.4330000e+00
   4.4320000e+00
   4.4310000e+00
   4.4310000e+00
   4.4300000e+00
   4.4290000e+00
   4.4290000e+00
   4.4280000e+00
   4.4270000e+00
   4.4260000e+00
   4.4260000e+00
   4.4250000e+00
   4.4240000e+00
   4.4240000e+00
   4.4230000e+00
   4.4220000e+00
   4.4220000e+00
   4.4210000e+00
   4.4200000e+00
   4.4200000e+00
   4.4190000e+00
   4.4180000e+00
   4.4180000e+00
   4.4170000e+00
   4.4160000e+00
   4.4160000e+00
   4.4150000e+00
   4.4140000e+00
   4.4130000e+00
   4.4130000e+00
   4.4120000e+00
   4.4110000e+00
   4.4110000e+00
   4.4100000e+00
   4.4100000e+00
   4.4090000e+00
   4.4080000e+00
   4.4080000e+00
   4.4070000e+00
   4.4060000e+00
   4.4060000e+00
   4.4050000e+00
   4.4050000e+00
   4.4040000e+00
   4.4030000e+00
   4.4030000e+00
   4.4020000e+00
   4.4010000e+00
   4.4010000e+00
   4.4000000e+00
   4.4000000e+00
   4.3990000e+00
   4.3980000e+00
   4.3980000e+00
   4.3970000e+00
   4.3970000e+00
   4.3960000e+00
   4.3950000e+00
   4.3950000e+00
   4.3940000e+00
   4.3940000e+00
   4.3930000e+00
   4.3930000e+00
   4.3920000e+00
   4.3920000e+00
   4.3910000e+00
   4.3910000e+00
   4.3900000e+00
   4.3900000e+00
   4.3890000e+00
   4.3880000e+00
   4.3880000e+00
   4.3870000e+00
   4.3870000e+00
   4.3860000e+00
   4.3860000e+00
   4.3850000e+00
   4.3850000e+00
   4.3850000e+00
   4.3840000e+00
   4.3840000e+00
   4.3840000e+00
   4.3830000e+00
   4.3830000e+00
   4.3830000e+00
   4.3830000e+00
   4.3830000e+00
   4.3840000e+00
   4.3840000e+00
   4.3850000e+00
   4.3850000e+00
   4.3860000e+00
   4.3870000e+00
   4.3880000e+00
   4.3900000e+00
   4.3910000e+00
   4.3920000e+00
   4.3940000e+00
   4.3960000e+00
   4.3970000e+00
   4.3990000e+00
   4.4010000e+00
   4.4030000e+00
   4.4050000e+00
   4.4060000e+00
   4.4080000e+00
   4.4100000e+00
   4.4120000e+00
   4.4140000e+00
   4.4160000e+00
   4.4170000e+00
   4.4190000e+00
   4.4210000e+00
   4.4220000e+00
   4.4240000e+00
   4.4260000e+00
   4.4270000e+00
   4.4290000e+00
   4.4300000e+00
   4.4310000e+00
   4.4320000e+00
   4.4340000e+00
   4.4350000e+00
   4.4360000e+00
   4.4370000e+00
   4.4380000e+00
   4.4380000e+00
   4.4390000e+00
   4.4400000e+00
   4.4400000e+00
   4.4410000e+00
   4.4420000e+00
   4.4420000e+00
   4.4420000e+00
   4.4420000e+00
   4.4430000e+00
   4.4430000e+00
   4.4430000e+00
   4.4430000e+00
   4.4430000e+00
   4.4420000e+00
   4.4420000e+00
   4.4420000e+00
   4.4420000e+00
   4.4410000e+00
   4.4410000e+00
   4.4400000e+00
   4.4400000e+00
   4.4390000e+00
   4.4390000e+00
   4.4380000e+00
   4.4370000e+00
   4.4370000e+00
   4.4360000e+00
   4.4350000e+00
   4.4340000e+00
   4.4340000e+00
   4.4330000e+00
   4.4320000e+00
   4.4320000e+00
   4.4310000e+00
   4.4300000e+00
   4.4300000e+00
   4.4290000e+00
   4.4290000e+00
   4.4280000e+00
   4.4280000e+00
   4.4270000e+00
   4.4270000e+00
   4.4260000e+00
   4.4260000e+00
   4.4260000e+00
   4.4250000e+00
   4.4250000e+00
   4.4240000e+00
   4.4240000e+00
   4.4240000e+00
   4.4230000e+00
   4.4230000e+00
   4.4230000e+00
   4.4220000e+00
   4.4220000e+00
   4.4220000e+00
   4.4210000e+00
   4.4210000e+00
   4.4210000e+00
   4.4200000e+00
   4.4200000e+00
   4.4200000e+00
   4.4190000e+00
   4.4190000e+00
   4.4190000e+00
   4.4180000e+00
   4.4180000e+00
   4.4180000e+00
   4.4170000e+00
   4.4170000e+00
   4.4160000e+00
   4.4160000e+00
   4.4150000e+00
   4.4150000e+00
   4.4140000e+00
   4.4140000e+00
   4.4130000e+00
   4.4120000e+00
   4.4120000e+00
   4.4110000e+00
   4.4110000e+00
   4.4100000e+00
   4.4100000e+00
   4.4090000e+00
   4.4080000e+00
   4.4080000e+00
   4.4070000e+00
   4.4070000e+00
   4.4060000e+00
   4.4050000e+00
   4.4050000e+00
   4.4040000e+00
   4.4030000e+00
   4.4020000e+00
   4.4020000e+00
   4.4010000e+00
   4.4000000e+00
   4.3990000e+00
   4.3980000e+00
   4.3980000e+00
   4.3970000e+00
   4.3960000e+00
   4.3950000e+00
   4.3940000e+00
   4.3930000e+00
   4.3930000e+00
   4.3920000e+00
   4.3910000e+00
   4.3900000e+00
   4.3890000e+00
   4.3890000e+00
   4.3880000e+00
   4.3870000e+00
   4.3860000e+00
   4.3860000e+00
   4.3850000e+00
   4.3840000e+00
   4.3840000e+00
   4.3830000e+00
   4.3820000e+00
   4.3820000e+00
   4.3810000e+00
   4.3810000e+00
   4.3800000e+00
   4.3800000e+00
   4.3790000e+00
   4.3790000e+00
   4.3780000e+00
   4.3780000e+00
   4.3780000e+00
   4.3770000e+00
   4.3770000e+00
   4.3770000e+00
   4.3770000e+00
   4.3760000e+00
   4.3760000e+00
   4.3760000e+00
   4.3760000e+00
   4.3760000e+00
   4.3760000e+00
   4.3760000e+00
   4.3750000e+00
   4.3750000e+00
   4.3750000e+00
   4.3750000e+00
   4.3750000e+00
   4.3750000e+00
   4.3750000e+00
   4.3750000e+00
   4.3750000e+00
   4.3750000e+00
   4.3750000e+00
   4.3740000e+00
   4.3740000e+00
   4.3740000e+00
   4.3740000e+00
   4.3740000e+00
   4.3740000e+00
   4.3740000e+00
   4.3730000e+00
   4.3730000e+00
   4.3730000e+00
   4.3730000e+00
   4.3730000e+00
   4.3730000e+00
   4.3720000e+00
   4.3720000e+00
   4.3720000e+00
   4.3720000e+00
   4.3710000e+00
   4.3710000e+00
   4.3710000e+00
   4.3710000e+00
   4.3700000e+00
   4.3700000e+00
   4.3700000e+00
   4.3690000e+00
   4.3690000e+00
   4.3680000e+00
   4.3680000e+00
   4.3680000e+00
   4.3670000e+00
   4.3670000e+00
   4.3660000e+00
   4.3660000e+00
   4.3650000e+00
   4.3650000e+00
   4.3650000e+00
   4.3640000e+00
   4.3640000e+00
   4.3640000e+00
   4.3630000e+00
   4.3630000e+00
   4.3630000e+00
   4.3630000e+00
   4.3630000e+00
   4.3640000e+00
   4.3640000e+00
   4.3650000e+00
   4.3660000e+00
   4.3670000e+00
   4.3680000e+00
   4.3690000e+00
   4.3710000e+00
   4.3730000e+00
   4.3750000e+00
   4.3770000e+00
   4.3800000e+00
   4.3820000e+00
   4.3850000e+00
   4.3880000e+00
   4.3910000e+00
   4.3940000e+00
   4.3970000e+00
   4.4010000e+00
   4.4040000e+00
   4.4070000e+00
   4.4110000e+00
   4.4140000e+00
   4.4170000e+00
   4.4200000e+00
   4.4240000e+00
   4.4270000e+00
   4.4300000e+00
   4.4330000e+00
   4.4360000e+00
   4.4390000e+00
   4.4420000e+00
   4.4440000e+00
   4.4470000e+00
   4.4490000e+00
   4.4520000e+00
   4.4540000e+00
   4.4560000e+00
   4.4580000e+00
   4.4600000e+00
   4.4620000e+00
   4.4640000e+00
   4.4660000e+00
   4.4670000e+00
   4.4680000e+00
   4.4700000e+00
   4.4710000e+00
   4.4720000e+00
   4.4730000e+00
   4.4740000e+00
   4.4750000e+00
   4.4750000e+00
   4.4760000e+00
   4.4760000e+00
   4.4760000e+00
   4.4760000e+00
   4.4770000e+00
   4.4770000e+00
   4.4760000e+00
   4.4760000e+00
   4.4760000e+00
   4.4760000e+00
   4.4750000e+00
   4.4750000e+00
   4.4740000e+00
   4.4740000e+00
   4.4730000e+00
   4.4720000e+00
   4.4720000e+00
   4.4710000e+00
   4.4700000e+00
   4.4690000e+00
   4.4680000e+00
   4.4680000e+00
   4.4670000e+00
   4.4660000e+00
   4.4650000e+00
   4.4650000e+00
   4.4640000e+00
   4.4630000e+00
   4.4620000e+00
   4.4620000e+00
   4.4610000e+00
   4.4600000e+00
   4.4600000e+00
   4.4590000e+00
   4.4590000e+00
   4.4580000e+00
   4.4580000e+00
   4.4570000e+00
   4.4570000e+00
   4.4570000e+00
   4.4560000e+00
   4.4560000e+00
   4.4560000e+00
   4.4560000e+00
   4.4550000e+00
   4.4550000e+00
   4.4550000e+00
   4.4550000e+00
   4.4550000e+00
   4.4550000e+00
   4.4540000e+00
   4.4540000e+00
   4.4540000e+00
   4.4540000e+00
   4.4540000e+00
   4.4530000e+00
   4.4530000e+00
   4.4530000e+00
   4.4530000e+00
   4.4520000e+00
   4.4520000e+00
   4.4510000e+00
   4.4510000e+00
   4.4510000e+00
   4.4500000e+00
   4.4490000e+00
   4.4490000e+00
   4.4490000e+00
   4.4480000e+00
   4.4470000e+00
   4.4470000e+00
   4.4460000e+00
   4.4450000e+00
   4.4450000e+00
   4.4440000e+00
   4.4430000e+00
   4.4430000e+00
   4.4420000e+00
   4.4410000e+00
   4.4400000e+00
   4.4400000e+00
   4.4390000e+00
   4.4380000e+00
   4.4370000e+00
   4.4360000e+00
   4.4350000e+00
   4.4340000e+00
   4.4330000e+00
   4.4320000e+00
   4.4310000e+00
   4.4300000e+00
   4.4290000e+00
   4.4280000e+00
   4.4270000e+00
   4.4260000e+00
   4.4250000e+00
   4.4240000e+00
   4.4230000e+00
   4.4220000e+00
   4.4210000e+00
   4.4200000e+00
   4.4190000e+00
   4.4180000e+00
   4.4170000e+00
   4.4160000e+00
   4.4150000e+00
   4.4140000e+00
   4.4130000e+00
   4.4120000e+00
   4.4110000e+00
   4.4100000e+00
   4.4090000e+00
   4.4080000e+00
   4.4070000e+00
   4.4070000e+00
   4.4060000e+00
   4.4050000e+00
   4.4040000e+00
   4.4030000e+00
   4.4020000e+00
   4.4020000e+00
   4.4010000e+00
   4.4000000e+00
   4.3990000e+00
   4.3980000e+00
   4.3980000e+00
   4.3970000e+00
   4.3960000e+00
   4.3950000e+00
   4.3940000e+00
   4.3940000e+00
   4.3930000e+00
   4.3920000e+00
   4.3910000e+00
   4.3910000e+00
   4.3900000e+00
   4.3890000e+00
   4.3880000e+00
   4.3880000e+00
   4.3870000e+00
   4.3860000e+00
   4.3860000e+00
   4.3850000e+00
   4.3840000e+00
   4.3840000e+00
   4.3830000e+00
   4.3820000e+00
   4.3820000e+00
   4.3810000e+00
   4.3810000e+00
   4.3800000e+00
   4.3790000e+00
   4.3790000e+00
   4.3780000e+00
   4.3780000e+00
   4.3770000e+00
   4.3770000e+00
   4.3760000e+00
   4.3760000e+00
   4.3760000e+00
   4.3750000e+00
   4.3750000e+00
   4.3740000e+00
   4.3740000e+00
   4.3730000e+00
   4.3730000e+00
   4.3720000e+00
   4.3720000e+00
   4.3710000e+00
   4.3710000e+00
   4.3700000e+00
   4.3700000e+00
   4.3700000e+00
   4.3690000e+00
   4.3690000e+00
   4.3680000e+00
   4.3680000e+00
   4.3680000e+00
   4.3680000e+00
   4.3670000e+00
   4.3670000e+00
   4.3670000e+00
   4.3670000e+00
   4.3670000e+00
   4.3670000e+00
   4.3670000e+00
   4.3670000e+00
   4.3670000e+00
   4.3670000e+00
   4.3670000e+00
   4.3680000e+00
   4.3680000e+00
   4.3680000e+00
   4.3690000e+00
   4.3690000e+00
   4.3700000e+00
   4.3700000e+00
   4.3710000e+00
   4.3710000e+00
   4.3720000e+00
   4.3720000e+00
   4.3730000e+00
   4.3740000e+00
   4.3750000e+00
   4.3750000e+00
   4.3760000e+00
   4.3760000e+00
   4.3770000e+00
   4.3780000e+00
   4.3780000e+00
   4.3790000e+00
   4.3790000e+00
   4.3800000e+00
   4.3800000e+00
   4.3810000e+00
   4.3810000e+00
   4.3820000e+00
   4.3820000e+00
   4.3830000e+00
   4.3830000e+00
   4.3830000e+00
   4.3830000e+00
   4.3840000e+00
   4.3840000e+00
   4.3840000e+00
   4.3840000e+00
   4.3850000e+00
   4.3850000e+00
   4.3850000e+00
   4.3850000e+00
   4.3850000e+00
   4.3850000e+00
   4.3850000e+00
   4.3850000e+00
   4.3850000e+00
   4.3850000e+00
   4.3850000e+00
   4.3850000e+00
   4.3850000e+00
   4.3850000e+00
   4.3840000e+00
   4.3840000e+00
   4.3840000e+00
   4.3840000e+00
   4.3840000e+00
   4.3830000e+00
   4.3830000e+00
   4.3830000e+00
   4.3830000e+00
   4.3820000e+00
   4.3820000e+00
   4.3820000e+00
   4.3810000e+00
   4.3810000e+00
   4.3810000e+00
   4.3810000e+00
   4.3810000e+00
   4.3810000e+00
   4.3810000e+00
   4.3800000e+00
   4.3800000e+00
   4.3800000e+00
   4.3800000e+00
   4.3800000e+00
   4.3800000e+00
   4.3800000e+00
   4.3800000e+00
   4.3800000e+00
   4.3800000e+00
   4.3810000e+00
   4.3810000e+00
   4.3810000e+00
   4.3810000e+00
   4.3810000e+00
   4.3820000e+00
   4.3820000e+00
   4.3820000e+00
   4.3830000e+00
   4.3830000e+00
   4.3830000e+00
   4.3840000e+00
   4.3840000e+00
   4.3840000e+00
   4.3840000e+00
   4.3850000e+00
   4.3850000e+00
   4.3850000e+00
   4.3850000e+00
   4.3850000e+00
   4.3850000e+00
   4.3860000e+00
   4.3860000e+00
   4.3860000e+00
   4.3860000e+00
   4.3860000e+00
   4.3860000e+00
   4.3850000e+00
   4.3850000e+00
   4.3850000e+00
   4.3850000e+00
   4.3850000e+00
   4.3850000e+00
   4.3850000e+00
   4.3840000e+00
   4.3840000e+00
   4.3840000e+00
   4.3840000e+00
   4.3830000e+00
   4.3830000e+00
   4.3830000e+00
   4.3820000e+00
   4.3820000e+00
   4.3810000e+00
   4.3810000e+00
   4.3810000e+00
   4.3800000e+00
   4.3800000e+00
   4.3790000e+00
   4.3790000e+00
   4.3790000e+00
   4.3780000e+00
   4.3780000e+00
   4.3770000e+00
   4.3770000e+00
   4.3760000e+00
   4.3760000e+00
   4.3760000e+00
   4.3750000e+00
   4.3750000e+00
   4.3740000e+00
   4.3740000e+00
   4.3740000e+00
   4.3730000e+00
   4.3730000e+00
   4.3730000e+00
   4.3720000e+00
   4.3720000e+00
   4.3720000e+00
   4.3710000e+00
   4.3710000e+00
   4.3700000e+00
   4.3700000e+00
   4.3700000e+00
   4.3690000e+00
   4.3690000e+00
   4.3680000e+00
   4.3680000e+00
   4.3680000e+00
   4.3670000e+00
   4.3670000e+00
   4.3660000e+00
   4.3660000e+00
   4.3650000e+00
   4.3650000e+00
   4.3650000e+00
   4.3640000e+00
   4.3640000e+00
   4.3630000e+00
   4.3630000e+00
   4.3620000e+00
   4.3620000e+00
   4.3610000e+00
   4.3610000e+00
   4.3600000e+00
   4.3600000e+00
   4.3590000e+00
   4.3590000e+00
   4.3580000e+00
   4.3570000e+00
   4.3570000e+00
   4.3560000e+00
   4.3560000e+00
   4.3550000e+00
   4.3550000e+00
   4.3540000e+00
   4.3540000e+00
   4.3530000e+00
   4.3520000e+00
   4.3520000e+00
   4.3510000e+00
   4.3510000e+00
   4.3500000e+00
   4.3500000e+00
   4.3490000e+00
   4.3490000e+00
   4.3480000e+00
   4.3470000e+00
   4.3470000e+00
   4.3460000e+00
   4.3460000e+00
   4.3450000e+00
   4.3440000e+00
   4.3440000e+00
   4.3430000e+00
   4.3430000e+00
   4.3430000e+00
   4.3420000e+00
   4.3420000e+00
   4.3410000e+00
   4.3410000e+00
   4.3400000e+00
   4.3400000e+00
   4.3400000e+00
   4.3390000e+00
   4.3390000e+00
   4.3390000e+00
   4.3380000e+00
   4.3380000e+00
   4.3380000e+00
   4.3380000e+00
   4.3380000e+00
   4.3370000e+00
   4.3370000e+00
   4.3370000e+00
   4.3370000e+00
   4.3360000e+00
   4.3360000e+00
   4.3360000e+00
   4.3360000e+00
   4.3350000e+00
   4.3350000e+00
   4.3350000e+00
   4.3350000e+00
   4.3340000e+00
   4.3340000e+00
   4.3340000e+00
   4.3340000e+00
   4.3340000e+00
   4.3330000e+00
   4.3330000e+00
   4.3330000e+00
   4.3330000e+00
   4.3320000e+00
   4.3320000e+00
   4.3320000e+00
   4.3320000e+00
   4.3310000e+00
   4.3310000e+00
   4.3310000e+00
   4.3310000e+00
   4.3300000e+00
   4.3300000e+00
   4.3300000e+00
   4.3290000e+00
   4.3290000e+00
   4.3290000e+00
   4.3280000e+00
   4.3280000e+00
   4.3280000e+00
   4.3270000e+00
   4.3270000e+00
   4.3270000e+00
   4.3260000e+00
   4.3260000e+00
   4.3250000e+00
   4.3250000e+00
   4.3250000e+00
   4.3240000e+00
   4.3240000e+00
   4.3240000e+00
   4.3230000e+00
   4.3230000e+00
   4.3220000e+00
   4.3220000e+00
   4.3220000e+00
   4.3210000e+00
   4.3210000e+00
   4.3200000e+00
   4.3200000e+00
   4.3190000e+00
   4.3190000e+00
   4.3180000e+00
   4.3180000e+00
   4.3170000e+00
   4.3170000e+00
   4.3170000e+00
   4.3160000e+00
   4.3160000e+00
   4.3150000e+00
   4.3150000e+00
   4.3140000e+00
   4.3140000e+00
   4.3140000e+00
   4.3130000e+00
   4.3130000e+00
   4.3130000e+00
   4.3120000e+00
   4.3120000e+00
   4.3120000e+00
   4.3120000e+00
   4.3120000e+00
   4.3120000e+00
   4.3120000e+00
   4.3120000e+00
   4.3120000e+00
   4.3130000e+00
   4.3130000e+00
   4.3140000e+00
   4.3150000e+00
   4.3160000e+00
   4.3170000e+00
   4.3180000e+00
   4.3190000e+00
   4.3200000e+00
   4.3220000e+00
   4.3230000e+00
   4.3250000e+00
   4.3270000e+00
   4.3280000e+00
   4.3300000e+00
   4.3320000e+00
   4.3340000e+00
   4.3350000e+00
   4.3370000e+00
   4.3390000e+00
   4.3410000e+00
   4.3430000e+00
   4.3450000e+00
   4.3460000e+00
   4.3480000e+00
   4.3500000e+00
   4.3510000e+00
   4.3530000e+00
   4.3550000e+00
   4.3560000e+00
   4.3570000e+00
   4.3590000e+00
   4.3600000e+00
   4.3610000e+00
   4.3630000e+00
   4.3640000e+00
   4.3650000e+00
   4.3660000e+00
   4.3670000e+00
   4.3680000e+00
   4.3680000e+00
   4.3690000e+00
   4.3700000e+00
   4.3700000e+00
   4.3710000e+00
   4.3710000e+00
   4.3720000e+00
   4.3720000e+00
   4.3720000e+00
   4.3720000e+00
   4.3720000e+00
   4.3720000e+00
   4.3720000e+00
   4.3720000e+00
   4.3720000e+00
   4.3720000e+00
   4.3720000e+00
   4.3710000e+00
   4.3710000e+00
   4.3710000e+00
   4.3700000e+00
   4.3700000e+00
   4.3690000e+00
   4.3690000e+00
   4.3680000e+00
   4.3680000e+00
   4.3670000e+00
   4.3660000e+00
   4.3660000e+00
   4.3650000e+00
   4.3640000e+00
   4.3640000e+00
   4.3630000e+00
   4.3620000e+00
   4.3610000e+00
   4.3600000e+00
   4.3590000e+00
   4.3590000e+00
   4.3580000e+00
   4.3570000e+00
   4.3570000e+00
   4.3560000e+00
   4.3550000e+00
   4.3550000e+00
   4.3540000e+00
   4.3530000e+00
   4.3530000e+00
   4.3520000e+00
   4.3510000e+00
   4.3510000e+00
   4.3500000e+00
   4.3490000e+00
   4.3490000e+00
   4.3480000e+00
   4.3470000e+00
   4.3470000e+00
   4.3460000e+00
   4.3450000e+00
   4.3450000e+00
   4.3440000e+00
   4.3430000e+00
   4.3430000e+00
   4.3420000e+00
   4.3410000e+00
   4.3400000e+00
   4.3400000e+00
   4.3390000e+00
   4.3390000e+00
   4.3380000e+00
   4.3370000e+00
   4.3370000e+00
   4.3360000e+00
   4.3350000e+00
   4.3350000e+00
   4.3340000e+00
   4.3340000e+00
   4.3330000e+00
   4.3330000e+00
   4.3320000e+00
   4.3310000e+00
   4.3310000e+00
   4.3300000e+00
   4.3300000e+00
   4.3290000e+00
   4.3290000e+00
   4.3280000e+00
   4.3270000e+00
   4.3270000e+00
   4.3260000e+00
   4.3260000e+00
   4.3250000e+00
   4.3250000e+00
   4.3240000e+00
   4.3230000e+00
   4.3230000e+00
   4.3220000e+00
   4.3220000e+00
   4.3210000e+00
   4.3210000e+00
   4.3200000e+00
   4.3200000e+00
   4.3190000e+00
   4.3190000e+00
   4.3180000e+00
   4.3180000e+00
   4.3170000e+00
   4.3170000e+00
   4.3170000e+00
   4.3160000e+00
   4.3160000e+00
   4.3150000e+00
   4.3150000e+00
   4.3140000e+00
   4.3140000e+00
   4.3140000e+00
   4.3130000e+00
   4.3130000e+00
   4.3120000e+00
   4.3120000e+00
   4.3120000e+00
   4.3110000e+00
   4.3110000e+00
   4.3110000e+00
   4.3100000e+00
   4.3100000e+00
   4.3100000e+00
   4.3100000e+00
   4.3100000e+00
   4.3090000e+00
   4.3090000e+00
   4.3090000e+00
   4.3090000e+00
   4.3090000e+00
   4.3090000e+00
   4.3090000e+00
   4.3100000e+00
   4.3100000e+00
   4.3100000e+00
   4.3110000e+00
   4.3110000e+00
   4.3120000e+00
   4.3120000e+00
   4.3130000e+00
   4.3140000e+00
   4.3150000e+00
   4.3170000e+00
   4.3180000e+00
   4.3200000e+00
   4.3210000e+00
   4.3230000e+00
   4.3250000e+00
   4.3270000e+00
   4.3290000e+00
   4.3310000e+00
   4.3340000e+00
   4.3360000e+00
   4.3390000e+00
   4.3410000e+00
   4.3440000e+00
   4.3470000e+00
   4.3490000e+00
   4.3520000e+00
   4.3550000e+00
   4.3570000e+00
   4.3600000e+00
   4.3620000e+00
   4.3650000e+00
   4.3680000e+00
   4.3700000e+00
   4.3720000e+00
   4.3750000e+00
   4.3770000e+00
   4.3790000e+00
   4.3810000e+00
   4.3830000e+00
   4.3850000e+00
   4.3870000e+00
   4.3890000e+00
   4.3900000e+00
   4.3920000e+00
   4.3930000e+00
   4.3950000e+00
   4.3960000e+00
   4.3970000e+00
   4.3980000e+00
   4.4000000e+00
   4.4000000e+00
   4.4010000e+00
   4.4020000e+00
   4.4030000e+00
   4.4030000e+00
   4.4040000e+00
   4.4040000e+00
   4.4050000e+00
   4.4050000e+00
   4.4050000e+00
   4.4050000e+00
   4.4050000e+00
   4.4050000e+00
   4.4050000e+00
   4.4050000e+00
   4.4050000e+00
   4.4050000e+00
   4.4050000e+00
   4.4040000e+00
   4.4040000e+00
   4.4030000e+00
   4.4030000e+00
   4.4030000e+00
   4.4020000e+00
   4.4020000e+00
   4.4010000e+00
   4.4000000e+00
   4.4000000e+00
   4.3990000e+00
   4.3980000e+00
   4.3970000e+00
   4.3970000e+00
   4.3960000e+00
   4.3950000e+00
   4.3940000e+00
   4.3930000e+00
   4.3920000e+00
   4.3910000e+00
   4.3900000e+00
   4.3890000e+00
   4.3880000e+00
   4.3880000e+00
   4.3870000e+00
   4.3860000e+00
   4.3850000e+00
   4.3840000e+00
   4.3830000e+00
   4.3820000e+00
   4.3810000e+00
   4.3800000e+00
   4.3790000e+00
   4.3780000e+00
   4.3770000e+00
   4.3760000e+00
   4.3750000e+00
   4.3740000e+00
   4.3730000e+00
   4.3720000e+00
   4.3720000e+00
   4.3710000e+00
   4.3700000e+00
   4.3690000e+00
   4.3680000e+00
   4.3670000e+00
   4.3660000e+00
   4.3650000e+00
   4.3640000e+00
   4.3630000e+00
   4.3630000e+00
   4.3620000e+00
   4.3610000e+00
   4.3600000e+00
   4.3590000e+00
   4.3580000e+00
   4.3580000e+00
   4.3570000e+00
   4.3560000e+00
   4.3550000e+00
   4.3550000e+00
   4.3540000e+00
   4.3530000e+00
   4.3530000e+00
   4.3520000e+00
   4.3510000e+00
   4.3510000e+00
   4.3500000e+00
   4.3500000e+00
   4.3490000e+00
   4.3490000e+00
   4.3490000e+00
   4.3490000e+00
   4.3490000e+00
   4.3490000e+00
   4.3490000e+00
   4.3490000e+00
   4.3490000e+00
   4.3500000e+00
   4.3500000e+00
   4.3510000e+00
   4.3520000e+00
   4.3530000e+00
   4.3530000e+00
   4.3540000e+00
   4.3550000e+00
   4.3560000e+00
   4.3570000e+00
   4.3580000e+00
   4.3590000e+00
   4.3600000e+00
   4.3610000e+00
   4.3620000e+00
   4.3620000e+00
   4.3630000e+00
   4.3640000e+00
   4.3650000e+00
   4.3660000e+00
   4.3670000e+00
   4.3670000e+00
   4.3680000e+00
   4.3690000e+00
   4.3690000e+00
   4.3700000e+00
   4.3710000e+00
   4.3710000e+00
   4.3720000e+00
   4.3720000e+00
   4.3720000e+00
   4.3730000e+00
   4.3730000e+00
   4.3740000e+00
   4.3740000e+00
   4.3750000e+00
   4.3750000e+00
   4.3760000e+00
   4.3760000e+00
   4.3770000e+00
   4.3780000e+00
   4.3790000e+00
   4.3800000e+00
   4.3820000e+00
   4.3830000e+00
   4.3850000e+00
   4.3860000e+00
   4.3880000e+00
   4.3900000e+00
   4.3920000e+00
   4.3940000e+00
   4.3960000e+00
   4.3980000e+00
   4.4000000e+00
   4.4020000e+00
   4.4050000e+00
   4.4070000e+00
   4.4090000e+00
   4.4110000e+00
   4.4140000e+00
   4.4160000e+00
   4.4180000e+00
   4.4200000e+00
   4.4230000e+00
   4.4250000e+00
   4.4270000e+00
   4.4290000e+00
   4.4310000e+00
   4.4330000e+00
   4.4350000e+00
   4.4360000e+00
   4.4380000e+00
   4.4400000e+00
   4.4410000e+00
   4.4430000e+00
   4.4440000e+00
   4.4460000e+00
   4.4470000e+00
   4.4480000e+00
   4.4490000e+00
   4.4510000e+00
   4.4520000e+00
   4.4530000e+00
   4.4540000e+00
   4.4550000e+00
   4.4560000e+00
   4.4560000e+00
   4.4570000e+00
   4.4580000e+00
   4.4580000e+00
   4.4590000e+00
   4.4590000e+00
   4.4600000e+00
   4.4600000e+00
   4.4600000e+00
   4.4600000e+00
   4.4600000e+00
   4.4610000e+00
   4.4610000e+00
   4.4600000e+00
   4.4600000e+00
   4.4600000e+00
   4.4600000e+00
   4.4600000e+00
   4.4600000e+00
   4.4590000e+00
   4.4590000e+00
   4.4590000e+00
   4.4580000e+00
   4.4580000e+00
   4.4570000e+00
   4.4570000e+00
   4.4560000e+00
   4.4560000e+00
   4.4550000e+00
   4.4540000e+00
   4.4540000e+00
   4.4530000e+00
   4.4520000e+00
   4.4510000e+00
   4.4510000e+00
   4.4500000e+00
   4.4490000e+00
   4.4480000e+00
   4.4470000e+00
   4.4460000e+00
   4.4450000e+00
   4.4440000e+00
   4.4430000e+00
   4.4430000e+00
   4.4420000e+00
   4.4410000e+00
   4.4400000e+00
   4.4390000e+00
   4.4380000e+00
   4.4370000e+00
   4.4360000e+00
   4.4350000e+00
   4.4340000e+00
   4.4330000e+00
   4.4320000e+00
   4.4310000e+00
   4.4300000e+00
   4.4290000e+00
   4.4280000e+00
   4.4270000e+00
   4.4260000e+00
   4.4250000e+00
   4.4240000e+00
   4.4230000e+00
   4.4220000e+00
   4.4210000e+00
   4.4200000e+00
   4.4190000e+00
   4.4180000e+00
   4.4170000e+00
   4.4160000e+00
   4.4150000e+00
   4.4150000e+00
   4.4140000e+00
   4.4130000e+00
   4.4120000e+00
   4.4110000e+00
   4.4100000e+00
   4.4090000e+00
   4.4080000e+00
   4.4070000e+00
   4.4060000e+00
   4.4060000e+00
   4.4050000e+00
   4.4040000e+00
   4.4030000e+00
   4.4020000e+00
   4.4010000e+00
   4.4000000e+00
   4.4000000e+00
   4.3990000e+00
   4.3980000e+00
   4.3970000e+00
   4.3960000e+00
   4.3960000e+00
   4.3950000e+00
   4.3940000e+00
   4.3930000e+00
   4.3930000e+00
   4.3920000e+00
   4.3910000e+00
   4.3900000e+00
   4.3900000e+00
   4.3890000e+00
   4.3880000e+00
   4.3880000e+00
   4.3870000e+00
   4.3860000e+00
   4.3860000e+00
   4.3850000e+00
   4.3840000e+00
   4.3840000e+00
   4.3830000e+00
   4.3830000e+00
   4.3820000e+00
   4.3810000e+00
   4.3810000e+00
   4.3800000e+00
   4.3800000e+00
   4.3790000e+00
   4.3790000e+00
   4.3780000e+00
   4.3770000e+00
   4.3770000e+00
   4.3760000e+00
   4.3760000e+00
   4.3750000e+00
   4.3750000e+00
   4.3740000e+00
   4.3740000e+00
   4.3730000e+00
   4.3730000e+00
   4.3720000e+00
   4.3720000e+00
   4.3710000e+00
   4.3710000e+00
   4.3700000e+00
   4.3700000e+00
   4.3690000e+00
   4.3690000e+00
   4.3680000e+00
   4.3670000e+00
   4.3670000e+00
   4.3660000e+00
   4.3660000e+00
   4.3650000e+00
   4.3650000e+00
   4.3640000e+00
   4.3630000e+00
   4.3630000e+00
   4.3620000e+00
   4.3620000e+00
   4.3610000e+00
   4.3610000e+00
   4.3600000e+00
   4.3600000e+00
   4.3590000e+00
   4.3590000e+00
   4.3580000e+00
   4.3580000e+00
   4.3570000e+00
   4.3570000e+00
   4.3570000e+00
   4.3560000e+00
   4.3560000e+00
   4.3560000e+00
   4.3560000e+00
   4.3550000e+00
   4.3550000e+00
   4.3550000e+00
   4.3550000e+00
   4.3550000e+00
   4.3540000e+00
   4.3540000e+00
   4.3540000e+00
   4.3540000e+00
   4.3540000e+00
   4.3540000e+00
   4.3540000e+00
   4.3540000e+00
   4.3550000e+00
   4.3550000e+00
   4.3550000e+00
   4.3550000e+00
   4.3550000e+00
   4.3550000e+00
   4.3550000e+00
   4.3550000e+00
   4.3550000e+00
   4.3550000e+00
   4.3550000e+00
   4.3550000e+00
   4.3550000e+00
   4.3550000e+00
   4.3550000e+00
   4.3550000e+00
   4.3550000e+00
   4.3540000e+00
   4.3540000e+00
   4.3540000e+00
   4.3540000e+00
   4.3540000e+00
   4.3540000e+00
   4.3540000e+00
   4.3540000e+00
   4.3540000e+00
   4.3540000e+00
   4.3540000e+00
   4.3540000e+00
   4.3540000e+00
   4.3550000e+00
   4.3550000e+00
   4.3550000e+00
   4.3550000e+00
   4.3560000e+00
   4.3560000e+00
   4.3560000e+00
   4.3570000e+00
   4.3570000e+00
   4.3580000e+00
   4.3580000e+00
   4.3590000e+00
   4.3600000e+00
   4.3600000e+00
   4.3610000e+00
   4.3610000e+00
   4.3620000e+00
   4.3630000e+00
   4.3630000e+00
   4.3640000e+00
   4.3650000e+00
   4.3650000e+00
   4.3660000e+00
   4.3660000e+00
   4.3670000e+00
   4.3670000e+00
   4.3680000e+00
   4.3680000e+00
   4.3690000e+00
   4.3690000e+00
   4.3690000e+00
   4.3700000e+00
   4.3700000e+00
   4.3700000e+00
   4.3710000e+00
   4.3710000e+00
   4.3710000e+00
   4.3710000e+00
   4.3720000e+00
   4.3720000e+00
   4.3730000e+00
   4.3730000e+00
   4.3730000e+00
   4.3730000e+00
   4.3730000e+00
   4.3730000e+00
   4.3730000e+00
   4.3740000e+00
   4.3730000e+00
   4.3730000e+00
   4.3730000e+00
   4.3730000e+00
   4.3730000e+00
   4.3730000e+00
   4.3720000e+00
   4.3720000e+00
   4.3720000e+00
   4.3710000e+00
   4.3710000e+00
   4.3700000e+00
   4.3700000e+00
   4.3700000e+00
   4.3690000e+00
   4.3690000e+00
   4.3680000e+00
   4.3680000e+00
   4.3670000e+00
   4.3670000e+00
   4.3660000e+00
   4.3660000e+00
   4.3650000e+00
   4.3650000e+00
   4.3640000e+00
   4.3640000e+00
   4.3630000e+00
   4.3620000e+00
   4.3620000e+00
   4.3610000e+00
   4.3610000e+00
   4.3600000e+00
   4.3590000e+00
   4.3590000e+00
   4.3580000e+00
   4.3580000e+00
   4.3570000e+00
   4.3570000e+00
   4.3560000e+00
   4.3560000e+00
   4.3550000e+00
   4.3550000e+00
   4.3540000e+00
   4.3540000e+00
   4.3530000e+00
   4.3530000e+00
   4.3530000e+00
   4.3520000e+00
   4.3520000e+00
   4.3520000e+00
   4.3520000e+00
   4.3510000e+00
   4.3510000e+00
   4.3510000e+00
   4.3510000e+00
   4.3510000e+00
   4.3510000e+00
   4.3500000e+00
   4.3500000e+00
   4.3500000e+00
   4.3500000e+00
   4.3500000e+00
   4.3500000e+00
   4.3500000e+00
   4.3500000e+00
   4.3500000e+00
   4.3500000e+00
   4.3500000e+00
   4.3500000e+00
   4.3500000e+00
   4.3490000e+00
   4.3490000e+00
   4.3490000e+00
   4.3490000e+00
   4.3490000e+00
   4.3490000e+00
   4.3490000e+00
   4.3490000e+00
   4.3490000e+00
   4.3490000e+00
   4.3480000e+00
   4.3480000e+00
   4.3480000e+00
   4.3480000e+00
   4.3480000e+00
   4.3470000e+00
   4.3470000e+00
   4.3470000e+00
   4.3470000e+00
   4.3460000e+00
   4.3460000e+00
   4.3460000e+00
   4.3450000e+00
   4.3450000e+00
   4.3450000e+00
   4.3450000e+00
   4.3450000e+00
   4.3440000e+00
   4.3440000e+00
   4.3440000e+00
   4.3440000e+00
   4.3440000e+00
   4.3440000e+00
   4.3440000e+00
   4.3440000e+00
   4.3440000e+00
   4.3440000e+00
   4.3440000e+00
   4.3440000e+00
   4.3440000e+00
   4.3440000e+00
   4.3440000e+00
   4.3440000e+00
   4.3440000e+00
   4.3440000e+00
   4.3440000e+00
   4.3440000e+00
   4.3440000e+00
   4.3440000e+00
   4.3450000e+00
   4.3450000e+00
   4.3450000e+00
   4.3450000e+00
   4.3450000e+00
   4.3450000e+00
   4.3450000e+00
   4.3450000e+00
   4.3460000e+00
   4.3460000e+00
   4.3460000e+00
   4.3460000e+00
   4.3460000e+00
   4.3460000e+00
   4.3460000e+00
   4.3460000e+00
   4.3460000e+00
   4.3460000e+00
   4.3460000e+00
   4.3450000e+00
   4.3450000e+00
   4.3450000e+00
   4.3450000e+00
   4.3450000e+00
   4.3450000e+00
   4.3450000e+00
   4.3440000e+00
   4.3440000e+00
   4.3440000e+00
   4.3440000e+00
   4.3430000e+00
   4.3430000e+00
   4.3430000e+00
   4.3430000e+00
   4.3430000e+00
   4.3420000e+00
   4.3420000e+00
   4.3420000e+00
   4.3420000e+00
   4.3410000e+00
   4.3410000e+00
   4.3410000e+00
   4.3410000e+00
   4.3400000e+00
   4.3400000e+00
   4.3400000e+00
   4.3390000e+00
   4.3390000e+00
   4.3390000e+00
   4.3390000e+00
   4.3380000e+00
   4.3380000e+00
   4.3380000e+00
   4.3370000e+00
   4.3370000e+00
   4.3370000e+00
   4.3370000e+00
   4.3360000e+00
   4.3360000e+00
   4.3350000e+00
   4.3350000e+00
   4.3350000e+00
   4.3340000e+00
   4.3340000e+00
   4.3330000e+00
   4.3330000e+00
   4.3330000e+00
   4.3320000e+00
   4.3320000e+00
   4.3310000e+00
   4.3310000e+00
   4.3300000e+00
   4.3300000e+00
   4.3290000e+00
   4.3280000e+00
   4.3280000e+00
   4.3270000e+00
   4.3260000e+00
   4.3260000e+00
   4.3250000e+00
   4.3240000e+00
   4.3240000e+00
   4.3230000e+00
   4.3220000e+00
   4.3220000e+00
   4.3210000e+00
   4.3200000e+00
   4.3200000e+00
   4.3190000e+00
   4.3180000e+00
   4.3180000e+00
   4.3170000e+00
   4.3160000e+00
   4.3160000e+00
   4.3150000e+00
   4.3140000e+00
   4.3140000e+00
   4.3130000e+00
   4.3120000e+00
   4.3120000e+00
   4.3110000e+00
   4.3100000e+00
   4.3090000e+00
   4.3090000e+00
   4.3080000e+00
   4.3080000e+00
   4.3070000e+00
   4.3060000e+00
   4.3060000e+00
   4.3050000e+00
   4.3040000e+00
   4.3040000e+00
   4.3030000e+00
   4.3020000e+00
   4.3020000e+00
   4.3010000e+00
   4.3010000e+00
   4.3000000e+00
   4.3000000e+00
   4.2990000e+00
   4.2990000e+00
   4.2980000e+00
   4.2980000e+00
   4.2970000e+00
   4.2970000e+00
   4.2970000e+00
   4.2960000e+00
   4.2960000e+00
   4.2970000e+00
   4.2970000e+00
   4.2970000e+00
   4.2980000e+00
   4.2990000e+00
   4.3000000e+00
   4.3010000e+00
   4.3030000e+00
   4.3050000e+00
   4.3070000e+00
   4.3090000e+00
   4.3120000e+00
   4.3150000e+00
   4.3180000e+00
   4.3210000e+00
   4.3240000e+00
   4.3280000e+00
   4.3320000e+00
   4.3350000e+00
   4.3390000e+00
   4.3430000e+00
   4.3470000e+00
   4.3510000e+00
   4.3550000e+00
   4.3590000e+00
   4.3630000e+00
   4.3680000e+00
   4.3720000e+00
   4.3750000e+00
   4.3790000e+00
   4.3830000e+00
   4.3870000e+00
   4.3910000e+00
   4.3950000e+00
   4.3980000e+00
   4.4020000e+00
   4.4050000e+00
   4.4090000e+00
   4.4120000e+00
   4.4150000e+00
   4.4180000e+00
   4.4210000e+00
   4.4240000e+00
   4.4270000e+00
   4.4300000e+00
   4.4330000e+00
   4.4350000e+00
   4.4380000e+00
   4.4400000e+00
   4.4420000e+00
   4.4440000e+00
   4.4460000e+00
   4.4480000e+00
   4.4500000e+00
   4.4510000e+00
   4.4530000e+00
   4.4540000e+00
   4.4550000e+00
   4.4560000e+00
   4.4570000e+00
   4.4580000e+00
   4.4590000e+00
   4.4600000e+00
   4.4600000e+00
   4.4610000e+00
   4.4610000e+00
   4.4620000e+00
   4.4620000e+00
   4.4620000e+00
   4.4620000e+00
   4.4630000e+00
   4.4620000e+00
   4.4620000e+00
   4.4620000e+00
   4.4620000e+00
   4.4620000e+00
   4.4610000e+00
   4.4610000e+00
   4.4600000e+00
   4.4600000e+00
   4.4590000e+00
   4.4590000e+00
   4.4580000e+00
   4.4580000e+00
   4.4570000e+00
   4.4560000e+00
   4.4560000e+00
   4.4550000e+00
   4.4540000e+00
   4.4530000e+00
   4.4520000e+00
   4.4520000e+00
   4.4510000e+00
   4.4500000e+00
   4.4490000e+00
   4.4480000e+00
   4.4470000e+00
   4.4460000e+00
   4.4450000e+00
   4.4440000e+00
   4.4430000e+00
   4.4410000e+00
   4.4400000e+00
   4.4390000e+00
   4.4380000e+00
   4.4370000e+00
   4.4360000e+00
   4.4350000e+00
   4.4340000e+00
   4.4330000e+00
   4.4320000e+00
   4.4310000e+00
   4.4300000e+00
   4.4290000e+00
   4.4280000e+00
   4.4270000e+00
   4.4250000e+00
   4.4250000e+00
   4.4230000e+00
   4.4220000e+00
   4.4220000e+00
   4.4200000e+00
   4.4200000e+00
   4.4190000e+00
   4.4180000e+00
   4.4170000e+00
   4.4160000e+00
   4.4150000e+00
   4.4140000e+00
   4.4130000e+00
   4.4120000e+00
   4.4110000e+00
   4.4100000e+00
   4.4090000e+00
   4.4090000e+00
   4.4080000e+00
   4.4070000e+00
   4.4060000e+00
   4.4060000e+00
   4.4050000e+00
   4.4050000e+00
   4.4040000e+00
   4.4040000e+00
   4.4030000e+00
   4.4030000e+00
   4.4030000e+00
   4.4030000e+00
   4.4020000e+00
   4.4020000e+00
   4.4020000e+00
   4.4020000e+00
   4.4020000e+00
   4.4020000e+00
   4.4020000e+00
   4.4030000e+00
   4.4030000e+00
   4.4030000e+00
   4.4030000e+00
   4.4030000e+00
   4.4030000e+00
   4.4030000e+00
   4.4030000e+00
   4.4040000e+00
   4.4040000e+00
   4.4040000e+00
   4.4040000e+00
   4.4040000e+00
   4.4040000e+00
   4.4040000e+00
   4.4040000e+00
   4.4040000e+00
   4.4050000e+00
   4.4050000e+00
   4.4050000e+00
   4.4050000e+00
   4.4050000e+00
   4.4050000e+00
   4.4050000e+00
   4.4050000e+00
   4.4050000e+00
   4.4050000e+00
   4.4050000e+00
   4.4050000e+00
   4.4050000e+00
   4.4040000e+00
   4.4040000e+00
   4.4040000e+00
   4.4040000e+00
   4.4040000e+00
   4.4040000e+00
   4.4030000e+00
   4.4030000e+00
   4.4030000e+00
   4.4030000e+00
   4.4020000e+00
   4.4020000e+00
   4.4020000e+00
   4.4020000e+00
   4.4020000e+00
   4.4020000e+00
   4.4020000e+00
   4.4030000e+00
   4.4030000e+00
   4.4040000e+00
   4.4050000e+00
   4.4060000e+00
   4.4080000e+00
   4.4090000e+00
   4.4110000e+00
   4.4140000e+00
   4.4160000e+00
   4.4190000e+00
   4.4220000e+00
   4.4250000e+00
   4.4280000e+00
   4.4310000e+00
   4.4350000e+00
   4.4390000e+00
   4.4420000e+00
   4.4460000e+00
   4.4500000e+00
   4.4540000e+00
   4.4590000e+00
   4.4630000e+00
   4.4670000e+00
   4.4710000e+00
   4.4750000e+00
   4.4790000e+00
   4.4830000e+00
   4.4870000e+00
   4.4900000e+00
   4.4940000e+00
   4.4980000e+00
   4.5010000e+00
   4.5050000e+00
   4.5080000e+00
   4.5110000e+00
   4.5140000e+00
   4.5170000e+00
   4.5190000e+00
   4.5220000e+00
   4.5250000e+00
   4.5270000e+00
   4.5300000e+00
   4.5320000e+00
   4.5340000e+00
   4.5360000e+00
   4.5380000e+00
   4.5390000e+00
   4.5410000e+00
   4.5420000e+00
   4.5440000e+00
   4.5450000e+00
   4.5460000e+00
   4.5470000e+00
   4.5480000e+00
   4.5480000e+00
   4.5490000e+00
   4.5490000e+00
   4.5490000e+00
   4.5500000e+00
   4.5500000e+00
   4.5500000e+00
   4.5500000e+00
   4.5490000e+00
   4.5490000e+00
   4.5490000e+00
   4.5480000e+00
   4.5480000e+00
   4.5470000e+00
   4.5470000e+00
   4.5460000e+00
   4.5450000e+00
   4.5440000e+00
   4.5440000e+00
   4.5430000e+00
   4.5420000e+00
   4.5410000e+00
   4.5410000e+00
   4.5400000e+00
   4.5400000e+00
   4.5390000e+00
   4.5380000e+00
   4.5380000e+00
   4.5370000e+00
   4.5360000e+00
   4.5350000e+00
   4.5350000e+00
   4.5340000e+00
   4.5330000e+00
   4.5320000e+00
   4.5320000e+00
   4.5310000e+00
   4.5300000e+00
   4.5290000e+00
   4.5290000e+00
   4.5280000e+00
   4.5270000e+00
   4.5270000e+00
   4.5260000e+00
   4.5250000e+00
   4.5240000e+00
   4.5230000e+00
   4.5230000e+00
   4.5220000e+00
   4.5210000e+00
   4.5200000e+00
   4.5190000e+00
   4.5190000e+00
   4.5180000e+00
   4.5170000e+00
   4.5160000e+00
   4.5150000e+00
   4.5140000e+00
   4.5130000e+00
   4.5120000e+00
   4.5120000e+00
   4.5110000e+00
   4.5100000e+00
   4.5090000e+00
   4.5080000e+00
   4.5070000e+00
   4.5060000e+00
   4.5050000e+00
   4.5040000e+00
   4.5030000e+00
   4.5020000e+00
   4.5010000e+00
   4.5010000e+00
   4.5000000e+00
   4.4990000e+00
   4.4980000e+00
   4.4970000e+00
   4.4960000e+00
   4.4950000e+00
   4.4940000e+00
   4.4930000e+00
   4.4920000e+00
   4.4910000e+00
   4.4910000e+00
   4.4900000e+00
   4.4890000e+00
   4.4880000e+00
   4.4870000e+00
   4.4860000e+00
   4.4860000e+00
   4.4850000e+00
   4.4840000e+00
   4.4830000e+00
   4.4830000e+00
   4.4820000e+00
   4.4810000e+00
   4.4810000e+00
   4.4800000e+00
   4.4800000e+00
   4.4790000e+00
   4.4780000e+00
   4.4780000e+00
   4.4770000e+00
   4.4770000e+00
   4.4760000e+00
   4.4760000e+00
   4.4750000e+00
   4.4750000e+00
   4.4740000e+00
   4.4740000e+00
   4.4730000e+00
   4.4730000e+00
   4.4720000e+00
   4.4720000e+00
   4.4710000e+00
   4.4710000e+00
   4.4700000e+00
   4.4700000e+00
   4.4690000e+00
   4.4690000e+00
   4.4680000e+00
   4.4680000e+00
   4.4670000e+00
   4.4670000e+00
   4.4660000e+00
   4.4660000e+00
   4.4660000e+00
   4.4650000e+00
   4.4650000e+00
   4.4640000e+00
   4.4640000e+00
   4.4640000e+00
   4.4630000e+00
   4.4630000e+00
   4.4630000e+00
   4.4620000e+00
   4.4620000e+00
   4.4610000e+00
   4.4610000e+00
   4.4610000e+00
   4.4600000e+00
   4.4600000e+00
   4.4600000e+00
   4.4590000e+00
   4.4590000e+00
   4.4590000e+00
   4.4590000e+00
   4.4590000e+00
   4.4580000e+00
   4.4580000e+00
   4.4580000e+00
   4.4570000e+00
   4.4570000e+00
   4.4570000e+00
   4.4570000e+00
   4.4570000e+00
   4.4560000e+00
   4.4560000e+00
   4.4560000e+00
   4.4560000e+00
   4.4550000e+00
   4.4550000e+00
   4.4550000e+00
   4.4540000e+00
   4.4540000e+00
   4.4540000e+00
   4.4530000e+00
   4.4530000e+00
   4.4530000e+00
   4.4520000e+00
   4.4520000e+00
   4.4520000e+00
   4.4510000e+00
   4.4510000e+00
   4.4500000e+00
   4.4500000e+00
   4.4490000e+00
   4.4490000e+00
   4.4480000e+00
   4.4480000e+00
   4.4470000e+00
   4.4470000e+00
   4.4460000e+00
   4.4460000e+00
   4.4450000e+00
   4.4450000e+00
   4.4440000e+00
   4.4440000e+00
   4.4430000e+00
   4.4430000e+00
   4.4420000e+00
   4.4410000e+00
   4.4410000e+00
   4.4400000e+00
   4.4400000e+00
   4.4390000e+00
   4.4380000e+00
   4.4380000e+00
   4.4370000e+00
   4.4360000e+00
   4.4360000e+00
   4.4350000e+00
   4.4340000e+00
   4.4340000e+00
   4.4330000e+00
   4.4320000e+00
   4.4320000e+00
   4.4310000e+00
   4.4300000e+00
   4.4300000e+00
   4.4290000e+00
   4.4280000e+00
   4.4280000e+00
   4.4270000e+00
   4.4260000e+00
   4.4250000e+00
   4.4250000e+00
   4.4240000e+00
   4.4230000e+00
   4.4230000e+00
   4.4220000e+00
   4.4210000e+00
   4.4210000e+00
   4.4200000e+00
   4.4190000e+00
   4.4190000e+00
   4.4180000e+00
   4.4180000e+00
   4.4170000e+00
   4.4160000e+00
   4.4150000e+00
   4.4150000e+00
   4.4140000e+00
   4.4130000e+00
   4.4120000e+00
   4.4120000e+00
   4.4110000e+00
   4.4100000e+00
   4.4100000e+00
   4.4090000e+00
   4.4080000e+00
   4.4080000e+00
   4.4070000e+00
   4.4060000e+00
   4.4060000e+00
   4.4050000e+00
   4.4040000e+00
   4.4040000e+00
   4.4030000e+00
   4.4030000e+00
   4.4020000e+00
   4.4020000e+00
   4.4010000e+00
   4.4000000e+00
   4.4000000e+00
   4.4000000e+00
   4.3990000e+00
   4.3990000e+00
   4.3990000e+00
   4.3980000e+00
   4.3980000e+00
   4.3980000e+00
   4.3980000e+00
   4.3980000e+00
   4.3980000e+00
   4.3980000e+00
   4.3980000e+00
   4.3990000e+00
   4.3990000e+00
   4.3990000e+00
   4.4000000e+00
   4.4000000e+00
   4.4010000e+00
   4.4010000e+00
   4.4020000e+00
   4.4030000e+00
   4.4040000e+00
   4.4050000e+00
   4.4060000e+00
   4.4070000e+00
   4.4080000e+00
   4.4100000e+00
   4.4120000e+00
   4.4130000e+00
   4.4150000e+00
   4.4170000e+00
   4.4190000e+00
   4.4210000e+00
   4.4230000e+00
   4.4250000e+00
   4.4280000e+00
   4.4300000e+00
   4.4320000e+00
   4.4350000e+00
   4.4370000e+00
   4.4390000e+00
   4.4410000e+00
   4.4440000e+00
   4.4460000e+00
   4.4480000e+00
   4.4500000e+00
   4.4520000e+00
   4.4550000e+00
   4.4570000e+00
   4.4590000e+00
   4.4610000e+00
   4.4630000e+00
   4.4640000e+00
   4.4660000e+00
   4.4680000e+00
   4.4700000e+00
   4.4710000e+00
   4.4730000e+00
   4.4740000e+00
   4.4760000e+00
   4.4770000e+00
   4.4780000e+00
   4.4790000e+00
   4.4800000e+00
   4.4810000e+00
   4.4820000e+00
   4.4830000e+00
   4.4830000e+00
   4.4840000e+00
   4.4840000e+00
   4.4850000e+00
   4.4850000e+00
   4.4850000e+00
   4.4850000e+00
   4.4860000e+00
   4.4860000e+00
   4.4860000e+00
   4.4850000e+00
   4.4850000e+00
   4.4850000e+00
   4.4850000e+00
   4.4840000e+00
   4.4840000e+00
   4.4840000e+00
   4.4830000e+00
   4.4830000e+00
   4.4820000e+00
   4.4810000e+00
   4.4810000e+00
   4.4800000e+00
   4.4790000e+00
   4.4780000e+00
   4.4770000e+00
   4.4760000e+00
   4.4750000e+00
   4.4740000e+00
   4.4730000e+00
   4.4720000e+00
   4.4710000e+00
   4.4710000e+00
   4.4690000e+00
   4.4680000e+00
   4.4670000e+00
   4.4660000e+00
   4.4650000e+00
   4.4640000e+00
   4.4630000e+00
   4.4620000e+00
   4.4610000e+00
   4.4600000e+00
   4.4580000e+00
   4.4570000e+00
   4.4560000e+00
   4.4550000e+00
   4.4540000e+00
   4.4530000e+00
   4.4520000e+00
   4.4500000e+00
   4.4490000e+00
   4.4480000e+00
   4.4470000e+00
   4.4460000e+00
   4.4450000e+00
   4.4440000e+00
   4.4430000e+00
   4.4410000e+00
   4.4400000e+00
   4.4390000e+00
   4.4380000e+00
   4.4370000e+00
   4.4360000e+00
   4.4350000e+00
   4.4340000e+00
   4.4330000e+00
   4.4320000e+00
   4.4320000e+00
   4.4310000e+00
   4.4300000e+00
   4.4290000e+00
   4.4280000e+00
   4.4280000e+00
   4.4270000e+00
   4.4260000e+00
   4.4250000e+00
   4.4250000e+00
   4.4240000e+00
   4.4230000e+00
   4.4220000e+00
   4.4220000e+00
   4.4210000e+00
   4.4200000e+00
   4.4190000e+00
   4.4190000e+00
   4.4180000e+00
   4.4170000e+00
   4.4170000e+00
   4.4160000e+00
   4.4150000e+00
   4.4150000e+00
   4.4140000e+00
   4.4130000e+00
   4.4130000e+00
   4.4120000e+00
   4.4110000e+00
   4.4110000e+00
   4.4100000e+00
   4.4090000e+00
   4.4090000e+00
   4.4080000e+00
   4.4070000e+00
   4.4070000e+00
   4.4060000e+00
   4.4060000e+00
   4.4050000e+00
   4.4040000e+00
   4.4040000e+00
   4.4030000e+00
   4.4030000e+00
   4.4020000e+00
   4.4020000e+00
   4.4010000e+00
   4.4010000e+00
   4.4010000e+00
   4.4000000e+00
   4.4000000e+00
   4.4000000e+00
   4.4000000e+00
   4.4000000e+00
   4.4000000e+00
   4.4000000e+00
   4.4000000e+00
   4.4010000e+00
   4.4010000e+00
   4.4010000e+00
   4.4020000e+00
   4.4020000e+00
   4.4030000e+00
   4.4030000e+00
   4.4040000e+00
   4.4040000e+00
   4.4050000e+00
   4.4060000e+00
   4.4060000e+00
   4.4070000e+00
   4.4070000e+00
   4.4080000e+00
   4.4090000e+00
   4.4090000e+00
   4.4100000e+00
   4.4110000e+00
   4.4110000e+00
   4.4120000e+00
   4.4120000e+00
   4.4130000e+00
   4.4130000e+00
   4.4140000e+00
   4.4140000e+00
   4.4150000e+00
   4.4150000e+00
   4.4150000e+00
   4.4160000e+00
   4.4160000e+00
   4.4160000e+00
   4.4160000e+00
   4.4160000e+00
   4.4160000e+00
   4.4160000e+00
   4.4160000e+00
   4.4160000e+00
   4.4160000e+00
   4.4160000e+00
   4.4150000e+00
   4.4150000e+00
   4.4150000e+00
   4.4140000e+00
   4.4140000e+00
   4.4140000e+00
   4.4130000e+00
   4.4130000e+00
   4.4120000e+00
   4.4120000e+00
   4.4110000e+00
   4.4110000e+00
   4.4100000e+00
   4.4100000e+00
   4.4090000e+00
   4.4080000e+00
   4.4080000e+00
   4.4070000e+00
   4.4060000e+00
   4.4050000e+00
   4.4050000e+00
   4.4040000e+00
   4.4030000e+00
   4.4030000e+00
   4.4020000e+00
   4.4010000e+00
   4.4000000e+00
   4.4000000e+00
   4.3990000e+00
   4.3990000e+00
   4.3980000e+00
   4.3970000e+00
   4.3970000e+00
   4.3970000e+00
   4.3960000e+00
   4.3960000e+00
   4.3960000e+00
   4.3960000e+00
   4.3970000e+00
   4.3970000e+00
   4.3980000e+00
   4.3980000e+00
   4.3990000e+00
   4.4000000e+00
   4.4010000e+00
   4.4030000e+00
   4.4050000e+00
   4.4060000e+00
   4.4080000e+00
   4.4100000e+00
   4.4130000e+00
   4.4150000e+00
   4.4180000e+00
   4.4210000e+00
   4.4230000e+00
   4.4260000e+00
   4.4290000e+00
   4.4320000e+00
   4.4350000e+00
   4.4380000e+00
   4.4410000e+00
   4.4440000e+00
   4.4470000e+00
   4.4500000e+00
   4.4530000e+00
   4.4550000e+00
   4.4580000e+00
   4.4610000e+00
   4.4630000e+00
   4.4660000e+00
   4.4680000e+00
   4.4700000e+00
   4.4720000e+00
   4.4740000e+00
   4.4760000e+00
   4.4780000e+00
   4.4800000e+00
   4.4820000e+00
   4.4840000e+00
   4.4850000e+00
   4.4870000e+00
   4.4880000e+00
   4.4890000e+00
   4.4900000e+00
   4.4910000e+00
   4.4920000e+00
   4.4930000e+00
   4.4940000e+00
   4.4940000e+00
   4.4950000e+00
   4.4950000e+00
   4.4950000e+00
   4.4960000e+00
   4.4960000e+00
   4.4960000e+00
   4.4960000e+00
   4.4950000e+00
   4.4950000e+00
   4.4950000e+00
   4.4940000e+00
   4.4940000e+00
   4.4930000e+00
   4.4930000e+00
   4.4920000e+00
   4.4920000e+00
   4.4910000e+00
   4.4900000e+00
   4.4890000e+00
   4.4890000e+00
   4.4880000e+00
   4.4870000e+00
   4.4860000e+00
   4.4850000e+00
   4.4840000e+00
   4.4830000e+00
   4.4820000e+00
   4.4810000e+00
   4.4800000e+00
   4.4790000e+00
   4.4780000e+00
   4.4770000e+00
   4.4760000e+00
   4.4750000e+00
   4.4740000e+00
   4.4730000e+00
   4.4720000e+00
   4.4710000e+00
   4.4700000e+00
   4.4690000e+00
   4.4670000e+00
   4.4660000e+00
   4.4660000e+00
   4.4640000e+00
   4.4640000e+00
   4.4630000e+00
   4.4610000e+00
   4.4600000e+00
   4.4600000e+00
   4.4590000e+00
   4.4580000e+00
   4.4570000e+00
   4.4560000e+00
   4.4550000e+00
   4.4540000e+00
   4.4530000e+00
   4.4520000e+00
   4.4510000e+00
   4.4500000e+00
   4.4490000e+00
   4.4480000e+00
   4.4470000e+00
   4.4460000e+00
   4.4450000e+00
   4.4450000e+00
   4.4440000e+00
   4.4430000e+00
   4.4420000e+00
   4.4410000e+00
   4.4410000e+00
   4.4400000e+00
   4.4390000e+00
   4.4380000e+00
   4.4370000e+00
   4.4370000e+00
   4.4360000e+00
   4.4350000e+00
   4.4350000e+00
   4.4340000e+00
   4.4330000e+00
   4.4330000e+00
   4.4320000e+00
   4.4310000e+00
   4.4310000e+00
   4.4300000e+00
   4.4290000e+00
   4.4280000e+00
   4.4280000e+00
   4.4270000e+00
   4.4270000e+00
   4.4260000e+00
   4.4250000e+00
   4.4250000e+00
   4.4240000e+00
   4.4240000e+00
   4.4230000e+00
   4.4230000e+00
   4.4220000e+00
   4.4220000e+00
   4.4210000e+00
   4.4210000e+00
   4.4200000e+00
   4.4190000e+00
   4.4190000e+00
   4.4180000e+00
   4.4180000e+00
   4.4180000e+00
   4.4170000e+00
   4.4170000e+00
   4.4160000e+00
   4.4160000e+00
   4.4150000e+00
   4.4150000e+00
   4.4140000e+00
   4.4140000e+00
   4.4130000e+00
   4.4130000e+00
   4.4120000e+00
   4.4120000e+00
   4.4110000e+00
   4.4110000e+00
   4.4100000e+00
   4.4100000e+00
   4.4100000e+00
   4.4090000e+00
   4.4090000e+00
   4.4080000e+00
   4.4080000e+00
   4.4070000e+00
   4.4070000e+00
   4.4070000e+00
   4.4060000e+00
   4.4060000e+00
   4.4050000e+00
   4.4050000e+00
   4.4050000e+00
   4.4040000e+00
   4.4040000e+00
   4.4030000e+00
   4.4030000e+00
   4.4020000e+00
   4.4020000e+00
   4.4010000e+00
   4.4010000e+00
   4.4010000e+00
   4.4000000e+00
   4.4000000e+00
   4.3990000e+00
   4.3990000e+00
   4.3980000e+00
   4.3980000e+00
   4.3980000e+00
   4.3970000e+00
   4.3970000e+00
   4.3970000e+00
   4.3960000e+00
   4.3960000e+00
   4.3960000e+00
   4.3950000e+00
   4.3950000e+00
   4.3950000e+00
   4.3940000e+00
   4.3940000e+00
   4.3940000e+00
   4.3940000e+00
   4.3930000e+00
   4.3930000e+00
   4.3930000e+00
   4.3930000e+00
   4.3930000e+00
   4.3930000e+00
   4.3930000e+00
   4.3930000e+00
   4.3920000e+00
   4.3920000e+00
   4.3930000e+00
   4.3930000e+00
   4.3930000e+00
   4.3930000e+00
   4.3930000e+00
   4.3930000e+00
   4.3940000e+00
   4.3940000e+00
   4.3940000e+00
   4.3940000e+00
   4.3950000e+00
   4.3950000e+00
   4.3960000e+00
   4.3960000e+00
   4.3970000e+00
   4.3980000e+00
   4.3980000e+00
   4.3990000e+00
   4.4000000e+00
   4.4010000e+00
   4.4020000e+00
   4.4030000e+00
   4.4050000e+00
   4.4060000e+00
   4.4070000e+00
   4.4080000e+00
   4.4100000e+00
   4.4110000e+00
   4.4130000e+00
   4.4150000e+00
   4.4160000e+00
   4.4180000e+00
   4.4190000e+00
   4.4210000e+00
   4.4230000e+00
   4.4240000e+00
   4.4260000e+00
   4.4270000e+00
   4.4290000e+00
   4.4310000e+00
   4.4320000e+00
   4.4340000e+00
   4.4350000e+00
   4.4370000e+00
   4.4380000e+00
   4.4390000e+00
   4.4410000e+00
   4.4420000e+00
   4.4430000e+00
   4.4440000e+00
   4.4450000e+00
   4.4460000e+00
   4.4470000e+00
   4.4480000e+00
   4.4490000e+00
   4.4500000e+00
   4.4500000e+00
   4.4510000e+00
   4.4510000e+00
   4.4520000e+00
   4.4530000e+00
   4.4530000e+00
   4.4530000e+00
   4.4540000e+00
   4.4540000e+00
   4.4540000e+00
   4.4540000e+00
   4.4540000e+00
   4.4540000e+00
   4.4540000e+00
   4.4540000e+00
   4.4540000e+00
   4.4540000e+00
   4.4530000e+00
   4.4530000e+00
   4.4530000e+00
   4.4520000e+00
   4.4520000e+00
   4.4520000e+00
   4.4510000e+00
   4.4510000e+00
   4.4500000e+00
   4.4500000e+00
   4.4490000e+00
   4.4490000e+00
   4.4480000e+00
   4.4480000e+00
   4.4470000e+00
   4.4460000e+00
   4.4460000e+00
   4.4450000e+00
   4.4440000e+00
   4.4440000e+00
   4.4430000e+00
   4.4420000e+00
   4.4410000e+00
   4.4410000e+00
   4.4400000e+00
   4.4390000e+00
   4.4390000e+00
   4.4380000e+00
   4.4370000e+00
   4.4370000e+00
   4.4360000e+00
   4.4350000e+00
   4.4340000e+00
   4.4340000e+00
   4.4330000e+00
   4.4320000e+00
   4.4320000e+00
   4.4310000e+00
   4.4300000e+00
   4.4290000e+00
   4.4280000e+00
   4.4280000e+00
   4.4270000e+00
   4.4260000e+00
   4.4260000e+00
   4.4250000e+00
   4.4240000e+00
   4.4230000e+00
   4.4230000e+00
   4.4220000e+00
   4.4210000e+00
   4.4210000e+00
   4.4200000e+00
   4.4190000e+00
   4.4190000e+00
   4.4180000e+00
   4.4180000e+00
   4.4170000e+00
   4.4160000e+00
   4.4160000e+00
   4.4150000e+00
   4.4140000e+00
   4.4140000e+00
   4.4130000e+00
   4.4120000e+00
   4.4120000e+00
   4.4110000e+00
   4.4110000e+00
   4.4100000e+00
   4.4090000e+00
   4.4090000e+00
   4.4080000e+00
   4.4070000e+00
   4.4070000e+00
   4.4060000e+00
   4.4060000e+00
   4.4050000e+00
   4.4040000e+00
   4.4040000e+00
   4.4030000e+00
   4.4030000e+00
   4.4020000e+00
   4.4010000e+00
   4.4010000e+00
   4.4000000e+00
   4.4000000e+00
   4.3990000e+00
   4.3990000e+00
   4.3980000e+00
   4.3980000e+00
   4.3970000e+00
   4.3960000e+00
   4.3960000e+00
   4.3950000e+00
   4.3950000e+00
   4.3940000e+00
   4.3940000e+00
   4.3930000e+00
   4.3930000e+00
   4.3920000e+00
   4.3920000e+00
   4.3910000e+00
   4.3910000e+00
   4.3900000e+00
   4.3900000e+00
   4.3890000e+00
   4.3890000e+00
   4.3880000e+00
   4.3880000e+00
   4.3870000e+00
   4.3870000e+00
   4.3860000e+00
   4.3860000e+00
   4.3850000e+00
   4.3850000e+00
   4.3850000e+00
   4.3840000e+00
   4.3840000e+00
   4.3830000e+00
   4.3830000e+00
   4.3820000e+00
   4.3820000e+00
   4.3810000e+00
   4.3810000e+00
   4.3810000e+00
   4.3800000e+00
   4.3800000e+00
   4.3790000e+00
   4.3790000e+00
   4.3780000e+00
   4.3780000e+00
   4.3770000e+00
   4.3770000e+00
   4.3760000e+00
   4.3760000e+00
   4.3760000e+00
   4.3750000e+00
   4.3750000e+00
   4.3740000e+00
   4.3740000e+00
   4.3740000e+00
   4.3730000e+00
   4.3730000e+00
   4.3720000e+00
   4.3720000e+00
   4.3710000e+00
   4.3710000e+00
   4.3710000e+00
   4.3700000e+00
   4.3700000e+00
   4.3690000e+00
   4.3690000e+00
   4.3680000e+00
   4.3680000e+00
   4.3670000e+00
   4.3670000e+00
   4.3670000e+00
   4.3660000e+00
   4.3660000e+00
   4.3650000e+00
   4.3650000e+00
   4.3640000e+00
   4.3640000e+00
   4.3640000e+00
   4.3630000e+00
   4.3630000e+00
   4.3620000e+00
   4.3620000e+00
   4.3620000e+00
   4.3610000e+00
   4.3610000e+00
   4.3600000e+00
   4.3600000e+00
   4.3590000e+00
   4.3590000e+00
   4.3580000e+00
   4.3580000e+00
   4.3580000e+00
   4.3570000e+00
   4.3570000e+00
   4.3560000e+00
   4.3560000e+00
   4.3550000e+00
   4.3550000e+00
   4.3550000e+00
   4.3540000e+00
   4.3540000e+00
   4.3530000e+00
   4.3530000e+00
   4.3530000e+00
   4.3520000e+00
   4.3520000e+00
   4.3510000e+00
   4.3510000e+00
   4.3510000e+00
   4.3500000e+00
   4.3500000e+00
   4.3500000e+00
   4.3490000e+00
   4.3490000e+00
   4.3490000e+00
   4.3480000e+00
   4.3480000e+00
   4.3480000e+00
   4.3470000e+00
   4.3470000e+00
   4.3470000e+00
   4.3460000e+00
   4.3460000e+00
   4.3460000e+00
   4.3460000e+00
   4.3450000e+00
   4.3450000e+00
   4.3450000e+00
   4.3450000e+00
   4.3450000e+00
   4.3440000e+00
   4.3440000e+00
   4.3440000e+00
   4.3440000e+00
   4.3440000e+00
   4.3440000e+00
   4.3440000e+00
   4.3430000e+00
   4.3430000e+00
   4.3430000e+00
   4.3430000e+00
   4.3430000e+00
   4.3430000e+00
   4.3420000e+00
   4.3420000e+00
   4.3420000e+00
   4.3420000e+00
   4.3420000e+00
   4.3410000e+00
   4.3410000e+00
   4.3410000e+00
   4.3410000e+00
   4.3410000e+00
   4.3410000e+00
   4.3400000e+00
   4.3400000e+00
   4.3400000e+00
   4.3400000e+00
   4.3400000e+00
   4.3390000e+00
   4.3390000e+00
   4.3390000e+00
   4.3390000e+00
   4.3380000e+00
   4.3380000e+00
   4.3380000e+00
   4.3380000e+00
   4.3370000e+00
   4.3370000e+00
   4.3370000e+00
   4.3360000e+00
   4.3360000e+00
   4.3360000e+00
   4.3360000e+00
   4.3350000e+00
   4.3350000e+00
   4.3350000e+00
   4.3340000e+00
   4.3340000e+00
   4.3340000e+00
   4.3340000e+00
   4.3330000e+00
   4.3330000e+00
   4.3330000e+00
   4.3320000e+00
   4.3320000e+00
   4.3320000e+00
   4.3320000e+00
   4.3310000e+00
   4.3310000e+00
   4.3310000e+00
   4.3300000e+00
   4.3300000e+00
   4.3300000e+00
   4.3290000e+00
   4.3290000e+00
   4.3290000e+00
   4.3280000e+00
   4.3280000e+00
   4.3280000e+00
   4.3270000e+00
   4.3270000e+00
   4.3270000e+00
   4.3260000e+00
   4.3260000e+00
   4.3260000e+00
   4.3250000e+00
   4.3250000e+00
   4.3250000e+00
   4.3240000e+00
   4.3240000e+00
   4.3240000e+00
   4.3240000e+00
   4.3230000e+00
   4.3230000e+00
   4.3230000e+00
   4.3220000e+00
   4.3220000e+00
   4.3210000e+00
   4.3210000e+00
   4.3210000e+00
   4.3200000e+00
   4.3200000e+00
   4.3200000e+00
   4.3190000e+00
   4.3190000e+00
   4.3180000e+00
   4.3180000e+00
   4.3180000e+00
   4.3170000e+00
   4.3170000e+00
   4.3160000e+00
   4.3160000e+00
   4.3160000e+00
   4.3150000e+00
   4.3150000e+00
   4.3140000e+00
   4.3140000e+00
   4.3140000e+00
   4.3130000e+00
   4.3130000e+00
   4.3120000e+00
   4.3120000e+00
   4.3120000e+00
   4.3110000e+00
   4.3110000e+00
   4.3100000e+00
   4.3100000e+00
   4.3090000e+00
   4.3090000e+00
   4.3090000e+00
   4.3080000e+00
   4.3080000e+00
   4.3070000e+00
   4.3070000e+00
   4.3060000e+00
   4.3060000e+00
   4.3060000e+00
   4.3050000e+00
   4.3050000e+00
   4.3040000e+00
   4.3040000e+00
   4.3030000e+00
   4.3030000e+00
   4.3030000e+00
   4.3020000e+00
   4.3020000e+00
   4.3010000e+00
   4.3010000e+00
   4.3010000e+00
   4.3000000e+00
   4.3000000e+00
   4.2990000e+00
   4.2990000e+00
   4.2980000e+00
   4.2980000e+00
   4.2970000e+00
   4.2970000e+00
   4.2970000e+00
   4.2960000e+00
   4.2960000e+00
   4.2960000e+00
   4.2950000e+00
   4.2950000e+00
   4.2950000e+00
   4.2940000e+00
   4.2940000e+00
   4.2940000e+00
   4.2940000e+00
   4.2940000e+00
   4.2940000e+00
   4.2940000e+00
   4.2940000e+00
   4.2940000e+00
   4.2950000e+00
   4.2950000e+00
   4.2950000e+00
   4.2960000e+00
   4.2970000e+00
   4.2980000e+00
   4.2980000e+00
   4.2990000e+00
   4.3000000e+00
   4.3020000e+00
   4.3030000e+00
   4.3040000e+00
   4.3050000e+00
   4.3070000e+00
   4.3080000e+00
   4.3100000e+00
   4.3110000e+00
   4.3130000e+00
   4.3150000e+00
   4.3160000e+00
   4.3180000e+00
   4.3200000e+00
   4.3210000e+00
   4.3230000e+00
   4.3250000e+00
   4.3270000e+00
   4.3280000e+00
   4.3300000e+00
   4.3320000e+00
   4.3330000e+00
   4.3350000e+00
   4.3370000e+00
   4.3380000e+00
   4.3400000e+00
   4.3410000e+00
   4.3420000e+00
   4.3440000e+00
   4.3450000e+00
   4.3460000e+00
   4.3480000e+00
   4.3490000e+00
   4.3500000e+00
   4.3510000e+00
   4.3520000e+00
   4.3530000e+00
   4.3540000e+00
   4.3550000e+00
   4.3560000e+00
   4.3570000e+00
   4.3580000e+00
   4.3590000e+00
   4.3600000e+00
   4.3610000e+00
   4.3620000e+00
   4.3620000e+00
   4.3630000e+00
   4.3640000e+00
   4.3650000e+00
   4.3650000e+00
   4.3660000e+00
   4.3670000e+00
   4.3670000e+00
   4.3680000e+00
   4.3690000e+00
   4.3690000e+00
   4.3700000e+00
   4.3710000e+00
   4.3710000e+00
   4.3720000e+00
   4.3720000e+00
   4.3720000e+00
   4.3730000e+00
   4.3730000e+00
   4.3740000e+00
   4.3740000e+00
   4.3740000e+00
   4.3750000e+00
   4.3750000e+00
   4.3750000e+00
   4.3750000e+00
   4.3760000e+00
   4.3760000e+00
   4.3760000e+00
   4.3760000e+00
   4.3760000e+00
   4.3760000e+00
   4.3760000e+00
   4.3760000e+00
   4.3760000e+00
   4.3760000e+00
   4.3760000e+00
   4.3760000e+00
   4.3760000e+00
   4.3760000e+00
   4.3760000e+00
   4.3750000e+00
   4.3750000e+00
   4.3750000e+00
   4.3750000e+00
   4.3740000e+00
   4.3740000e+00
   4.3740000e+00
   4.3730000e+00
   4.3730000e+00
   4.3720000e+00
   4.3720000e+00
   4.3710000e+00
   4.3710000e+00
   4.3700000e+00
   4.3700000e+00
   4.3690000e+00
   4.3690000e+00
   4.3680000e+00
   4.3670000e+00
   4.3670000e+00
   4.3660000e+00
   4.3650000e+00
   4.3650000e+00
   4.3640000e+00
   4.3630000e+00
   4.3630000e+00
   4.3620000e+00
   4.3620000e+00
   4.3610000e+00
   4.3600000e+00
   4.3590000e+00
   4.3590000e+00
   4.3580000e+00
   4.3580000e+00
   4.3570000e+00
   4.3560000e+00
   4.3560000e+00
   4.3550000e+00
   4.3540000e+00
   4.3530000e+00
   4.3530000e+00
   4.3520000e+00
   4.3510000e+00
   4.3510000e+00
   4.3500000e+00
   4.3490000e+00
   4.3490000e+00
   4.3480000e+00
   4.3470000e+00
   4.3470000e+00
   4.3460000e+00
   4.3450000e+00
   4.3450000e+00
   4.3440000e+00
   4.3430000e+00
   4.3430000e+00
   4.3420000e+00
   4.3410000e+00
   4.3410000e+00
   4.3400000e+00
   4.3400000e+00
   4.3390000e+00
   4.3390000e+00
   4.3380000e+00
   4.3370000e+00
   4.3370000e+00
   4.3360000e+00
   4.3360000e+00
   4.3350000e+00
   4.3340000e+00
   4.3340000e+00
   4.3330000e+00
   4.3330000e+00
   4.3320000e+00
   4.3310000e+00
   4.3310000e+00
   4.3300000e+00
   4.3300000e+00
   4.3290000e+00
   4.3290000e+00
   4.3280000e+00
   4.3280000e+00
   4.3270000e+00
   4.3270000e+00
   4.3260000e+00
   4.3260000e+00
   4.3250000e+00
   4.3240000e+00
   4.3240000e+00
   4.3230000e+00
   4.3230000e+00
   4.3220000e+00
   4.3220000e+00
   4.3210000e+00
   4.3210000e+00
   4.3200000e+00
   4.3200000e+00
   4.3190000e+00
   4.3190000e+00
   4.3180000e+00
   4.3180000e+00
   4.3170000e+00
   4.3170000e+00
   4.3160000e+00
   4.3160000e+00
   4.3150000e+00
   4.3150000e+00
