   2.9650000e+00
   2.9660000e+00
   2.9680000e+00
   2.9690000e+00
   2.9710000e+00
   2.9720000e+00
   2.9740000e+00
   2.9760000e+00
   2.9770000e+00
   2.9790000e+00
   2.9810000e+00
   2.9820000e+00
   2.9840000e+00
   2.9850000e+00
   2.9870000e+00
   2.9880000e+00
   2.9890000e+00
   2.9910000e+00
   2.9920000e+00
   2.9930000e+00
   2.9950000e+00
   2.9960000e+00
   2.9970000e+00
   2.9980000e+00
   2.9990000e+00
   3.0000000e+00
   3.0010000e+00
   3.0020000e+00
   3.0030000e+00
   3.0040000e+00
   3.0050000e+00
   3.0060000e+00
   3.0070000e+00
   3.0080000e+00
   3.0080000e+00
   3.0090000e+00
   3.0100000e+00
   3.0100000e+00
   3.0110000e+00
   3.0110000e+00
   3.0110000e+00
   3.0110000e+00
   3.0120000e+00
   3.0110000e+00
   3.0110000e+00
   3.0110000e+00
   3.0110000e+00
   3.0110000e+00
   3.0110000e+00
   3.0110000e+00
   3.0110000e+00
   3.0110000e+00
   3.0100000e+00
   3.0100000e+00
   3.0100000e+00
   3.0100000e+00
   3.0100000e+00
   3.0090000e+00
   3.0090000e+00
   3.0090000e+00
   3.0090000e+00
   3.0090000e+00
   3.0090000e+00
   3.0080000e+00
   3.0080000e+00
   3.0080000e+00
   3.0070000e+00
   3.0070000e+00
   3.0060000e+00
   3.0050000e+00
   3.0050000e+00
   3.0040000e+00
   3.0030000e+00
   3.0020000e+00
   3.0020000e+00
   3.0010000e+00
   3.0000000e+00
   3.0000000e+00
   2.9990000e+00
   2.9980000e+00
   2.9980000e+00
   2.9970000e+00
   2.9960000e+00
   2.9960000e+00
   2.9950000e+00
   2.9950000e+00
   2.9950000e+00
   2.9940000e+00
   2.9940000e+00
   2.9940000e+00
   2.9930000e+00
   2.9930000e+00
   2.9930000e+00
   2.9920000e+00
   2.9920000e+00
   2.9920000e+00
   2.9910000e+00
   2.9910000e+00
   2.9900000e+00
   2.9900000e+00
   2.9890000e+00
   2.9890000e+00
   2.9890000e+00
   2.9890000e+00
   2.9890000e+00
   2.9890000e+00
   2.9890000e+00
   2.9890000e+00
   2.9890000e+00
   2.9890000e+00
   2.9890000e+00
   2.9890000e+00
   2.9890000e+00
   2.9890000e+00
   2.9890000e+00
   2.9900000e+00
   2.9900000e+00
   2.9900000e+00
   2.9900000e+00
   2.9900000e+00
   2.9900000e+00
   2.9910000e+00
   2.9910000e+00
   2.9910000e+00
   2.9910000e+00
   2.9900000e+00
   2.9900000e+00
   2.9900000e+00
   2.9900000e+00
   2.9900000e+00
   2.9890000e+00
   2.9890000e+00
   2.9890000e+00
   2.9890000e+00
   2.9890000e+00
   2.9890000e+00
   2.9890000e+00
   2.9890000e+00
   2.9890000e+00
   2.9890000e+00
   2.9890000e+00
   2.9890000e+00
   2.9890000e+00
   2.9890000e+00
   2.9900000e+00
   2.9900000e+00
   2.9900000e+00
   2.9900000e+00
   2.9900000e+00
   2.9900000e+00
   2.9900000e+00
   2.9900000e+00
   2.9900000e+00
   2.9900000e+00
   2.9900000e+00
   2.9900000e+00
   2.9890000e+00
   2.9890000e+00
   2.9890000e+00
   2.9890000e+00
   2.9880000e+00
   2.9880000e+00
   2.9880000e+00
   2.9880000e+00
   2.9870000e+00
   2.9870000e+00
   2.9870000e+00
   2.9870000e+00
   2.9860000e+00
   2.9860000e+00
   2.9860000e+00
   2.9860000e+00
   2.9850000e+00
   2.9850000e+00
   2.9850000e+00
   2.9850000e+00
   2.9840000e+00
   2.9840000e+00
   2.9840000e+00
   2.9830000e+00
   2.9830000e+00
   2.9820000e+00
   2.9810000e+00
   2.9810000e+00
   2.9800000e+00
   2.9790000e+00
   2.9790000e+00
   2.9780000e+00
   2.9770000e+00
   2.9770000e+00
   2.9760000e+00
   2.9750000e+00
   2.9750000e+00
   2.9740000e+00
   2.9740000e+00
   2.9730000e+00
   2.9730000e+00
   2.9720000e+00
   2.9720000e+00
   2.9720000e+00
   2.9710000e+00
   2.9710000e+00
   2.9700000e+00
   2.9700000e+00
   2.9700000e+00
   2.9690000e+00
   2.9690000e+00
   2.9680000e+00
   2.9680000e+00
   2.9670000e+00
   2.9660000e+00
   2.9660000e+00
   2.9650000e+00
   2.9640000e+00
   2.9640000e+00
   2.9630000e+00
   2.9620000e+00
   2.9620000e+00
   2.9610000e+00
   2.9610000e+00
   2.9600000e+00
   2.9600000e+00
   2.9590000e+00
   2.9590000e+00
   2.9590000e+00
   2.9580000e+00
   2.9580000e+00
   2.9580000e+00
   2.9570000e+00
   2.9570000e+00
   2.9570000e+00
   2.9560000e+00
   2.9560000e+00
   2.9560000e+00
   2.9560000e+00
   2.9550000e+00
   2.9550000e+00
   2.9540000e+00
   2.9540000e+00
   2.9530000e+00
   2.9530000e+00
   2.9520000e+00
   2.9520000e+00
   2.9510000e+00
   2.9510000e+00
   2.9510000e+00
   2.9500000e+00
   2.9500000e+00
   2.9490000e+00
   2.9490000e+00
   2.9490000e+00
   2.9480000e+00
   2.9480000e+00
   2.9480000e+00
   2.9480000e+00
   2.9480000e+00
   2.9480000e+00
   2.9470000e+00
   2.9470000e+00
   2.9470000e+00
   2.9470000e+00
   2.9480000e+00
   2.9470000e+00
   2.9480000e+00
   2.9470000e+00
   2.9470000e+00
   2.9470000e+00
   2.9470000e+00
   2.9470000e+00
   2.9470000e+00
   2.9460000e+00
   2.9460000e+00
   2.9460000e+00
   2.9460000e+00
   2.9460000e+00
   2.9460000e+00
   2.9460000e+00
   2.9460000e+00
   2.9460000e+00
   2.9460000e+00
   2.9460000e+00
   2.9460000e+00
   2.9460000e+00
   2.9470000e+00
   2.9470000e+00
   2.9470000e+00
   2.9470000e+00
   2.9480000e+00
   2.9480000e+00
   2.9480000e+00
   2.9480000e+00
   2.9480000e+00
   2.9480000e+00
   2.9480000e+00
   2.9480000e+00
   2.9480000e+00
   2.9480000e+00
   2.9480000e+00
   2.9480000e+00
   2.9480000e+00
   2.9480000e+00
   2.9470000e+00
   2.9470000e+00
   2.9470000e+00
   2.9470000e+00
   2.9470000e+00
   2.9470000e+00
   2.9480000e+00
   2.9480000e+00
   2.9480000e+00
   2.9480000e+00
   2.9490000e+00
   2.9490000e+00
   2.9490000e+00
   2.9500000e+00
   2.9500000e+00
   2.9500000e+00
   2.9500000e+00
   2.9500000e+00
   2.9510000e+00
   2.9510000e+00
   2.9500000e+00
   2.9500000e+00
   2.9500000e+00
   2.9500000e+00
   2.9500000e+00
   2.9500000e+00
   2.9500000e+00
   2.9500000e+00
   2.9500000e+00
   2.9500000e+00
   2.9500000e+00
   2.9500000e+00
   2.9500000e+00
   2.9510000e+00
   2.9510000e+00
   2.9510000e+00
   2.9520000e+00
   2.9520000e+00
   2.9520000e+00
   2.9530000e+00
   2.9530000e+00
   2.9530000e+00
   2.9530000e+00
   2.9530000e+00
   2.9530000e+00
   2.9530000e+00
   2.9530000e+00
   2.9530000e+00
   2.9530000e+00
   2.9530000e+00
   2.9530000e+00
   2.9530000e+00
   2.9530000e+00
   2.9530000e+00
   2.9530000e+00
   2.9530000e+00
   2.9530000e+00
   2.9530000e+00
   2.9530000e+00
   2.9540000e+00
   2.9540000e+00
   2.9540000e+00
   2.9540000e+00
   2.9540000e+00
   2.9550000e+00
   2.9550000e+00
   2.9550000e+00
   2.9550000e+00
   2.9560000e+00
   2.9560000e+00
   2.9560000e+00
   2.9550000e+00
   2.9550000e+00
   2.9550000e+00
   2.9550000e+00
   2.9550000e+00
   2.9550000e+00
   2.9550000e+00
   2.9540000e+00
   2.9540000e+00
   2.9540000e+00
   2.9540000e+00
   2.9540000e+00
   2.9540000e+00
   2.9530000e+00
   2.9530000e+00
   2.9530000e+00
   2.9530000e+00
   2.9530000e+00
   2.9530000e+00
   2.9530000e+00
   2.9530000e+00
   2.9530000e+00
   2.9530000e+00
   2.9530000e+00
   2.9530000e+00
   2.9520000e+00
   2.9520000e+00
   2.9520000e+00
   2.9520000e+00
   2.9510000e+00
   2.9510000e+00
   2.9500000e+00
   2.9500000e+00
   2.9490000e+00
   2.9490000e+00
   2.9490000e+00
   2.9480000e+00
   2.9480000e+00
   2.9480000e+00
   2.9470000e+00
   2.9470000e+00
   2.9460000e+00
   2.9460000e+00
   2.9460000e+00
   2.9450000e+00
   2.9450000e+00
   2.9450000e+00
   2.9440000e+00
   2.9440000e+00
   2.9440000e+00
   2.9430000e+00
   2.9430000e+00
   2.9430000e+00
   2.9430000e+00
   2.9420000e+00
   2.9420000e+00
   2.9410000e+00
   2.9410000e+00
   2.9410000e+00
   2.9400000e+00
   2.9400000e+00
   2.9390000e+00
   2.9390000e+00
   2.9390000e+00
   2.9380000e+00
   2.9380000e+00
   2.9380000e+00
   2.9380000e+00
   2.9380000e+00
   2.9380000e+00
   2.9370000e+00
   2.9380000e+00
   2.9380000e+00
   2.9380000e+00
   2.9380000e+00
   2.9380000e+00
   2.9380000e+00
   2.9380000e+00
   2.9380000e+00
   2.9380000e+00
   2.9380000e+00
   2.9380000e+00
   2.9380000e+00
   2.9380000e+00
   2.9380000e+00
   2.9380000e+00
   2.9380000e+00
   2.9380000e+00
   2.9380000e+00
   2.9380000e+00
   2.9380000e+00
   2.9380000e+00
   2.9380000e+00
   2.9380000e+00
   2.9380000e+00
   2.9380000e+00
   2.9380000e+00
   2.9380000e+00
   2.9380000e+00
   2.9380000e+00
   2.9380000e+00
   2.9380000e+00
   2.9380000e+00
   2.9390000e+00
   2.9390000e+00
   2.9390000e+00
   2.9390000e+00
   2.9380000e+00
   2.9380000e+00
   2.9380000e+00
   2.9380000e+00
   2.9370000e+00
   2.9370000e+00
   2.9370000e+00
   2.9360000e+00
   2.9360000e+00
   2.9360000e+00
   2.9350000e+00
   2.9350000e+00
   2.9350000e+00
   2.9340000e+00
   2.9340000e+00
   2.9340000e+00
   2.9340000e+00
   2.9330000e+00
   2.9330000e+00
   2.9330000e+00
   2.9330000e+00
   2.9330000e+00
   2.9330000e+00
   2.9330000e+00
   2.9320000e+00
   2.9320000e+00
   2.9320000e+00
   2.9320000e+00
   2.9310000e+00
   2.9310000e+00
   2.9310000e+00
   2.9300000e+00
   2.9300000e+00
   2.9290000e+00
   2.9290000e+00
   2.9290000e+00
   2.9280000e+00
   2.9280000e+00
   2.9280000e+00
   2.9270000e+00
   2.9270000e+00
   2.9270000e+00
   2.9270000e+00
   2.9260000e+00
   2.9260000e+00
   2.9260000e+00
   2.9260000e+00
   2.9260000e+00
   2.9260000e+00
   2.9260000e+00
   2.9260000e+00
   2.9260000e+00
   2.9260000e+00
   2.9260000e+00
   2.9260000e+00
   2.9260000e+00
   2.9260000e+00
   2.9250000e+00
   2.9250000e+00
   2.9250000e+00
   2.9240000e+00
   2.9240000e+00
   2.9240000e+00
   2.9230000e+00
   2.9230000e+00
   2.9230000e+00
   2.9230000e+00
   2.9220000e+00
   2.9220000e+00
   2.9220000e+00
   2.9210000e+00
   2.9210000e+00
   2.9210000e+00
   2.9210000e+00
   2.9200000e+00
   2.9200000e+00
   2.9200000e+00
   2.9200000e+00
   2.9190000e+00
   2.9190000e+00
   2.9190000e+00
   2.9190000e+00
   2.9190000e+00
   2.9190000e+00
   2.9190000e+00
   2.9180000e+00
   2.9180000e+00
   2.9180000e+00
   2.9170000e+00
   2.9170000e+00
   2.9170000e+00
   2.9160000e+00
   2.9160000e+00
   2.9150000e+00
   2.9150000e+00
   2.9150000e+00
   2.9140000e+00
   2.9140000e+00
   2.9140000e+00
   2.9130000e+00
   2.9130000e+00
   2.9130000e+00
   2.9130000e+00
   2.9120000e+00
   2.9120000e+00
   2.9120000e+00
   2.9120000e+00
   2.9110000e+00
   2.9110000e+00
   2.9110000e+00
   2.9110000e+00
   2.9110000e+00
   2.9110000e+00
   2.9110000e+00
   2.9110000e+00
   2.9110000e+00
   2.9110000e+00
   2.9110000e+00
   2.9110000e+00
   2.9110000e+00
   2.9110000e+00
   2.9110000e+00
   2.9110000e+00
   2.9110000e+00
   2.9120000e+00
   2.9120000e+00
   2.9130000e+00
   2.9130000e+00
   2.9130000e+00
   2.9130000e+00
   2.9140000e+00
   2.9140000e+00
   2.9140000e+00
   2.9140000e+00
   2.9140000e+00
   2.9140000e+00
   2.9140000e+00
   2.9140000e+00
   2.9140000e+00
   2.9140000e+00
   2.9140000e+00
   2.9140000e+00
   2.9140000e+00
   2.9140000e+00
   2.9130000e+00
   2.9130000e+00
   2.9130000e+00
   2.9130000e+00
   2.9120000e+00
   2.9120000e+00
   2.9120000e+00
   2.9120000e+00
   2.9110000e+00
   2.9110000e+00
   2.9110000e+00
   2.9100000e+00
   2.9100000e+00
   2.9100000e+00
   2.9090000e+00
   2.9090000e+00
   2.9090000e+00
   2.9090000e+00
   2.9090000e+00
   2.9080000e+00
   2.9080000e+00
   2.9080000e+00
   2.9080000e+00
   2.9080000e+00
   2.9080000e+00
   2.9070000e+00
   2.9070000e+00
   2.9070000e+00
   2.9060000e+00
   2.9060000e+00
   2.9050000e+00
   2.9050000e+00
   2.9050000e+00
   2.9040000e+00
   2.9040000e+00
   2.9040000e+00
   2.9040000e+00
   2.9040000e+00
   2.9040000e+00
   2.9040000e+00
   2.9030000e+00
   2.9030000e+00
   2.9030000e+00
   2.9030000e+00
   2.9030000e+00
   2.9030000e+00
   2.9030000e+00
   2.9030000e+00
   2.9040000e+00
   2.9040000e+00
   2.9040000e+00
   2.9040000e+00
   2.9040000e+00
   2.9040000e+00
   2.9040000e+00
   2.9030000e+00
   2.9030000e+00
   2.9030000e+00
   2.9030000e+00
   2.9030000e+00
   2.9020000e+00
   2.9020000e+00
   2.9020000e+00
   2.9020000e+00
   2.9020000e+00
   2.9020000e+00
   2.9020000e+00
   2.9010000e+00
   2.9020000e+00
   2.9010000e+00
   2.9010000e+00
   2.9010000e+00
   2.9010000e+00
   2.9010000e+00
   2.9010000e+00
   2.9010000e+00
   2.9010000e+00
   2.9020000e+00
   2.9020000e+00
   2.9020000e+00
   2.9020000e+00
   2.9010000e+00
   2.9010000e+00
   2.9010000e+00
   2.9010000e+00
   2.9000000e+00
   2.9000000e+00
   2.9000000e+00
   2.9000000e+00
   2.8990000e+00
   2.8990000e+00
   2.8990000e+00
   2.8990000e+00
   2.8980000e+00
   2.8980000e+00
   2.8980000e+00
   2.8980000e+00
   2.8980000e+00
   2.8980000e+00
   2.8970000e+00
   2.8970000e+00
   2.8970000e+00
   2.8970000e+00
   2.8970000e+00
   2.8970000e+00
   2.8970000e+00
   2.8970000e+00
   2.8970000e+00
   2.8970000e+00
   2.8970000e+00
   2.8970000e+00
   2.8970000e+00
   2.8970000e+00
   2.8960000e+00
   2.8960000e+00
   2.8960000e+00
   2.8960000e+00
   2.8950000e+00
   2.8950000e+00
   2.8950000e+00
   2.8950000e+00
   2.8950000e+00
   2.8950000e+00
   2.8950000e+00
   2.8950000e+00
   2.8950000e+00
   2.8950000e+00
   2.8950000e+00
   2.8950000e+00
   2.8960000e+00
   2.8960000e+00
   2.8960000e+00
   2.8970000e+00
   2.8970000e+00
   2.8970000e+00
   2.8980000e+00
   2.8980000e+00
   2.8980000e+00
   2.8990000e+00
   2.8990000e+00
   2.8990000e+00
   2.8990000e+00
   2.8990000e+00
   2.8990000e+00
   2.8990000e+00
   2.9000000e+00
   2.9000000e+00
   2.9010000e+00
   2.9010000e+00
   2.9010000e+00
   2.9020000e+00
   2.9020000e+00
   2.9030000e+00
   2.9030000e+00
   2.9040000e+00
   2.9040000e+00
   2.9050000e+00
   2.9050000e+00
   2.9060000e+00
   2.9060000e+00
   2.9060000e+00
   2.9070000e+00
   2.9070000e+00
   2.9070000e+00
   2.9080000e+00
   2.9080000e+00
   2.9080000e+00
   2.9080000e+00
   2.9080000e+00
   2.9070000e+00
   2.9070000e+00
   2.9070000e+00
   2.9070000e+00
   2.9070000e+00
   2.9070000e+00
   2.9060000e+00
   2.9060000e+00
   2.9060000e+00
   2.9060000e+00
   2.9060000e+00
   2.9060000e+00
   2.9060000e+00
   2.9060000e+00
   2.9060000e+00
   2.9060000e+00
   2.9060000e+00
   2.9060000e+00
   2.9060000e+00
   2.9070000e+00
   2.9070000e+00
   2.9070000e+00
   2.9070000e+00
   2.9070000e+00
   2.9070000e+00
   2.9070000e+00
   2.9060000e+00
   2.9060000e+00
   2.9060000e+00
   2.9060000e+00
   2.9050000e+00
   2.9050000e+00
   2.9050000e+00
   2.9050000e+00
   2.9050000e+00
   2.9040000e+00
   2.9040000e+00
   2.9040000e+00
   2.9040000e+00
   2.9040000e+00
   2.9040000e+00
   2.9040000e+00
   2.9040000e+00
   2.9050000e+00
   2.9050000e+00
   2.9050000e+00
   2.9050000e+00
   2.9050000e+00
   2.9050000e+00
   2.9060000e+00
   2.9060000e+00
   2.9060000e+00
   2.9060000e+00
   2.9060000e+00
   2.9070000e+00
   2.9070000e+00
   2.9070000e+00
   2.9070000e+00
   2.9070000e+00
   2.9070000e+00
   2.9070000e+00
   2.9070000e+00
   2.9070000e+00
   2.9070000e+00
   2.9070000e+00
   2.9070000e+00
   2.9080000e+00
   2.9080000e+00
   2.9080000e+00
   2.9080000e+00
   2.9080000e+00
   2.9090000e+00
   2.9090000e+00
   2.9090000e+00
   2.9090000e+00
   2.9100000e+00
   2.9100000e+00
   2.9100000e+00
   2.9100000e+00
   2.9100000e+00
   2.9100000e+00
   2.9100000e+00
   2.9100000e+00
   2.9100000e+00
   2.9100000e+00
   2.9100000e+00
   2.9090000e+00
   2.9090000e+00
   2.9090000e+00
   2.9090000e+00
   2.9090000e+00
   2.9090000e+00
   2.9080000e+00
   2.9080000e+00
   2.9080000e+00
   2.9080000e+00
   2.9080000e+00
   2.9080000e+00
   2.9070000e+00
   2.9070000e+00
   2.9070000e+00
   2.9070000e+00
   2.9070000e+00
   2.9070000e+00
   2.9070000e+00
   2.9060000e+00
   2.9060000e+00
   2.9060000e+00
   2.9050000e+00
   2.9050000e+00
   2.9050000e+00
   2.9040000e+00
   2.9040000e+00
   2.9030000e+00
   2.9030000e+00
   2.9020000e+00
   2.9020000e+00
   2.9010000e+00
   2.9010000e+00
   2.9000000e+00
   2.9000000e+00
   2.9000000e+00
   2.8990000e+00
   2.8990000e+00
   2.8990000e+00
   2.8990000e+00
   2.8980000e+00
   2.8980000e+00
   2.8980000e+00
   2.8980000e+00
   2.8970000e+00
   2.8970000e+00
   2.8970000e+00
   2.8970000e+00
   2.8960000e+00
   2.8960000e+00
   2.8960000e+00
   2.8950000e+00
   2.8950000e+00
   2.8940000e+00
   2.8930000e+00
   2.8930000e+00
   2.8920000e+00
   2.8920000e+00
   2.8910000e+00
   2.8910000e+00
   2.8900000e+00
   2.8900000e+00
   2.8900000e+00
   2.8890000e+00
   2.8890000e+00
   2.8890000e+00
   2.8890000e+00
   2.8880000e+00
   2.8880000e+00
   2.8880000e+00
   2.8880000e+00
   2.8880000e+00
   2.8870000e+00
   2.8870000e+00
   2.8870000e+00
   2.8870000e+00
   2.8870000e+00
   2.8870000e+00
   2.8870000e+00
   2.8860000e+00
   2.8860000e+00
   2.8860000e+00
   2.8850000e+00
   2.8850000e+00
   2.8850000e+00
   2.8850000e+00
   2.8840000e+00
   2.8840000e+00
   2.8840000e+00
   2.8840000e+00
   2.8840000e+00
   2.8840000e+00
   2.8840000e+00
   2.8840000e+00
   2.8840000e+00
   2.8840000e+00
   2.8840000e+00
   2.8840000e+00
   2.8840000e+00
   2.8840000e+00
   2.8840000e+00
   2.8840000e+00
   2.8840000e+00
   2.8850000e+00
   2.8850000e+00
   2.8850000e+00
   2.8850000e+00
   2.8850000e+00
   2.8850000e+00
   2.8850000e+00
   2.8850000e+00
   2.8840000e+00
   2.8840000e+00
   2.8840000e+00
   2.8840000e+00
   2.8840000e+00
   2.8830000e+00
   2.8830000e+00
   2.8830000e+00
   2.8830000e+00
   2.8830000e+00
   2.8830000e+00
   2.8830000e+00
   2.8830000e+00
   2.8830000e+00
   2.8830000e+00
   2.8830000e+00
   2.8830000e+00
   2.8830000e+00
   2.8830000e+00
   2.8830000e+00
   2.8830000e+00
   2.8830000e+00
   2.8830000e+00
   2.8830000e+00
   2.8830000e+00
   2.8820000e+00
   2.8820000e+00
   2.8820000e+00
   2.8810000e+00
   2.8810000e+00
   2.8810000e+00
   2.8800000e+00
   2.8800000e+00
   2.8800000e+00
   2.8790000e+00
   2.8790000e+00
   2.8790000e+00
   2.8790000e+00
   2.8790000e+00
   2.8780000e+00
   2.8780000e+00
   2.8780000e+00
   2.8780000e+00
   2.8780000e+00
   2.8780000e+00
   2.8780000e+00
   2.8770000e+00
   2.8770000e+00
   2.8770000e+00
   2.8770000e+00
   2.8770000e+00
   2.8770000e+00
   2.8770000e+00
   2.8760000e+00
   2.8760000e+00
   2.8760000e+00
   2.8750000e+00
   2.8750000e+00
   2.8750000e+00
   2.8740000e+00
   2.8740000e+00
   2.8730000e+00
   2.8730000e+00
   2.8730000e+00
   2.8730000e+00
   2.8730000e+00
   2.8720000e+00
   2.8720000e+00
   2.8720000e+00
   2.8720000e+00
   2.8720000e+00
   2.8710000e+00
   2.8710000e+00
   2.8710000e+00
   2.8710000e+00
   2.8710000e+00
   2.8710000e+00
   2.8710000e+00
   2.8710000e+00
   2.8710000e+00
   2.8710000e+00
   2.8710000e+00
   2.8700000e+00
   2.8700000e+00
   2.8700000e+00
   2.8690000e+00
   2.8690000e+00
   2.8690000e+00
   2.8680000e+00
   2.8680000e+00
   2.8680000e+00
   2.8680000e+00
   2.8680000e+00
   2.8670000e+00
   2.8670000e+00
   2.8670000e+00
   2.8670000e+00
   2.8670000e+00
   2.8670000e+00
   2.8670000e+00
   2.8670000e+00
   2.8670000e+00
   2.8670000e+00
   2.8670000e+00
   2.8670000e+00
   2.8670000e+00
   2.8670000e+00
   2.8670000e+00
   2.8660000e+00
   2.8660000e+00
   2.8660000e+00
   2.8660000e+00
   2.8650000e+00
   2.8650000e+00
   2.8650000e+00
   2.8640000e+00
   2.8640000e+00
   2.8640000e+00
   2.8640000e+00
   2.8630000e+00
   2.8630000e+00
   2.8630000e+00
   2.8630000e+00
   2.8630000e+00
   2.8630000e+00
   2.8620000e+00
   2.8620000e+00
   2.8620000e+00
   2.8620000e+00
   2.8620000e+00
   2.8620000e+00
   2.8620000e+00
   2.8620000e+00
   2.8620000e+00
   2.8620000e+00
   2.8620000e+00
   2.8610000e+00
   2.8610000e+00
   2.8610000e+00
   2.8610000e+00
   2.8600000e+00
   2.8600000e+00
   2.8600000e+00
   2.8600000e+00
   2.8590000e+00
   2.8590000e+00
   2.8590000e+00
   2.8590000e+00
   2.8590000e+00
   2.8580000e+00
   2.8580000e+00
   2.8580000e+00
   2.8580000e+00
   2.8580000e+00
   2.8580000e+00
   2.8580000e+00
   2.8580000e+00
   2.8580000e+00
   2.8580000e+00
   2.8580000e+00
   2.8580000e+00
   2.8580000e+00
   2.8580000e+00
   2.8570000e+00
   2.8570000e+00
   2.8570000e+00
   2.8560000e+00
   2.8560000e+00
   2.8560000e+00
   2.8560000e+00
   2.8550000e+00
   2.8550000e+00
   2.8550000e+00
   2.8550000e+00
   2.8550000e+00
   2.8550000e+00
   2.8550000e+00
   2.8550000e+00
   2.8550000e+00
   2.8550000e+00
   2.8550000e+00
   2.8550000e+00
   2.8550000e+00
   2.8550000e+00
   2.8550000e+00
   2.8550000e+00
   2.8550000e+00
   2.8550000e+00
   2.8550000e+00
   2.8550000e+00
   2.8550000e+00
   2.8550000e+00
   2.8550000e+00
   2.8550000e+00
   2.8550000e+00
   2.8550000e+00
   2.8550000e+00
   2.8540000e+00
   2.8540000e+00
   2.8540000e+00
   2.8540000e+00
   2.8540000e+00
   2.8540000e+00
   2.8540000e+00
   2.8540000e+00
   2.8540000e+00
   2.8540000e+00
   2.8540000e+00
   2.8540000e+00
   2.8550000e+00
   2.8550000e+00
   2.8550000e+00
   2.8550000e+00
   2.8550000e+00
   2.8550000e+00
   2.8550000e+00
   2.8550000e+00
   2.8550000e+00
   2.8550000e+00
   2.8550000e+00
   2.8550000e+00
   2.8540000e+00
   2.8540000e+00
   2.8540000e+00
   2.8540000e+00
   2.8540000e+00
   2.8540000e+00
   2.8540000e+00
   2.8530000e+00
   2.8530000e+00
   2.8530000e+00
   2.8530000e+00
   2.8540000e+00
   2.8540000e+00
   2.8540000e+00
   2.8540000e+00
   2.8540000e+00
   2.8540000e+00
   2.8540000e+00
   2.8540000e+00
   2.8550000e+00
   2.8550000e+00
   2.8550000e+00
   2.8550000e+00
   2.8560000e+00
   2.8560000e+00
   2.8560000e+00
   2.8560000e+00
   2.8560000e+00
   2.8560000e+00
   2.8560000e+00
   2.8560000e+00
   2.8560000e+00
   2.8570000e+00
   2.8570000e+00
   2.8570000e+00
   2.8570000e+00
   2.8570000e+00
   2.8570000e+00
   2.8580000e+00
   2.8580000e+00
   2.8580000e+00
   2.8590000e+00
   2.8590000e+00
   2.8590000e+00
   2.8590000e+00
   2.8600000e+00
   2.8600000e+00
   2.8600000e+00
   2.8600000e+00
   2.8610000e+00
   2.8610000e+00
   2.8610000e+00
   2.8600000e+00
   2.8600000e+00
   2.8600000e+00
   2.8600000e+00
   2.8600000e+00
   2.8600000e+00
   2.8600000e+00
   2.8600000e+00
   2.8600000e+00
   2.8600000e+00
   2.8600000e+00
   2.8600000e+00
   2.8600000e+00
   2.8600000e+00
   2.8600000e+00
   2.8600000e+00
   2.8600000e+00
   2.8600000e+00
   2.8600000e+00
   2.8600000e+00
   2.8610000e+00
   2.8610000e+00
   2.8610000e+00
   2.8610000e+00
   2.8610000e+00
   2.8600000e+00
   2.8600000e+00
   2.8600000e+00
   2.8600000e+00
   2.8590000e+00
   2.8590000e+00
   2.8590000e+00
   2.8580000e+00
   2.8580000e+00
   2.8580000e+00
   2.8580000e+00
   2.8570000e+00
   2.8570000e+00
   2.8570000e+00
   2.8570000e+00
   2.8570000e+00
   2.8570000e+00
   2.8560000e+00
   2.8560000e+00
   2.8560000e+00
   2.8560000e+00
   2.8560000e+00
   2.8560000e+00
   2.8560000e+00
   2.8570000e+00
   2.8570000e+00
   2.8570000e+00
   2.8560000e+00
   2.8560000e+00
   2.8560000e+00
   2.8560000e+00
   2.8550000e+00
   2.8550000e+00
   2.8550000e+00
   2.8550000e+00
   2.8540000e+00
   2.8540000e+00
   2.8540000e+00
   2.8540000e+00
   2.8540000e+00
   2.8540000e+00
   2.8540000e+00
   2.8540000e+00
   2.8540000e+00
   2.8540000e+00
   2.8540000e+00
   2.8540000e+00
   2.8550000e+00
   2.8550000e+00
   2.8550000e+00
   2.8560000e+00
   2.8560000e+00
   2.8560000e+00
   2.8570000e+00
   2.8570000e+00
   2.8570000e+00
   2.8570000e+00
   2.8570000e+00
   2.8580000e+00
   2.8580000e+00
   2.8580000e+00
   2.8580000e+00
   2.8580000e+00
   2.8590000e+00
   2.8590000e+00
   2.8590000e+00
   2.8590000e+00
   2.8600000e+00
   2.8600000e+00
   2.8600000e+00
   2.8610000e+00
   2.8610000e+00
   2.8610000e+00
   2.8610000e+00
   2.8620000e+00
   2.8620000e+00
   2.8620000e+00
   2.8630000e+00
   2.8630000e+00
   2.8630000e+00
   2.8640000e+00
   2.8640000e+00
   2.8640000e+00
   2.8640000e+00
   2.8640000e+00
   2.8640000e+00
   2.8640000e+00
   2.8640000e+00
   2.8640000e+00
   2.8640000e+00
   2.8640000e+00
   2.8640000e+00
   2.8640000e+00
   2.8640000e+00
   2.8630000e+00
   2.8630000e+00
   2.8630000e+00
   2.8630000e+00
   2.8630000e+00
   2.8630000e+00
   2.8630000e+00
   2.8630000e+00
   2.8630000e+00
   2.8630000e+00
   2.8630000e+00
   2.8630000e+00
   2.8630000e+00
   2.8630000e+00
   2.8630000e+00
   2.8630000e+00
   2.8630000e+00
   2.8630000e+00
   2.8620000e+00
   2.8620000e+00
   2.8620000e+00
   2.8610000e+00
   2.8610000e+00
   2.8610000e+00
   2.8600000e+00
   2.8600000e+00
   2.8600000e+00
   2.8600000e+00
   2.8590000e+00
   2.8590000e+00
   2.8590000e+00
   2.8590000e+00
   2.8590000e+00
   2.8590000e+00
   2.8590000e+00
   2.8590000e+00
   2.8590000e+00
   2.8590000e+00
   2.8590000e+00
   2.8590000e+00
   2.8600000e+00
   2.8600000e+00
   2.8600000e+00
   2.8600000e+00
   2.8590000e+00
   2.8590000e+00
   2.8590000e+00
   2.8590000e+00
   2.8590000e+00
   2.8590000e+00
   2.8590000e+00
   2.8600000e+00
   2.8600000e+00
   2.8600000e+00
   2.8600000e+00
   2.8600000e+00
   2.8600000e+00
   2.8600000e+00
   2.8610000e+00
   2.8610000e+00
   2.8620000e+00
   2.8620000e+00
   2.8630000e+00
   2.8630000e+00
   2.8640000e+00
   2.8640000e+00
   2.8650000e+00
   2.8650000e+00
   2.8650000e+00
   2.8660000e+00
   2.8660000e+00
   2.8660000e+00
   2.8660000e+00
   2.8660000e+00
   2.8670000e+00
   2.8670000e+00
   2.8670000e+00
   2.8670000e+00
   2.8680000e+00
   2.8680000e+00
   2.8680000e+00
   2.8690000e+00
   2.8690000e+00
   2.8690000e+00
   2.8700000e+00
   2.8700000e+00
   2.8700000e+00
   2.8710000e+00
   2.8710000e+00
   2.8720000e+00
   2.8720000e+00
   2.8730000e+00
   2.8730000e+00
   2.8730000e+00
   2.8740000e+00
   2.8740000e+00
   2.8740000e+00
   2.8740000e+00
   2.8740000e+00
   2.8740000e+00
   2.8740000e+00
   2.8740000e+00
   2.8740000e+00
   2.8740000e+00
   2.8740000e+00
   2.8740000e+00
   2.8740000e+00
   2.8740000e+00
   2.8750000e+00
   2.8750000e+00
   2.8750000e+00
   2.8750000e+00
   2.8750000e+00
   2.8750000e+00
   2.8750000e+00
   2.8760000e+00
   2.8760000e+00
   2.8760000e+00
   2.8760000e+00
   2.8760000e+00
   2.8770000e+00
   2.8770000e+00
   2.8770000e+00
   2.8770000e+00
   2.8770000e+00
   2.8770000e+00
   2.8770000e+00
   2.8770000e+00
   2.8770000e+00
   2.8780000e+00
   2.8780000e+00
   2.8780000e+00
   2.8780000e+00
   2.8780000e+00
   2.8780000e+00
   2.8790000e+00
   2.8790000e+00
   2.8790000e+00
   2.8790000e+00
   2.8800000e+00
   2.8800000e+00
   2.8800000e+00
   2.8810000e+00
   2.8810000e+00
   2.8820000e+00
   2.8820000e+00
   2.8830000e+00
   2.8830000e+00
   2.8830000e+00
   2.8840000e+00
   2.8840000e+00
   2.8840000e+00
   2.8840000e+00
   2.8840000e+00
   2.8830000e+00
   2.8830000e+00
   2.8830000e+00
   2.8830000e+00
   2.8830000e+00
   2.8830000e+00
   2.8830000e+00
   2.8830000e+00
   2.8830000e+00
   2.8830000e+00
   2.8830000e+00
   2.8830000e+00
   2.8830000e+00
   2.8830000e+00
   2.8830000e+00
   2.8830000e+00
   2.8830000e+00
   2.8830000e+00
   2.8830000e+00
   2.8830000e+00
   2.8830000e+00
   2.8840000e+00
   2.8840000e+00
   2.8830000e+00
   2.8830000e+00
   2.8830000e+00
   2.8830000e+00
   2.8830000e+00
   2.8830000e+00
   2.8820000e+00
   2.8820000e+00
   2.8820000e+00
   2.8820000e+00
   2.8820000e+00
   2.8820000e+00
   2.8820000e+00
   2.8820000e+00
   2.8820000e+00
   2.8810000e+00
   2.8820000e+00
   2.8810000e+00
   2.8810000e+00
   2.8820000e+00
   2.8810000e+00
   2.8820000e+00
   2.8820000e+00
   2.8820000e+00
   2.8820000e+00
   2.8820000e+00
   2.8820000e+00
   2.8820000e+00
   2.8820000e+00
   2.8810000e+00
   2.8810000e+00
   2.8810000e+00
   2.8810000e+00
   2.8800000e+00
   2.8800000e+00
   2.8800000e+00
   2.8800000e+00
   2.8800000e+00
   2.8800000e+00
   2.8800000e+00
   2.8790000e+00
   2.8790000e+00
   2.8790000e+00
   2.8790000e+00
   2.8790000e+00
   2.8790000e+00
   2.8790000e+00
   2.8790000e+00
   2.8790000e+00
   2.8790000e+00
   2.8790000e+00
   2.8790000e+00
   2.8790000e+00
   2.8790000e+00
   2.8790000e+00
   2.8790000e+00
   2.8790000e+00
   2.8790000e+00
   2.8780000e+00
   2.8780000e+00
   2.8780000e+00
   2.8780000e+00
   2.8780000e+00
   2.8780000e+00
   2.8780000e+00
   2.8780000e+00
   2.8780000e+00
   2.8770000e+00
   2.8770000e+00
   2.8770000e+00
   2.8770000e+00
   2.8770000e+00
   2.8770000e+00
   2.8770000e+00
   2.8770000e+00
   2.8770000e+00
   2.8760000e+00
   2.8760000e+00
   2.8760000e+00
   2.8760000e+00
   2.8760000e+00
   2.8760000e+00
   2.8750000e+00
   2.8750000e+00
   2.8750000e+00
   2.8750000e+00
   2.8740000e+00
   2.8740000e+00
   2.8740000e+00
   2.8740000e+00
   2.8740000e+00
   2.8740000e+00
   2.8730000e+00
   2.8730000e+00
   2.8730000e+00
   2.8730000e+00
   2.8730000e+00
   2.8730000e+00
   2.8730000e+00
   2.8730000e+00
   2.8740000e+00
   2.8740000e+00
   2.8740000e+00
   2.8740000e+00
   2.8740000e+00
   2.8750000e+00
   2.8750000e+00
   2.8760000e+00
   2.8760000e+00
   2.8770000e+00
   2.8770000e+00
   2.8780000e+00
   2.8790000e+00
   2.8790000e+00
   2.8800000e+00
   2.8810000e+00
   2.8810000e+00
   2.8820000e+00
   2.8820000e+00
   2.8830000e+00
   2.8830000e+00
   2.8840000e+00
   2.8840000e+00
   2.8850000e+00
   2.8850000e+00
   2.8860000e+00
   2.8860000e+00
   2.8870000e+00
   2.8870000e+00
   2.8880000e+00
   2.8890000e+00
   2.8890000e+00
   2.8900000e+00
   2.8900000e+00
   2.8910000e+00
   2.8910000e+00
   2.8920000e+00
   2.8920000e+00
   2.8920000e+00
   2.8930000e+00
   2.8930000e+00
   2.8930000e+00
   2.8930000e+00
   2.8930000e+00
   2.8930000e+00
   2.8930000e+00
   2.8930000e+00
   2.8930000e+00
   2.8930000e+00
   2.8930000e+00
   2.8930000e+00
   2.8930000e+00
   2.8930000e+00
   2.8930000e+00
   2.8940000e+00
   2.8940000e+00
   2.8940000e+00
   2.8940000e+00
   2.8940000e+00
   2.8950000e+00
   2.8950000e+00
   2.8950000e+00
   2.8950000e+00
   2.8960000e+00
   2.8960000e+00
   2.8960000e+00
   2.8960000e+00
   2.8960000e+00
   2.8960000e+00
   2.8960000e+00
   2.8960000e+00
   2.8960000e+00
   2.8960000e+00
   2.8960000e+00
   2.8960000e+00
   2.8970000e+00
   2.8970000e+00
   2.8970000e+00
   2.8970000e+00
   2.8970000e+00
   2.8980000e+00
   2.8980000e+00
   2.8980000e+00
   2.8990000e+00
   2.8990000e+00
   2.8990000e+00
   2.9000000e+00
   2.9000000e+00
   2.9000000e+00
   2.9010000e+00
   2.9010000e+00
   2.9010000e+00
   2.9010000e+00
   2.9010000e+00
   2.9010000e+00
   2.9010000e+00
   2.9010000e+00
   2.9010000e+00
   2.9010000e+00
   2.9010000e+00
   2.9010000e+00
   2.9010000e+00
   2.9010000e+00
   2.9020000e+00
   2.9020000e+00
   2.9020000e+00
   2.9030000e+00
   2.9030000e+00
   2.9030000e+00
   2.9030000e+00
   2.9030000e+00
   2.9030000e+00
   2.9030000e+00
   2.9040000e+00
   2.9040000e+00
   2.9040000e+00
   2.9040000e+00
   2.9040000e+00
   2.9040000e+00
   2.9040000e+00
   2.9040000e+00
   2.9030000e+00
   2.9030000e+00
   2.9030000e+00
   2.9020000e+00
   2.9020000e+00
   2.9020000e+00
   2.9020000e+00
   2.9010000e+00
   2.9010000e+00
   2.9010000e+00
   2.9010000e+00
   2.9010000e+00
   2.9010000e+00
   2.9010000e+00
   2.9010000e+00
   2.9010000e+00
   2.9010000e+00
   2.9010000e+00
   2.9020000e+00
   2.9020000e+00
   2.9020000e+00
   2.9020000e+00
   2.9020000e+00
   2.9020000e+00
   2.9030000e+00
   2.9030000e+00
   2.9030000e+00
   2.9040000e+00
   2.9040000e+00
   2.9040000e+00
   2.9040000e+00
   2.9050000e+00
   2.9050000e+00
   2.9060000e+00
   2.9060000e+00
   2.9070000e+00
   2.9070000e+00
   2.9080000e+00
   2.9080000e+00
   2.9090000e+00
   2.9100000e+00
   2.9100000e+00
   2.9110000e+00
   2.9120000e+00
   2.9130000e+00
   2.9140000e+00
   2.9140000e+00
   2.9150000e+00
   2.9160000e+00
   2.9170000e+00
   2.9170000e+00
   2.9180000e+00
   2.9180000e+00
   2.9180000e+00
   2.9190000e+00
   2.9190000e+00
   2.9190000e+00
   2.9190000e+00
   2.9190000e+00
   2.9190000e+00
   2.9200000e+00
   2.9200000e+00
   2.9200000e+00
   2.9200000e+00
   2.9200000e+00
   2.9200000e+00
   2.9210000e+00
   2.9210000e+00
   2.9210000e+00
   2.9210000e+00
   2.9210000e+00
   2.9210000e+00
   2.9210000e+00
   2.9210000e+00
   2.9210000e+00
   2.9210000e+00
   2.9210000e+00
   2.9210000e+00
   2.9210000e+00
   2.9210000e+00
   2.9200000e+00
   2.9200000e+00
   2.9200000e+00
   2.9190000e+00
   2.9190000e+00
   2.9180000e+00
   2.9180000e+00
   2.9170000e+00
   2.9170000e+00
   2.9170000e+00
   2.9160000e+00
   2.9160000e+00
   2.9160000e+00
   2.9160000e+00
   2.9150000e+00
   2.9150000e+00
   2.9150000e+00
   2.9150000e+00
   2.9150000e+00
   2.9150000e+00
   2.9150000e+00
   2.9140000e+00
   2.9140000e+00
   2.9140000e+00
   2.9140000e+00
   2.9130000e+00
   2.9130000e+00
   2.9120000e+00
   2.9120000e+00
   2.9120000e+00
   2.9110000e+00
   2.9110000e+00
   2.9100000e+00
   2.9100000e+00
   2.9090000e+00
   2.9090000e+00
   2.9090000e+00
   2.9090000e+00
   2.9090000e+00
   2.9080000e+00
   2.9080000e+00
   2.9080000e+00
   2.9080000e+00
   2.9080000e+00
   2.9070000e+00
   2.9070000e+00
   2.9070000e+00
   2.9070000e+00
   2.9070000e+00
   2.9070000e+00
   2.9070000e+00
   2.9060000e+00
   2.9060000e+00
   2.9050000e+00
   2.9050000e+00
   2.9040000e+00
   2.9040000e+00
   2.9040000e+00
   2.9030000e+00
   2.9030000e+00
   2.9030000e+00
   2.9030000e+00
   2.9030000e+00
   2.9030000e+00
   2.9030000e+00
   2.9030000e+00
   2.9030000e+00
   2.9030000e+00
   2.9030000e+00
   2.9030000e+00
   2.9030000e+00
   2.9030000e+00
   2.9030000e+00
   2.9040000e+00
   2.9040000e+00
   2.9040000e+00
   2.9040000e+00
   2.9050000e+00
   2.9050000e+00
   2.9050000e+00
   2.9050000e+00
   2.9050000e+00
   2.9050000e+00
   2.9050000e+00
   2.9050000e+00
   2.9050000e+00
   2.9060000e+00
   2.9060000e+00
   2.9060000e+00
   2.9060000e+00
   2.9060000e+00
   2.9070000e+00
   2.9070000e+00
   2.9070000e+00
   2.9080000e+00
   2.9080000e+00
   2.9080000e+00
   2.9090000e+00
   2.9090000e+00
   2.9090000e+00
   2.9100000e+00
   2.9100000e+00
   2.9100000e+00
   2.9110000e+00
   2.9110000e+00
   2.9110000e+00
   2.9110000e+00
   2.9110000e+00
   2.9110000e+00
   2.9110000e+00
   2.9110000e+00
   2.9110000e+00
   2.9110000e+00
   2.9110000e+00
   2.9100000e+00
   2.9110000e+00
   2.9100000e+00
   2.9100000e+00
   2.9100000e+00
   2.9100000e+00
   2.9100000e+00
   2.9100000e+00
   2.9110000e+00
   2.9110000e+00
   2.9110000e+00
   2.9110000e+00
   2.9110000e+00
   2.9110000e+00
   2.9110000e+00
   2.9110000e+00
   2.9120000e+00
   2.9120000e+00
   2.9120000e+00
   2.9120000e+00
   2.9110000e+00
   2.9110000e+00
   2.9110000e+00
   2.9110000e+00
   2.9110000e+00
   2.9100000e+00
   2.9100000e+00
   2.9100000e+00
   2.9100000e+00
   2.9100000e+00
   2.9100000e+00
   2.9090000e+00
   2.9090000e+00
   2.9090000e+00
   2.9090000e+00
   2.9090000e+00
   2.9090000e+00
   2.9090000e+00
   2.9090000e+00
   2.9090000e+00
   2.9090000e+00
   2.9090000e+00
   2.9090000e+00
   2.9090000e+00
   2.9090000e+00
   2.9080000e+00
   2.9080000e+00
   2.9080000e+00
   2.9070000e+00
   2.9070000e+00
   2.9070000e+00
   2.9060000e+00
   2.9060000e+00
   2.9060000e+00
   2.9050000e+00
   2.9050000e+00
   2.9050000e+00
   2.9060000e+00
   2.9060000e+00
   2.9080000e+00
   2.9100000e+00
   2.9110000e+00
   2.9130000e+00
   2.9130000e+00
   2.9130000e+00
   2.9120000e+00
   2.9120000e+00
   2.9110000e+00
   2.9100000e+00
   2.9090000e+00
   2.9080000e+00
   2.9060000e+00
   2.9060000e+00
   2.9050000e+00
   2.9040000e+00
   2.9040000e+00
   2.9030000e+00
   2.9020000e+00
   2.9020000e+00
   2.9010000e+00
   2.9010000e+00
   2.9000000e+00
   2.9000000e+00
   2.9000000e+00
   2.9000000e+00
   2.9000000e+00
   2.9000000e+00
   2.9000000e+00
   2.9000000e+00
   2.9000000e+00
   2.8990000e+00
   2.8990000e+00
   2.8990000e+00
   2.8990000e+00
   2.8990000e+00
   2.8990000e+00
   2.8990000e+00
   2.8990000e+00
   2.9000000e+00
   2.9000000e+00
   2.9000000e+00
   2.9000000e+00
   2.9000000e+00
   2.9000000e+00
   2.9000000e+00
   2.9000000e+00
   2.9000000e+00
   2.9000000e+00
   2.9010000e+00
   2.9010000e+00
   2.9010000e+00
   2.9020000e+00
   2.9020000e+00
   2.9030000e+00
   2.9030000e+00
   2.9040000e+00
   2.9050000e+00
   2.9060000e+00
   2.9070000e+00
   2.9080000e+00
   2.9090000e+00
   2.9110000e+00
   2.9120000e+00
   2.9140000e+00
   2.9150000e+00
   2.9170000e+00
   2.9180000e+00
   2.9200000e+00
   2.9210000e+00
   2.9230000e+00
   2.9240000e+00
   2.9260000e+00
   2.9280000e+00
   2.9300000e+00
   2.9320000e+00
   2.9340000e+00
   2.9360000e+00
   2.9380000e+00
   2.9400000e+00
   2.9420000e+00
   2.9450000e+00
   2.9470000e+00
   2.9500000e+00
   2.9520000e+00
   2.9540000e+00
   2.9570000e+00
   2.9600000e+00
   2.9620000e+00
   2.9650000e+00
   2.9690000e+00
   2.9720000e+00
   2.9750000e+00
   2.9780000e+00
   2.9800000e+00
   2.9830000e+00
   2.9860000e+00
   2.9890000e+00
   2.9920000e+00
   2.9950000e+00
   2.9990000e+00
   3.0020000e+00
   3.0060000e+00
   3.0090000e+00
   3.0130000e+00
   3.0170000e+00
   3.0210000e+00
   3.0250000e+00
   3.0300000e+00
   3.0340000e+00
   3.0390000e+00
   3.0430000e+00
   3.0480000e+00
   3.0530000e+00
   3.0570000e+00
   3.0620000e+00
   3.0680000e+00
   3.0730000e+00
   3.0780000e+00
   3.0830000e+00
   3.0870000e+00
   3.0910000e+00
   3.0960000e+00
   3.1000000e+00
   3.1040000e+00
   3.1090000e+00
   3.1140000e+00
   3.1200000e+00
   3.1250000e+00
   3.1300000e+00
   3.1350000e+00
   3.1410000e+00
   3.1460000e+00
   3.1520000e+00
   3.1570000e+00
   3.1630000e+00
   3.1680000e+00
   3.1740000e+00
   3.1800000e+00
   3.1860000e+00
   3.1920000e+00
   3.1970000e+00
   3.2030000e+00
   3.2090000e+00
   3.2150000e+00
   3.2210000e+00
   3.2270000e+00
   3.2330000e+00
   3.2400000e+00
   3.2460000e+00
   3.2530000e+00
   3.2600000e+00
   3.2670000e+00
   3.2740000e+00
   3.2810000e+00
   3.2890000e+00
   3.2960000e+00
   3.3020000e+00
   3.3080000e+00
   3.3140000e+00
   3.3200000e+00
   3.3260000e+00
   3.3320000e+00
   3.3380000e+00
   3.3440000e+00
   3.3500000e+00
   3.3560000e+00
   3.3610000e+00
   3.3660000e+00
   3.3710000e+00
   3.3760000e+00
   3.3800000e+00
   3.3850000e+00
   3.3900000e+00
   3.3950000e+00
   3.4000000e+00
   3.4050000e+00
   3.4110000e+00
   3.4170000e+00
   3.4230000e+00
   3.4290000e+00
   3.4360000e+00
   3.4410000e+00
   3.4480000e+00
   3.4540000e+00
   3.4600000e+00
   3.4660000e+00
   3.4710000e+00
   3.4770000e+00
   3.4830000e+00
   3.4890000e+00
   3.4940000e+00
   3.5000000e+00
   3.5050000e+00
   3.5110000e+00
   3.5160000e+00
   3.5210000e+00
   3.5260000e+00
   3.5310000e+00
   3.5360000e+00
   3.5420000e+00
   3.5470000e+00
   3.5530000e+00
   3.5580000e+00
   3.5640000e+00
   3.5690000e+00
   3.5750000e+00
   3.5800000e+00
   3.5850000e+00
   3.5900000e+00
   3.5940000e+00
   3.5990000e+00
   3.6030000e+00
   3.6060000e+00
   3.6090000e+00
   3.6130000e+00
   3.6150000e+00
   3.6190000e+00
   3.6220000e+00
   3.6250000e+00
   3.6270000e+00
   3.6280000e+00
   3.6290000e+00
   3.6300000e+00
   3.6300000e+00
   3.6300000e+00
   3.6290000e+00
   3.6290000e+00
   3.6280000e+00
   3.6270000e+00
   3.6250000e+00
   3.6240000e+00
   3.6230000e+00
   3.6210000e+00
   3.6200000e+00
   3.6180000e+00
   3.6160000e+00
   3.6150000e+00
   3.6130000e+00
   3.6120000e+00
   3.6110000e+00
   3.6090000e+00
   3.6080000e+00
   3.6060000e+00
   3.6040000e+00
   3.6020000e+00
   3.6000000e+00
   3.5980000e+00
   3.5950000e+00
   3.5930000e+00
   3.5900000e+00
   3.5870000e+00
   3.5840000e+00
   3.5810000e+00
   3.5780000e+00
   3.5750000e+00
   3.5720000e+00
   3.5690000e+00
   3.5670000e+00
   3.5640000e+00
   3.5620000e+00
   3.5600000e+00
   3.5580000e+00
   3.5560000e+00
   3.5540000e+00
   3.5530000e+00
   3.5510000e+00
   3.5500000e+00
   3.5490000e+00
   3.5480000e+00
   3.5470000e+00
   3.5470000e+00
   3.5460000e+00
   3.5460000e+00
   3.5450000e+00
   3.5450000e+00
   3.5440000e+00
   3.5430000e+00
   3.5430000e+00
   3.5420000e+00
   3.5410000e+00
   3.5410000e+00
   3.5400000e+00
   3.5400000e+00
   3.5390000e+00
   3.5390000e+00
   3.5390000e+00
   3.5390000e+00
   3.5390000e+00
   3.5390000e+00
   3.5390000e+00
   3.5390000e+00
   3.5390000e+00
   3.5400000e+00
   3.5400000e+00
   3.5410000e+00
   3.5420000e+00
   3.5420000e+00
   3.5430000e+00
   3.5440000e+00
   3.5450000e+00
   3.5460000e+00
   3.5460000e+00
   3.5470000e+00
   3.5480000e+00
   3.5480000e+00
   3.5490000e+00
   3.5490000e+00
   3.5500000e+00
   3.5500000e+00
   3.5510000e+00
   3.5520000e+00
   3.5530000e+00
   3.5540000e+00
   3.5550000e+00
   3.5560000e+00
   3.5570000e+00
   3.5580000e+00
   3.5590000e+00
   3.5590000e+00
   3.5600000e+00
   3.5610000e+00
   3.5620000e+00
   3.5630000e+00
   3.5630000e+00
   3.5640000e+00
   3.5650000e+00
   3.5650000e+00
   3.5660000e+00
   3.5660000e+00
   3.5660000e+00
   3.5660000e+00
   3.5670000e+00
   3.5670000e+00
   3.5670000e+00
   3.5670000e+00
   3.5680000e+00
   3.5680000e+00
   3.5680000e+00
   3.5680000e+00
   3.5690000e+00
   3.5690000e+00
   3.5700000e+00
   3.5700000e+00
   3.5700000e+00
   3.5710000e+00
   3.5720000e+00
   3.5730000e+00
   3.5740000e+00
   3.5740000e+00
   3.5750000e+00
   3.5760000e+00
   3.5760000e+00
   3.5770000e+00
   3.5770000e+00
   3.5770000e+00
   3.5770000e+00
   3.5780000e+00
   3.5780000e+00
   3.5780000e+00
   3.5780000e+00
   3.5780000e+00
   3.5780000e+00
   3.5790000e+00
   3.5790000e+00
   3.5790000e+00
   3.5790000e+00
   3.5790000e+00
   3.5800000e+00
   3.5800000e+00
   3.5810000e+00
   3.5810000e+00
   3.5820000e+00
   3.5820000e+00
   3.5830000e+00
   3.5840000e+00
   3.5850000e+00
   3.5860000e+00
   3.5870000e+00
   3.5880000e+00
   3.5880000e+00
   3.5890000e+00
   3.5900000e+00
   3.5900000e+00
   3.5910000e+00
   3.5920000e+00
   3.5930000e+00
   3.5940000e+00
   3.5950000e+00
   3.5960000e+00
   3.5970000e+00
   3.5980000e+00
   3.5990000e+00
   3.6000000e+00
   3.6010000e+00
   3.6020000e+00
   3.6030000e+00
   3.6040000e+00
   3.6050000e+00
   3.6060000e+00
   3.6070000e+00
   3.6080000e+00
   3.6090000e+00
   3.6100000e+00
   3.6110000e+00
   3.6110000e+00
   3.6120000e+00
   3.6120000e+00
   3.6120000e+00
   3.6120000e+00
   3.6120000e+00
   3.6120000e+00
   3.6120000e+00
   3.6120000e+00
   3.6120000e+00
   3.6110000e+00
   3.6110000e+00
   3.6110000e+00
   3.6110000e+00
   3.6100000e+00
   3.6100000e+00
   3.6100000e+00
   3.6100000e+00
   3.6090000e+00
   3.6090000e+00
   3.6090000e+00
   3.6080000e+00
   3.6080000e+00
   3.6080000e+00
   3.6070000e+00
   3.6070000e+00
   3.6060000e+00
   3.6050000e+00
   3.6040000e+00
   3.6040000e+00
   3.6030000e+00
   3.6020000e+00
   3.6010000e+00
   3.6000000e+00
   3.6000000e+00
   3.5990000e+00
   3.5980000e+00
   3.5980000e+00
   3.5970000e+00
   3.5970000e+00
   3.5960000e+00
   3.5950000e+00
   3.5950000e+00
   3.5940000e+00
   3.5940000e+00
   3.5930000e+00
   3.5930000e+00
   3.5920000e+00
   3.5920000e+00
   3.5910000e+00
   3.5910000e+00
   3.5900000e+00
   3.5900000e+00
   3.5890000e+00
   3.5880000e+00
   3.5880000e+00
   3.5870000e+00
   3.5870000e+00
   3.5860000e+00
   3.5860000e+00
   3.5860000e+00
   3.5850000e+00
   3.5850000e+00
   3.5850000e+00
   3.5850000e+00
   3.5840000e+00
   3.5840000e+00
   3.5840000e+00
   3.5840000e+00
   3.5830000e+00
   3.5830000e+00
   3.5830000e+00
   3.5820000e+00
   3.5820000e+00
   3.5820000e+00
   3.5820000e+00
   3.5810000e+00
   3.5810000e+00
   3.5810000e+00
   3.5800000e+00
   3.5800000e+00
   3.5790000e+00
   3.5790000e+00
   3.5780000e+00
   3.5780000e+00
   3.5770000e+00
   3.5770000e+00
   3.5770000e+00
   3.5760000e+00
   3.5760000e+00
   3.5760000e+00
   3.5760000e+00
   3.5750000e+00
   3.5750000e+00
   3.5750000e+00
   3.5740000e+00
   3.5740000e+00
   3.5740000e+00
   3.5740000e+00
   3.5740000e+00
   3.5740000e+00
   3.5740000e+00
   3.5740000e+00
   3.5740000e+00
   3.5740000e+00
   3.5730000e+00
   3.5730000e+00
   3.5730000e+00
   3.5720000e+00
   3.5720000e+00
   3.5720000e+00
   3.5710000e+00
   3.5710000e+00
   3.5710000e+00
   3.5700000e+00
   3.5700000e+00
   3.5700000e+00
   3.5690000e+00
   3.5690000e+00
   3.5690000e+00
   3.5690000e+00
   3.5690000e+00
   3.5690000e+00
   3.5690000e+00
   3.5690000e+00
   3.5690000e+00
   3.5690000e+00
   3.5690000e+00
   3.5690000e+00
   3.5690000e+00
   3.5690000e+00
   3.5690000e+00
   3.5690000e+00
   3.5680000e+00
   3.5680000e+00
   3.5680000e+00
   3.5680000e+00
   3.5670000e+00
   3.5670000e+00
   3.5670000e+00
   3.5670000e+00
   3.5670000e+00
   3.5660000e+00
   3.5660000e+00
   3.5660000e+00
   3.5660000e+00
   3.5660000e+00
   3.5660000e+00
   3.5660000e+00
   3.5660000e+00
   3.5660000e+00
   3.5660000e+00
   3.5660000e+00
   3.5660000e+00
   3.5660000e+00
   3.5660000e+00
   3.5660000e+00
   3.5660000e+00
   3.5660000e+00
   3.5660000e+00
   3.5660000e+00
   3.5660000e+00
   3.5650000e+00
   3.5650000e+00
   3.5650000e+00
   3.5650000e+00
   3.5650000e+00
   3.5650000e+00
   3.5650000e+00
   3.5650000e+00
   3.5650000e+00
   3.5650000e+00
   3.5660000e+00
   3.5660000e+00
   3.5660000e+00
   3.5660000e+00
   3.5670000e+00
   3.5670000e+00
   3.5670000e+00
   3.5680000e+00
   3.5680000e+00
   3.5680000e+00
   3.5690000e+00
   3.5690000e+00
   3.5690000e+00
   3.5690000e+00
   3.5700000e+00
   3.5700000e+00
   3.5700000e+00
   3.5700000e+00
   3.5700000e+00
   3.5710000e+00
   3.5710000e+00
   3.5710000e+00
   3.5710000e+00
   3.5720000e+00
   3.5720000e+00
   3.5730000e+00
   3.5730000e+00
   3.5740000e+00
   3.5740000e+00
   3.5750000e+00
   3.5750000e+00
   3.5760000e+00
   3.5770000e+00
   3.5770000e+00
   3.5780000e+00
   3.5790000e+00
   3.5800000e+00
   3.5810000e+00
   3.5820000e+00
   3.5830000e+00
   3.5840000e+00
   3.5860000e+00
   3.5870000e+00
   3.5880000e+00
   3.5890000e+00
   3.5910000e+00
   3.5920000e+00
   3.5940000e+00
   3.5960000e+00
   3.5970000e+00
   3.5990000e+00
   3.6010000e+00
   3.6030000e+00
   3.6060000e+00
   3.6080000e+00
   3.6100000e+00
   3.6130000e+00
   3.6150000e+00
   3.6180000e+00
   3.6200000e+00
   3.6230000e+00
   3.6250000e+00
   3.6280000e+00
   3.6310000e+00
   3.6330000e+00
   3.6360000e+00
   3.6390000e+00
   3.6410000e+00
   3.6430000e+00
   3.6460000e+00
   3.6480000e+00
   3.6500000e+00
   3.6520000e+00
   3.6540000e+00
   3.6570000e+00
   3.6590000e+00
   3.6610000e+00
   3.6630000e+00
   3.6650000e+00
   3.6680000e+00
   3.6700000e+00
   3.6720000e+00
   3.6740000e+00
   3.6770000e+00
   3.6790000e+00
   3.6810000e+00
   3.6830000e+00
   3.6860000e+00
   3.6880000e+00
   3.6910000e+00
   3.6930000e+00
   3.6960000e+00
   3.6980000e+00
   3.7000000e+00
   3.7020000e+00
   3.7040000e+00
   3.7050000e+00
   3.7070000e+00
   3.7090000e+00
   3.7100000e+00
   3.7120000e+00
   3.7130000e+00
   3.7150000e+00
   3.7160000e+00
   3.7180000e+00
   3.7190000e+00
   3.7210000e+00
   3.7230000e+00
   3.7250000e+00
   3.7260000e+00
   3.7280000e+00
   3.7300000e+00
   3.7320000e+00
   3.7340000e+00
   3.7360000e+00
   3.7380000e+00
   3.7400000e+00
   3.7430000e+00
   3.7450000e+00
   3.7470000e+00
   3.7490000e+00
   3.7500000e+00
   3.7520000e+00
   3.7530000e+00
   3.7550000e+00
   3.7560000e+00
   3.7570000e+00
   3.7580000e+00
   3.7590000e+00
   3.7600000e+00
   3.7610000e+00
   3.7620000e+00
   3.7630000e+00
   3.7640000e+00
   3.7650000e+00
   3.7660000e+00
   3.7670000e+00
   3.7680000e+00
   3.7690000e+00
   3.7700000e+00
   3.7710000e+00
   3.7720000e+00
   3.7720000e+00
   3.7730000e+00
   3.7740000e+00
   3.7750000e+00
   3.7760000e+00
   3.7760000e+00
   3.7770000e+00
   3.7770000e+00
   3.7770000e+00
   3.7780000e+00
   3.7780000e+00
   3.7780000e+00
   3.7780000e+00
   3.7780000e+00
   3.7780000e+00
   3.7780000e+00
   3.7780000e+00
   3.7780000e+00
   3.7780000e+00
   3.7780000e+00
   3.7780000e+00
   3.7780000e+00
   3.7780000e+00
   3.7770000e+00
   3.7770000e+00
   3.7770000e+00
   3.7770000e+00
   3.7770000e+00
   3.7770000e+00
   3.7770000e+00
   3.7770000e+00
   3.7770000e+00
   3.7760000e+00
   3.7760000e+00
   3.7750000e+00
   3.7750000e+00
   3.7740000e+00
   3.7740000e+00
   3.7730000e+00
   3.7730000e+00
   3.7720000e+00
   3.7720000e+00
   3.7720000e+00
   3.7710000e+00
   3.7710000e+00
   3.7710000e+00
   3.7700000e+00
   3.7700000e+00
   3.7700000e+00
   3.7690000e+00
   3.7690000e+00
   3.7690000e+00
   3.7690000e+00
   3.7690000e+00
   3.7690000e+00
   3.7680000e+00
   3.7680000e+00
   3.7680000e+00
   3.7680000e+00
   3.7670000e+00
   3.7670000e+00
   3.7660000e+00
   3.7660000e+00
   3.7660000e+00
   3.7650000e+00
   3.7650000e+00
   3.7650000e+00
   3.7640000e+00
   3.7640000e+00
   3.7640000e+00
   3.7640000e+00
   3.7640000e+00
   3.7640000e+00
   3.7640000e+00
   3.7640000e+00
   3.7650000e+00
   3.7650000e+00
   3.7650000e+00
   3.7650000e+00
   3.7660000e+00
   3.7660000e+00
   3.7670000e+00
   3.7680000e+00
   3.7680000e+00
   3.7690000e+00
   3.7690000e+00
   3.7700000e+00
   3.7700000e+00
   3.7710000e+00
   3.7710000e+00
   3.7720000e+00
   3.7720000e+00
   3.7730000e+00
   3.7730000e+00
   3.7740000e+00
   3.7750000e+00
   3.7750000e+00
   3.7760000e+00
   3.7770000e+00
   3.7780000e+00
   3.7790000e+00
   3.7800000e+00
   3.7810000e+00
   3.7820000e+00
   3.7830000e+00
   3.7840000e+00
   3.7860000e+00
   3.7870000e+00
   3.7880000e+00
   3.7890000e+00
   3.7900000e+00
   3.7920000e+00
   3.7920000e+00
   3.7930000e+00
   3.7940000e+00
   3.7950000e+00
   3.7960000e+00
   3.7970000e+00
   3.7970000e+00
   3.7980000e+00
   3.7990000e+00
   3.7990000e+00
   3.8000000e+00
   3.8000000e+00
   3.8010000e+00
   3.8020000e+00
   3.8020000e+00
   3.8030000e+00
   3.8040000e+00
   3.8050000e+00
   3.8050000e+00
   3.8060000e+00
   3.8070000e+00
   3.8090000e+00
   3.8100000e+00
   3.8110000e+00
   3.8130000e+00
   3.8140000e+00
   3.8150000e+00
   3.8160000e+00
   3.8160000e+00
   3.8170000e+00
   3.8170000e+00
   3.8180000e+00
   3.8180000e+00
   3.8180000e+00
   3.8190000e+00
   3.8190000e+00
   3.8190000e+00
   3.8200000e+00
   3.8200000e+00
   3.8210000e+00
   3.8210000e+00
   3.8220000e+00
   3.8220000e+00
   3.8220000e+00
   3.8230000e+00
   3.8230000e+00
   3.8240000e+00
   3.8240000e+00
   3.8240000e+00
   3.8250000e+00
   3.8250000e+00
   3.8260000e+00
   3.8260000e+00
   3.8270000e+00
   3.8270000e+00
   3.8270000e+00
   3.8270000e+00
   3.8270000e+00
   3.8270000e+00
   3.8280000e+00
   3.8280000e+00
   3.8290000e+00
   3.8290000e+00
   3.8290000e+00
   3.8300000e+00
   3.8310000e+00
   3.8320000e+00
   3.8330000e+00
   3.8340000e+00
   3.8340000e+00
   3.8350000e+00
   3.8360000e+00
   3.8370000e+00
   3.8380000e+00
   3.8380000e+00
   3.8390000e+00
   3.8390000e+00
   3.8400000e+00
   3.8400000e+00
   3.8410000e+00
   3.8410000e+00
   3.8410000e+00
   3.8410000e+00
   3.8410000e+00
   3.8410000e+00
   3.8410000e+00
   3.8410000e+00
   3.8410000e+00
   3.8410000e+00
   3.8410000e+00
   3.8410000e+00
   3.8410000e+00
   3.8410000e+00
   3.8410000e+00
   3.8410000e+00
   3.8410000e+00
   3.8400000e+00
   3.8410000e+00
   3.8410000e+00
   3.8410000e+00
   3.8410000e+00
   3.8410000e+00
   3.8410000e+00
   3.8410000e+00
   3.8420000e+00
   3.8420000e+00
   3.8420000e+00
   3.8430000e+00
   3.8430000e+00
   3.8430000e+00
   3.8430000e+00
   3.8430000e+00
   3.8430000e+00
   3.8440000e+00
   3.8440000e+00
   3.8440000e+00
   3.8440000e+00
   3.8440000e+00
   3.8440000e+00
   3.8440000e+00
   3.8440000e+00
   3.8440000e+00
   3.8450000e+00
   3.8450000e+00
   3.8450000e+00
   3.8450000e+00
   3.8460000e+00
   3.8460000e+00
   3.8460000e+00
   3.8470000e+00
   3.8470000e+00
   3.8470000e+00
   3.8480000e+00
   3.8480000e+00
   3.8480000e+00
   3.8480000e+00
   3.8480000e+00
   3.8480000e+00
   3.8480000e+00
   3.8480000e+00
   3.8480000e+00
   3.8480000e+00
   3.8480000e+00
   3.8480000e+00
   3.8470000e+00
   3.8480000e+00
   3.8470000e+00
   3.8480000e+00
   3.8480000e+00
   3.8480000e+00
   3.8480000e+00
   3.8480000e+00
   3.8490000e+00
   3.8490000e+00
   3.8490000e+00
   3.8490000e+00
   3.8500000e+00
   3.8500000e+00
   3.8500000e+00
   3.8500000e+00
   3.8500000e+00
   3.8500000e+00
   3.8500000e+00
   3.8500000e+00
   3.8500000e+00
   3.8490000e+00
   3.8490000e+00
   3.8490000e+00
   3.8490000e+00
   3.8490000e+00
   3.8490000e+00
   3.8490000e+00
   3.8490000e+00
   3.8490000e+00
   3.8490000e+00
   3.8490000e+00
   3.8500000e+00
   3.8500000e+00
   3.8500000e+00
   3.8500000e+00
   3.8510000e+00
   3.8510000e+00
   3.8510000e+00
   3.8520000e+00
   3.8520000e+00
   3.8530000e+00
   3.8530000e+00
   3.8530000e+00
   3.8530000e+00
   3.8530000e+00
   3.8530000e+00
   3.8530000e+00
   3.8520000e+00
   3.8520000e+00
   3.8520000e+00
   3.8520000e+00
   3.8520000e+00
   3.8520000e+00
   3.8520000e+00
   3.8530000e+00
   3.8530000e+00
   3.8530000e+00
   3.8530000e+00
   3.8530000e+00
   3.8540000e+00
   3.8540000e+00
   3.8540000e+00
   3.8550000e+00
   3.8550000e+00
   3.8550000e+00
   3.8560000e+00
   3.8570000e+00
   3.8570000e+00
   3.8580000e+00
   3.8580000e+00
   3.8590000e+00
   3.8590000e+00
   3.8600000e+00
   3.8600000e+00
   3.8610000e+00
   3.8620000e+00
   3.8630000e+00
   3.8640000e+00
   3.8660000e+00
   3.8670000e+00
   3.8690000e+00
   3.8710000e+00
   3.8730000e+00
   3.8750000e+00
   3.8780000e+00
   3.8800000e+00
   3.8830000e+00
   3.8850000e+00
   3.8880000e+00
   3.8910000e+00
   3.8940000e+00
   3.8970000e+00
   3.9000000e+00
   3.9030000e+00
   3.9060000e+00
   3.9090000e+00
   3.9120000e+00
   3.9150000e+00
   3.9180000e+00
   3.9200000e+00
   3.9230000e+00
   3.9250000e+00
   3.9280000e+00
   3.9300000e+00
   3.9330000e+00
   3.9350000e+00
   3.9380000e+00
   3.9410000e+00
   3.9430000e+00
   3.9460000e+00
   3.9490000e+00
   3.9510000e+00
   3.9540000e+00
   3.9570000e+00
   3.9590000e+00
   3.9620000e+00
   3.9640000e+00
   3.9670000e+00
   3.9700000e+00
   3.9720000e+00
   3.9750000e+00
   3.9770000e+00
   3.9790000e+00
   3.9810000e+00
   3.9830000e+00
   3.9850000e+00
   3.9870000e+00
   3.9880000e+00
   3.9890000e+00
   3.9910000e+00
   3.9920000e+00
   3.9940000e+00
   3.9950000e+00
   3.9960000e+00
   3.9980000e+00
   3.9990000e+00
   4.0000000e+00
   4.0010000e+00
   4.0030000e+00
   4.0040000e+00
   4.0050000e+00
   4.0060000e+00
   4.0070000e+00
   4.0080000e+00
   4.0090000e+00
   4.0090000e+00
   4.0100000e+00
   4.0110000e+00
   4.0120000e+00
   4.0120000e+00
   4.0130000e+00
   4.0130000e+00
   4.0130000e+00
   4.0130000e+00
   4.0130000e+00
   4.0130000e+00
   4.0130000e+00
   4.0130000e+00
   4.0140000e+00
   4.0130000e+00
   4.0140000e+00
   4.0140000e+00
   4.0140000e+00
   4.0140000e+00
   4.0140000e+00
   4.0140000e+00
   4.0140000e+00
   4.0150000e+00
   4.0150000e+00
   4.0150000e+00
   4.0160000e+00
   4.0160000e+00
   4.0170000e+00
   4.0170000e+00
   4.0170000e+00
   4.0180000e+00
   4.0180000e+00
   4.0180000e+00
   4.0190000e+00
   4.0190000e+00
   4.0190000e+00
   4.0180000e+00
   4.0180000e+00
   4.0180000e+00
   4.0180000e+00
   4.0180000e+00
   4.0170000e+00
   4.0170000e+00
   4.0170000e+00
   4.0170000e+00
   4.0170000e+00
   4.0170000e+00
   4.0170000e+00
   4.0170000e+00
   4.0170000e+00
   4.0170000e+00
   4.0170000e+00
   4.0170000e+00
   4.0180000e+00
   4.0180000e+00
   4.0180000e+00
   4.0180000e+00
   4.0180000e+00
   4.0180000e+00
   4.0180000e+00
   4.0180000e+00
   4.0180000e+00
   4.0180000e+00
   4.0170000e+00
   4.0170000e+00
   4.0170000e+00
   4.0160000e+00
   4.0160000e+00
   4.0150000e+00
   4.0150000e+00
   4.0150000e+00
   4.0140000e+00
   4.0140000e+00
   4.0140000e+00
   4.0140000e+00
   4.0140000e+00
   4.0140000e+00
   4.0140000e+00
   4.0150000e+00
   4.0150000e+00
   4.0160000e+00
   4.0160000e+00
   4.0160000e+00
   4.0170000e+00
   4.0170000e+00
   4.0180000e+00
   4.0180000e+00
   4.0190000e+00
   4.0180000e+00
   4.0180000e+00
   4.0180000e+00
   4.0180000e+00
   4.0170000e+00
   4.0170000e+00
   4.0170000e+00
   4.0160000e+00
   4.0160000e+00
   4.0160000e+00
   4.0160000e+00
   4.0150000e+00
   4.0150000e+00
   4.0150000e+00
   4.0150000e+00
   4.0150000e+00
   4.0150000e+00
   4.0150000e+00
   4.0150000e+00
   4.0150000e+00
   4.0150000e+00
   4.0150000e+00
   4.0150000e+00
   4.0150000e+00
   4.0150000e+00
   4.0150000e+00
   4.0150000e+00
   4.0140000e+00
   4.0140000e+00
   4.0130000e+00
   4.0130000e+00
   4.0130000e+00
   4.0120000e+00
   4.0120000e+00
   4.0120000e+00
   4.0120000e+00
   4.0120000e+00
   4.0120000e+00
   4.0120000e+00
   4.0120000e+00
   4.0120000e+00
   4.0120000e+00
   4.0120000e+00
   4.0120000e+00
   4.0120000e+00
   4.0120000e+00
   4.0120000e+00
   4.0130000e+00
   4.0130000e+00
   4.0130000e+00
   4.0130000e+00
   4.0130000e+00
   4.0120000e+00
   4.0120000e+00
   4.0110000e+00
   4.0110000e+00
   4.0100000e+00
   4.0100000e+00
   4.0090000e+00
   4.0090000e+00
   4.0090000e+00
   4.0080000e+00
   4.0080000e+00
   4.0080000e+00
   4.0080000e+00
   4.0080000e+00
   4.0080000e+00
   4.0080000e+00
   4.0080000e+00
   4.0080000e+00
   4.0080000e+00
   4.0080000e+00
   4.0080000e+00
   4.0090000e+00
   4.0090000e+00
   4.0090000e+00
   4.0090000e+00
   4.0080000e+00
   4.0080000e+00
   4.0080000e+00
   4.0080000e+00
   4.0070000e+00
   4.0070000e+00
   4.0070000e+00
   4.0070000e+00
   4.0060000e+00
   4.0060000e+00
   4.0060000e+00
   4.0060000e+00
   4.0060000e+00
   4.0060000e+00
   4.0070000e+00
   4.0070000e+00
   4.0070000e+00
   4.0070000e+00
   4.0080000e+00
   4.0080000e+00
   4.0090000e+00
   4.0090000e+00
   4.0090000e+00
   4.0100000e+00
   4.0100000e+00
   4.0100000e+00
   4.0100000e+00
   4.0090000e+00
   4.0090000e+00
   4.0090000e+00
   4.0080000e+00
   4.0080000e+00
   4.0080000e+00
   4.0080000e+00
   4.0070000e+00
   4.0070000e+00
   4.0070000e+00
   4.0070000e+00
   4.0070000e+00
   4.0070000e+00
   4.0070000e+00
   4.0070000e+00
   4.0070000e+00
   4.0070000e+00
   4.0080000e+00
   4.0080000e+00
   4.0080000e+00
   4.0080000e+00
   4.0080000e+00
   4.0080000e+00
   4.0080000e+00
   4.0080000e+00
   4.0070000e+00
   4.0070000e+00
   4.0070000e+00
   4.0060000e+00
   4.0060000e+00
   4.0060000e+00
   4.0060000e+00
   4.0060000e+00
   4.0060000e+00
   4.0060000e+00
   4.0060000e+00
   4.0060000e+00
   4.0070000e+00
   4.0070000e+00
   4.0080000e+00
   4.0080000e+00
   4.0090000e+00
   4.0100000e+00
   4.0100000e+00
   4.0120000e+00
   4.0130000e+00
   4.0140000e+00
   4.0150000e+00
   4.0160000e+00
   4.0170000e+00
   4.0180000e+00
   4.0190000e+00
   4.0190000e+00
   4.0200000e+00
   4.0210000e+00
   4.0220000e+00
   4.0230000e+00
   4.0240000e+00
   4.0250000e+00
   4.0270000e+00
   4.0280000e+00
   4.0290000e+00
   4.0310000e+00
   4.0320000e+00
   4.0340000e+00
   4.0350000e+00
   4.0360000e+00
   4.0380000e+00
   4.0390000e+00
   4.0410000e+00
   4.0420000e+00
   4.0440000e+00
   4.0450000e+00
   4.0460000e+00
   4.0470000e+00
   4.0480000e+00
   4.0480000e+00
   4.0490000e+00
   4.0490000e+00
   4.0500000e+00
   4.0500000e+00
   4.0510000e+00
   4.0510000e+00
   4.0520000e+00
   4.0520000e+00
   4.0530000e+00
   4.0530000e+00
   4.0540000e+00
   4.0540000e+00
   4.0550000e+00
   4.0550000e+00
   4.0560000e+00
   4.0570000e+00
   4.0570000e+00
   4.0580000e+00
   4.0580000e+00
   4.0590000e+00
   4.0600000e+00
   4.0600000e+00
   4.0610000e+00
   4.0610000e+00
   4.0610000e+00
   4.0610000e+00
   4.0610000e+00
   4.0600000e+00
   4.0600000e+00
   4.0600000e+00
   4.0600000e+00
   4.0590000e+00
   4.0590000e+00
   4.0590000e+00
   4.0590000e+00
   4.0590000e+00
   4.0590000e+00
   4.0580000e+00
   4.0580000e+00
   4.0580000e+00
   4.0580000e+00
   4.0580000e+00
   4.0580000e+00
   4.0580000e+00
   4.0580000e+00
   4.0580000e+00
   4.0580000e+00
   4.0580000e+00
   4.0590000e+00
   4.0580000e+00
   4.0580000e+00
   4.0580000e+00
   4.0570000e+00
   4.0570000e+00
   4.0560000e+00
   4.0560000e+00
   4.0560000e+00
   4.0550000e+00
   4.0550000e+00
   4.0550000e+00
   4.0550000e+00
   4.0540000e+00
   4.0540000e+00
   4.0540000e+00
   4.0540000e+00
   4.0540000e+00
   4.0540000e+00
   4.0540000e+00
   4.0540000e+00
   4.0540000e+00
   4.0540000e+00
   4.0540000e+00
   4.0540000e+00
   4.0540000e+00
   4.0540000e+00
   4.0540000e+00
   4.0540000e+00
   4.0530000e+00
   4.0530000e+00
   4.0520000e+00
   4.0520000e+00
   4.0510000e+00
   4.0500000e+00
   4.0500000e+00
   4.0500000e+00
   4.0490000e+00
   4.0490000e+00
   4.0490000e+00
   4.0490000e+00
   4.0490000e+00
   4.0490000e+00
   4.0490000e+00
   4.0490000e+00
   4.0490000e+00
   4.0490000e+00
   4.0500000e+00
   4.0500000e+00
   4.0500000e+00
   4.0500000e+00
   4.0500000e+00
   4.0500000e+00
   4.0500000e+00
   4.0500000e+00
   4.0490000e+00
   4.0490000e+00
   4.0480000e+00
   4.0470000e+00
   4.0470000e+00
   4.0470000e+00
   4.0460000e+00
   4.0460000e+00
   4.0460000e+00
   4.0450000e+00
   4.0450000e+00
   4.0450000e+00
   4.0450000e+00
   4.0450000e+00
   4.0450000e+00
   4.0450000e+00
   4.0450000e+00
   4.0450000e+00
   4.0450000e+00
   4.0450000e+00
   4.0450000e+00
   4.0450000e+00
   4.0450000e+00
   4.0450000e+00
   4.0450000e+00
   4.0450000e+00
   4.0440000e+00
   4.0440000e+00
   4.0430000e+00
   4.0430000e+00
   4.0420000e+00
   4.0420000e+00
   4.0410000e+00
   4.0410000e+00
   4.0410000e+00
   4.0410000e+00
   4.0400000e+00
   4.0400000e+00
   4.0400000e+00
   4.0400000e+00
   4.0400000e+00
   4.0400000e+00
   4.0400000e+00
   4.0400000e+00
   4.0400000e+00
   4.0400000e+00
   4.0410000e+00
   4.0410000e+00
   4.0410000e+00
   4.0420000e+00
   4.0420000e+00
   4.0420000e+00
   4.0410000e+00
   4.0410000e+00
   4.0410000e+00
   4.0410000e+00
   4.0400000e+00
   4.0400000e+00
   4.0400000e+00
   4.0400000e+00
   4.0400000e+00
   4.0400000e+00
   4.0410000e+00
   4.0410000e+00
   4.0410000e+00
   4.0420000e+00
   4.0420000e+00
   4.0430000e+00
   4.0430000e+00
   4.0440000e+00
   4.0440000e+00
   4.0450000e+00
   4.0460000e+00
   4.0470000e+00
   4.0470000e+00
   4.0480000e+00
   4.0490000e+00
   4.0500000e+00
   4.0500000e+00
   4.0510000e+00
   4.0510000e+00
   4.0510000e+00
   4.0520000e+00
   4.0520000e+00
   4.0520000e+00
   4.0530000e+00
   4.0530000e+00
   4.0540000e+00
   4.0540000e+00
   4.0550000e+00
   4.0560000e+00
   4.0570000e+00
   4.0580000e+00
   4.0590000e+00
   4.0600000e+00
   4.0610000e+00
   4.0620000e+00
   4.0630000e+00
   4.0640000e+00
   4.0650000e+00
   4.0670000e+00
   4.0680000e+00
   4.0690000e+00
   4.0700000e+00
   4.0710000e+00
   4.0720000e+00
   4.0730000e+00
   4.0740000e+00
   4.0740000e+00
   4.0750000e+00
   4.0750000e+00
   4.0750000e+00
   4.0760000e+00
   4.0760000e+00
   4.0770000e+00
   4.0780000e+00
   4.0780000e+00
   4.0790000e+00
   4.0800000e+00
   4.0810000e+00
   4.0810000e+00
   4.0820000e+00
   4.0830000e+00
   4.0840000e+00
   4.0850000e+00
   4.0860000e+00
   4.0870000e+00
   4.0870000e+00
   4.0880000e+00
   4.0890000e+00
   4.0900000e+00
   4.0900000e+00
   4.0910000e+00
   4.0910000e+00
   4.0910000e+00
   4.0910000e+00
   4.0910000e+00
   4.0910000e+00
   4.0900000e+00
   4.0900000e+00
   4.0900000e+00
   4.0900000e+00
   4.0900000e+00
   4.0900000e+00
   4.0900000e+00
   4.0900000e+00
   4.0890000e+00
   4.0890000e+00
   4.0890000e+00
   4.0890000e+00
   4.0890000e+00
   4.0900000e+00
   4.0900000e+00
   4.0900000e+00
   4.0900000e+00
   4.0900000e+00
   4.0900000e+00
   4.0900000e+00
   4.0900000e+00
   4.0900000e+00
   4.0890000e+00
   4.0890000e+00
   4.0880000e+00
   4.0870000e+00
   4.0870000e+00
   4.0860000e+00
   4.0860000e+00
   4.0850000e+00
   4.0850000e+00
   4.0850000e+00
   4.0840000e+00
   4.0840000e+00
   4.0840000e+00
   4.0840000e+00
   4.0840000e+00
   4.0840000e+00
   4.0840000e+00
   4.0840000e+00
   4.0840000e+00
   4.0840000e+00
   4.0840000e+00
   4.0830000e+00
   4.0840000e+00
   4.0840000e+00
   4.0840000e+00
   4.0830000e+00
   4.0830000e+00
   4.0830000e+00
   4.0820000e+00
   4.0810000e+00
   4.0810000e+00
   4.0800000e+00
   4.0800000e+00
   4.0790000e+00
   4.0790000e+00
   4.0780000e+00
   4.0780000e+00
   4.0780000e+00
   4.0770000e+00
   4.0770000e+00
   4.0770000e+00
   4.0770000e+00
   4.0770000e+00
   4.0770000e+00
   4.0770000e+00
   4.0770000e+00
   4.0770000e+00
   4.0770000e+00
   4.0770000e+00
   4.0770000e+00
   4.0770000e+00
   4.0770000e+00
   4.0770000e+00
   4.0760000e+00
   4.0760000e+00
   4.0750000e+00
   4.0750000e+00
   4.0740000e+00
   4.0740000e+00
   4.0730000e+00
   4.0730000e+00
   4.0730000e+00
   4.0720000e+00
   4.0720000e+00
   4.0720000e+00
   4.0720000e+00
   4.0720000e+00
   4.0720000e+00
   4.0720000e+00
   4.0720000e+00
   4.0720000e+00
   4.0720000e+00
   4.0720000e+00
   4.0730000e+00
   4.0730000e+00
   4.0730000e+00
   4.0740000e+00
   4.0740000e+00
   4.0740000e+00
   4.0740000e+00
   4.0750000e+00
   4.0750000e+00
   4.0750000e+00
   4.0750000e+00
   4.0750000e+00
   4.0760000e+00
   4.0760000e+00
   4.0770000e+00
   4.0780000e+00
   4.0790000e+00
   4.0800000e+00
   4.0810000e+00
   4.0820000e+00
   4.0830000e+00
   4.0850000e+00
   4.0860000e+00
   4.0880000e+00
   4.0890000e+00
   4.0900000e+00
   4.0920000e+00
   4.0930000e+00
   4.0950000e+00
   4.0960000e+00
   4.0980000e+00
   4.0990000e+00
   4.1000000e+00
   4.1000000e+00
   4.1010000e+00
   4.1020000e+00
   4.1020000e+00
   4.1020000e+00
   4.1030000e+00
   4.1030000e+00
   4.1040000e+00
   4.1040000e+00
   4.1040000e+00
   4.1050000e+00
   4.1050000e+00
   4.1050000e+00
   4.1060000e+00
   4.1060000e+00
   4.1070000e+00
   4.1070000e+00
   4.1070000e+00
   4.1070000e+00
   4.1080000e+00
   4.1080000e+00
   4.1080000e+00
   4.1090000e+00
   4.1090000e+00
   4.1090000e+00
   4.1090000e+00
   4.1090000e+00
   4.1080000e+00
   4.1080000e+00
   4.1070000e+00
   4.1060000e+00
   4.1060000e+00
   4.1050000e+00
   4.1040000e+00
   4.1040000e+00
   4.1030000e+00
   4.1020000e+00
   4.1020000e+00
   4.1010000e+00
   4.1010000e+00
   4.1010000e+00
   4.1000000e+00
   4.1000000e+00
   4.1000000e+00
   4.1000000e+00
   4.0990000e+00
   4.0990000e+00
   4.0990000e+00
   4.0990000e+00
   4.0990000e+00
