   2.2800000e+00
   2.2780000e+00
   2.2790000e+00
   2.2780000e+00
   2.2790000e+00
   2.2780000e+00
   2.2780000e+00
   2.2780000e+00
   2.2770000e+00
   2.2770000e+00
   2.2770000e+00
   2.2770000e+00
   2.2760000e+00
   2.2770000e+00
   2.2760000e+00
   2.2760000e+00
   2.2760000e+00
   2.2750000e+00
   2.2750000e+00
   2.2750000e+00
   2.2750000e+00
   2.2740000e+00
   2.2750000e+00
   2.2740000e+00
   2.2740000e+00
   2.2740000e+00
   2.2740000e+00
   2.2740000e+00
   2.2730000e+00
   2.2730000e+00
   2.2720000e+00
   2.2730000e+00
   2.2720000e+00
   2.2730000e+00
   2.2720000e+00
   2.2720000e+00
   2.2710000e+00
   2.2710000e+00
   2.2710000e+00
   2.2700000e+00
   2.2700000e+00
   2.2690000e+00
   2.2700000e+00
   2.2690000e+00
   2.2690000e+00
   2.2680000e+00
   2.2680000e+00
   2.2680000e+00
   2.2670000e+00
   2.2680000e+00
   2.2670000e+00
   2.2670000e+00
   2.2660000e+00
   2.2670000e+00
   2.2660000e+00
   2.2660000e+00
   2.2660000e+00
   2.2660000e+00
   2.2660000e+00
   2.2650000e+00
   2.2660000e+00
   2.2650000e+00
   2.2650000e+00
   2.2650000e+00
   2.2650000e+00
   2.2650000e+00
   2.2640000e+00
   2.2650000e+00
   2.2640000e+00
   2.2640000e+00
   2.2630000e+00
   2.2640000e+00
   2.2630000e+00
   2.2630000e+00
   2.2630000e+00
   2.2630000e+00
   2.2630000e+00
   2.2620000e+00
   2.2630000e+00
   2.2620000e+00
   2.2620000e+00
   2.2610000e+00
   2.2620000e+00
   2.2610000e+00
   2.2610000e+00
   2.2620000e+00
   2.2610000e+00
   2.2620000e+00
   2.2610000e+00
   2.2620000e+00
   2.2610000e+00
   2.2620000e+00
   2.2620000e+00
   2.2620000e+00
   2.2620000e+00
   2.2620000e+00
   2.2630000e+00
   2.2620000e+00
   2.2640000e+00
   2.2630000e+00
   2.2640000e+00
   2.2630000e+00
   2.2640000e+00
   2.2640000e+00
   2.2640000e+00
   2.2650000e+00
   2.2640000e+00
   2.2650000e+00
   2.2640000e+00
   2.2650000e+00
   2.2640000e+00
   2.2650000e+00
   2.2650000e+00
   2.2650000e+00
   2.2650000e+00
   2.2640000e+00
   2.2650000e+00
   2.2640000e+00
   2.2650000e+00
   2.2640000e+00
   2.2650000e+00
   2.2640000e+00
   2.2640000e+00
   2.2650000e+00
   2.2640000e+00
   2.2650000e+00
   2.2640000e+00
   2.2650000e+00
   2.2640000e+00
   2.2640000e+00
   2.2640000e+00
   2.2640000e+00
   2.2640000e+00
   2.2630000e+00
   2.2640000e+00
   2.2630000e+00
   2.2640000e+00
   2.2630000e+00
   2.2630000e+00
   2.2630000e+00
   2.2630000e+00
   2.2630000e+00
   2.2620000e+00
   2.2630000e+00
   2.2620000e+00
   2.2630000e+00
   2.2620000e+00
   2.2630000e+00
   2.2620000e+00
   2.2620000e+00
   2.2620000e+00
   2.2620000e+00
   2.2620000e+00
   2.2620000e+00
   2.2630000e+00
   2.2620000e+00
   2.2630000e+00
   2.2620000e+00
   2.2620000e+00
   2.2620000e+00
   2.2620000e+00
   2.2620000e+00
   2.2620000e+00
   2.2620000e+00
   2.2610000e+00
   2.2620000e+00
   2.2620000e+00
   2.2620000e+00
   2.2620000e+00
   2.2620000e+00
   2.2620000e+00
   2.2620000e+00
   2.2630000e+00
   2.2620000e+00
   2.2630000e+00
   2.2620000e+00
   2.2630000e+00
   2.2630000e+00
   2.2630000e+00
   2.2630000e+00
   2.2630000e+00
   2.2640000e+00
   2.2630000e+00
   2.2640000e+00
   2.2640000e+00
   2.2650000e+00
   2.2640000e+00
   2.2650000e+00
   2.2650000e+00
   2.2650000e+00
   2.2660000e+00
   2.2650000e+00
   2.2660000e+00
   2.2660000e+00
   2.2670000e+00
   2.2670000e+00
   2.2680000e+00
   2.2670000e+00
   2.2680000e+00
   2.2680000e+00
   2.2680000e+00
   2.2690000e+00
   2.2690000e+00
   2.2700000e+00
   2.2700000e+00
   2.2710000e+00
   2.2710000e+00
   2.2720000e+00
   2.2720000e+00
   2.2720000e+00
   2.2730000e+00
   2.2730000e+00
   2.2750000e+00
   2.2740000e+00
   2.2750000e+00
   2.2750000e+00
   2.2760000e+00
   2.2770000e+00
   2.2770000e+00
   2.2780000e+00
   2.2780000e+00
   2.2800000e+00
   2.2790000e+00
   2.2810000e+00
   2.2810000e+00
   2.2820000e+00
   2.2820000e+00
   2.2830000e+00
   2.2840000e+00
   2.2840000e+00
   2.2860000e+00
   2.2860000e+00
   2.2880000e+00
   2.2870000e+00
   2.2890000e+00
   2.2890000e+00
   2.2900000e+00
   2.2910000e+00
   2.2910000e+00
   2.2930000e+00
   2.2930000e+00
   2.2940000e+00
   2.2940000e+00
   2.2960000e+00
   2.2960000e+00
   2.2970000e+00
   2.2980000e+00
   2.2980000e+00
   2.3000000e+00
   2.3000000e+00
   2.3010000e+00
   2.3010000e+00
   2.3030000e+00
   2.3030000e+00
   2.3040000e+00
   2.3040000e+00
   2.3050000e+00
   2.3060000e+00
   2.3060000e+00
   2.3080000e+00
   2.3080000e+00
   2.3090000e+00
   2.3090000e+00
   2.3100000e+00
   2.3100000e+00
   2.3110000e+00
   2.3120000e+00
   2.3120000e+00
   2.3130000e+00
   2.3130000e+00
   2.3150000e+00
   2.3140000e+00
   2.3160000e+00
   2.3160000e+00
   2.3170000e+00
   2.3170000e+00
   2.3180000e+00
   2.3190000e+00
   2.3180000e+00
   2.3200000e+00
   2.3190000e+00
   2.3210000e+00
   2.3210000e+00
   2.3220000e+00
   2.3220000e+00
   2.3220000e+00
   2.3230000e+00
   2.3230000e+00
   2.3240000e+00
   2.3240000e+00
   2.3250000e+00
   2.3250000e+00
   2.3260000e+00
   2.3260000e+00
   2.3270000e+00
   2.3270000e+00
   2.3270000e+00
   2.3290000e+00
   2.3280000e+00
   2.3290000e+00
   2.3290000e+00
   2.3300000e+00
   2.3300000e+00
   2.3310000e+00
   2.3310000e+00
   2.3310000e+00
   2.3320000e+00
   2.3320000e+00
   2.3330000e+00
   2.3330000e+00
   2.3340000e+00
   2.3340000e+00
   2.3340000e+00
   2.3350000e+00
   2.3350000e+00
   2.3360000e+00
   2.3350000e+00
   2.3370000e+00
   2.3360000e+00
   2.3370000e+00
   2.3370000e+00
   2.3380000e+00
   2.3380000e+00
   2.3390000e+00
   2.3390000e+00
   2.3390000e+00
   2.3410000e+00
   2.3400000e+00
   2.3410000e+00
   2.3410000e+00
   2.3420000e+00
   2.3420000e+00
   2.3420000e+00
   2.3430000e+00
   2.3430000e+00
   2.3440000e+00
   2.3430000e+00
   2.3450000e+00
   2.3440000e+00
   2.3450000e+00
   2.3450000e+00
   2.3450000e+00
   2.3460000e+00
   2.3450000e+00
   2.3460000e+00
   2.3450000e+00
   2.3470000e+00
   2.3460000e+00
   2.3470000e+00
   2.3460000e+00
   2.3470000e+00
   2.3470000e+00
   2.3470000e+00
   2.3470000e+00
   2.3460000e+00
   2.3470000e+00
   2.3460000e+00
   2.3470000e+00
   2.3470000e+00
   2.3470000e+00
   2.3470000e+00
   2.3470000e+00
   2.3470000e+00
   2.3460000e+00
   2.3470000e+00
   2.3460000e+00
   2.3470000e+00
   2.3460000e+00
   2.3470000e+00
   2.3460000e+00
   2.3460000e+00
   2.3460000e+00
   2.3460000e+00
   2.3460000e+00
   2.3450000e+00
   2.3460000e+00
   2.3450000e+00
   2.3460000e+00
   2.3450000e+00
   2.3450000e+00
   2.3450000e+00
   2.3450000e+00
   2.3450000e+00
   2.3450000e+00
   2.3450000e+00
   2.3440000e+00
   2.3450000e+00
   2.3440000e+00
   2.3450000e+00
   2.3440000e+00
   2.3440000e+00
   2.3440000e+00
   2.3440000e+00
   2.3440000e+00
   2.3430000e+00
   2.3440000e+00
   2.3430000e+00
   2.3440000e+00
   2.3430000e+00
   2.3430000e+00
   2.3440000e+00
   2.3430000e+00
   2.3440000e+00
   2.3430000e+00
   2.3440000e+00
   2.3430000e+00
   2.3440000e+00
   2.3430000e+00
   2.3440000e+00
   2.3440000e+00
   2.3430000e+00
   2.3440000e+00
   2.3430000e+00
   2.3440000e+00
   2.3430000e+00
   2.3440000e+00
   2.3430000e+00
   2.3440000e+00
   2.3440000e+00
   2.3440000e+00
   2.3440000e+00
   2.3440000e+00
   2.3450000e+00
   2.3440000e+00
   2.3440000e+00
   2.3440000e+00
   2.3440000e+00
   2.3440000e+00
   2.3440000e+00
   2.3440000e+00
   2.3440000e+00
   2.3450000e+00
   2.3440000e+00
   2.3450000e+00
   2.3440000e+00
   2.3450000e+00
   2.3440000e+00
   2.3440000e+00
   2.3450000e+00
   2.3440000e+00
   2.3450000e+00
   2.3440000e+00
   2.3450000e+00
   2.3440000e+00
   2.3450000e+00
   2.3440000e+00
   2.3450000e+00
   2.3450000e+00
   2.3440000e+00
   2.3450000e+00
   2.3440000e+00
   2.3450000e+00
   2.3440000e+00
   2.3450000e+00
   2.3440000e+00
   2.3450000e+00
   2.3450000e+00
   2.3450000e+00
   2.3450000e+00
   2.3450000e+00
   2.3460000e+00
   2.3450000e+00
   2.3460000e+00
   2.3450000e+00
   2.3460000e+00
   2.3450000e+00
   2.3450000e+00
   2.3460000e+00
   2.3450000e+00
   2.3460000e+00
   2.3450000e+00
   2.3460000e+00
   2.3450000e+00
   2.3460000e+00
   2.3460000e+00
   2.3460000e+00
   2.3460000e+00
   2.3460000e+00
   2.3470000e+00
   2.3460000e+00
   2.3470000e+00
   2.3470000e+00
   2.3480000e+00
   2.3470000e+00
   2.3480000e+00
   2.3490000e+00
   2.3490000e+00
   2.3500000e+00
   2.3490000e+00
   2.3510000e+00
   2.3500000e+00
   2.3520000e+00
   2.3510000e+00
   2.3520000e+00
   2.3520000e+00
   2.3530000e+00
   2.3530000e+00
   2.3530000e+00
   2.3540000e+00
   2.3530000e+00
   2.3540000e+00
   2.3540000e+00
   2.3540000e+00
   2.3540000e+00
   2.3540000e+00
   2.3550000e+00
   2.3540000e+00
   2.3550000e+00
   2.3540000e+00
   2.3550000e+00
   2.3550000e+00
   2.3550000e+00
   2.3550000e+00
   2.3550000e+00
   2.3550000e+00
   2.3550000e+00
   2.3560000e+00
   2.3550000e+00
   2.3560000e+00
   2.3550000e+00
   2.3560000e+00
   2.3550000e+00
   2.3550000e+00
   2.3550000e+00
   2.3550000e+00
   2.3550000e+00
   2.3550000e+00
   2.3550000e+00
   2.3540000e+00
   2.3550000e+00
   2.3540000e+00
   2.3550000e+00
   2.3550000e+00
   2.3540000e+00
   2.3550000e+00
   2.3540000e+00
   2.3550000e+00
   2.3540000e+00
   2.3550000e+00
   2.3540000e+00
   2.3540000e+00
   2.3540000e+00
   2.3540000e+00
   2.3540000e+00
   2.3540000e+00
   2.3540000e+00
   2.3530000e+00
   2.3540000e+00
   2.3530000e+00
   2.3540000e+00
   2.3530000e+00
   2.3530000e+00
   2.3540000e+00
   2.3530000e+00
   2.3540000e+00
   2.3530000e+00
   2.3540000e+00
   2.3530000e+00
   2.3540000e+00
   2.3530000e+00
   2.3530000e+00
   2.3530000e+00
   2.3530000e+00
   2.3530000e+00
   2.3530000e+00
   2.3540000e+00
   2.3530000e+00
   2.3540000e+00
   2.3530000e+00
   2.3530000e+00
   2.3530000e+00
   2.3530000e+00
   2.3540000e+00
   2.3530000e+00
   2.3540000e+00
   2.3530000e+00
   2.3540000e+00
   2.3530000e+00
   2.3540000e+00
   2.3540000e+00
   2.3540000e+00
   2.3540000e+00
   2.3530000e+00
   2.3540000e+00
   2.3530000e+00
   2.3540000e+00
   2.3530000e+00
   2.3540000e+00
   2.3530000e+00
   2.3540000e+00
   2.3540000e+00
   2.3530000e+00
   2.3540000e+00
   2.3530000e+00
   2.3540000e+00
   2.3530000e+00
   2.3540000e+00
   2.3530000e+00
   2.3540000e+00
   2.3540000e+00
   2.3540000e+00
   2.3540000e+00
   2.3530000e+00
   2.3540000e+00
   2.3530000e+00
   2.3540000e+00
   2.3530000e+00
   2.3540000e+00
   2.3540000e+00
   2.3540000e+00
   2.3540000e+00
   2.3530000e+00
   2.3540000e+00
   2.3530000e+00
   2.3540000e+00
   2.3530000e+00
   2.3540000e+00
   2.3540000e+00
   2.3540000e+00
   2.3540000e+00
   2.3540000e+00
   2.3540000e+00
   2.3530000e+00
   2.3550000e+00
   2.3540000e+00
   2.3540000e+00
   2.3540000e+00
   2.3540000e+00
   2.3540000e+00
   2.3540000e+00
   2.3550000e+00
   2.3540000e+00
   2.3550000e+00
   2.3540000e+00
   2.3550000e+00
   2.3540000e+00
   2.3550000e+00
   2.3550000e+00
   2.3550000e+00
   2.3560000e+00
   2.3550000e+00
   2.3560000e+00
   2.3550000e+00
   2.3570000e+00
   2.3560000e+00
   2.3570000e+00
   2.3570000e+00
   2.3570000e+00
   2.3570000e+00
   2.3570000e+00
   2.3580000e+00
   2.3570000e+00
   2.3580000e+00
   2.3570000e+00
   2.3580000e+00
   2.3580000e+00
   2.3580000e+00
   2.3580000e+00
   2.3580000e+00
   2.3590000e+00
   2.3580000e+00
   2.3590000e+00
   2.3580000e+00
   2.3590000e+00
   2.3590000e+00
   2.3590000e+00
   2.3590000e+00
   2.3590000e+00
   2.3600000e+00
   2.3590000e+00
   2.3600000e+00
   2.3590000e+00
   2.3600000e+00
   2.3600000e+00
   2.3600000e+00
   2.3600000e+00
   2.3600000e+00
   2.3610000e+00
   2.3600000e+00
   2.3610000e+00
   2.3600000e+00
   2.3610000e+00
   2.3600000e+00
   2.3610000e+00
   2.3610000e+00
   2.3610000e+00
   2.3610000e+00
   2.3610000e+00
   2.3620000e+00
   2.3610000e+00
   2.3620000e+00
   2.3610000e+00
   2.3610000e+00
   2.3610000e+00
   2.3610000e+00
   2.3610000e+00
   2.3610000e+00
   2.3620000e+00
   2.3610000e+00
   2.3620000e+00
   2.3610000e+00
   2.3620000e+00
   2.3610000e+00
   2.3610000e+00
   2.3610000e+00
   2.3610000e+00
   2.3620000e+00
   2.3610000e+00
   2.3620000e+00
   2.3610000e+00
   2.3610000e+00
   2.3610000e+00
   2.3610000e+00
   2.3610000e+00
   2.3610000e+00
   2.3610000e+00
   2.3600000e+00
   2.3610000e+00
   2.3600000e+00
   2.3610000e+00
   2.3600000e+00
   2.3610000e+00
   2.3600000e+00
   2.3600000e+00
   2.3600000e+00
   2.3600000e+00
   2.3610000e+00
   2.3590000e+00
   2.3600000e+00
   2.3590000e+00
   2.3600000e+00
   2.3600000e+00
   2.3600000e+00
   2.3600000e+00
   2.3590000e+00
   2.3600000e+00
   2.3590000e+00
   2.3600000e+00
   2.3590000e+00
   2.3600000e+00
   2.3590000e+00
   2.3590000e+00
   2.3590000e+00
   2.3590000e+00
   2.3600000e+00
   2.3590000e+00
   2.3600000e+00
   2.3590000e+00
   2.3590000e+00
   2.3590000e+00
   2.3590000e+00
   2.3590000e+00
   2.3590000e+00
   2.3590000e+00
   2.3580000e+00
   2.3590000e+00
   2.3580000e+00
   2.3590000e+00
   2.3580000e+00
   2.3590000e+00
   2.3590000e+00
   2.3580000e+00
   2.3590000e+00
   2.3580000e+00
   2.3590000e+00
   2.3580000e+00
   2.3590000e+00
   2.3580000e+00
   2.3580000e+00
   2.3580000e+00
   2.3580000e+00
   2.3580000e+00
   2.3580000e+00
   2.3580000e+00
   2.3570000e+00
   2.3580000e+00
   2.3570000e+00
   2.3580000e+00
   2.3580000e+00
   2.3580000e+00
   2.3580000e+00
   2.3570000e+00
   2.3580000e+00
   2.3570000e+00
   2.3580000e+00
   2.3570000e+00
   2.3580000e+00
   2.3570000e+00
   2.3570000e+00
   2.3580000e+00
   2.3570000e+00
   2.3580000e+00
   2.3570000e+00
   2.3580000e+00
   2.3570000e+00
   2.3580000e+00
   2.3570000e+00
   2.3570000e+00
   2.3570000e+00
   2.3570000e+00
   2.3570000e+00
   2.3560000e+00
   2.3570000e+00
   2.3560000e+00
   2.3570000e+00
   2.3560000e+00
   2.3570000e+00
   2.3560000e+00
   2.3560000e+00
   2.3570000e+00
   2.3560000e+00
   2.3570000e+00
   2.3560000e+00
   2.3570000e+00
   2.3560000e+00
   2.3560000e+00
   2.3560000e+00
   2.3560000e+00
   2.3560000e+00
   2.3560000e+00
   2.3570000e+00
   2.3560000e+00
   2.3570000e+00
   2.3560000e+00
   2.3570000e+00
   2.3560000e+00
   2.3560000e+00
   2.3570000e+00
   2.3560000e+00
   2.3570000e+00
   2.3560000e+00
   2.3570000e+00
   2.3560000e+00
   2.3570000e+00
   2.3560000e+00
   2.3560000e+00
   2.3560000e+00
   2.3560000e+00
   2.3560000e+00
   2.3550000e+00
   2.3560000e+00
   2.3550000e+00
   2.3560000e+00
   2.3550000e+00
   2.3550000e+00
   2.3550000e+00
   2.3550000e+00
   2.3550000e+00
   2.3540000e+00
   2.3550000e+00
   2.3540000e+00
   2.3550000e+00
   2.3540000e+00
   2.3550000e+00
   2.3540000e+00
   2.3540000e+00
   2.3540000e+00
   2.3540000e+00
   2.3550000e+00
   2.3530000e+00
   2.3540000e+00
   2.3530000e+00
   2.3540000e+00
   2.3530000e+00
   2.3540000e+00
   2.3540000e+00
   2.3530000e+00
   2.3540000e+00
   2.3530000e+00
   2.3540000e+00
   2.3520000e+00
   2.3530000e+00
   2.3530000e+00
   2.3530000e+00
   2.3530000e+00
   2.3520000e+00
   2.3530000e+00
   2.3520000e+00
   2.3530000e+00
   2.3520000e+00
   2.3520000e+00
   2.3520000e+00
   2.3520000e+00
   2.3520000e+00
   2.3510000e+00
   2.3520000e+00
   2.3510000e+00
   2.3520000e+00
   2.3510000e+00
   2.3520000e+00
   2.3510000e+00
   2.3510000e+00
   2.3510000e+00
   2.3510000e+00
   2.3510000e+00
   2.3500000e+00
   2.3510000e+00
   2.3500000e+00
   2.3510000e+00
   2.3500000e+00
   2.3500000e+00
   2.3500000e+00
   2.3500000e+00
   2.3500000e+00
   2.3490000e+00
   2.3500000e+00
   2.3490000e+00
   2.3500000e+00
   2.3490000e+00
   2.3500000e+00
   2.3490000e+00
   2.3490000e+00
   2.3490000e+00
   2.3490000e+00
   2.3490000e+00
   2.3480000e+00
   2.3490000e+00
   2.3480000e+00
   2.3490000e+00
   2.3480000e+00
   2.3490000e+00
   2.3480000e+00
   2.3480000e+00
   2.3490000e+00
   2.3480000e+00
   2.3490000e+00
   2.3480000e+00
   2.3480000e+00
   2.3480000e+00
   2.3480000e+00
   2.3480000e+00
   2.3480000e+00
   2.3480000e+00
   2.3470000e+00
   2.3480000e+00
   2.3470000e+00
   2.3480000e+00
   2.3470000e+00
   2.3480000e+00
   2.3470000e+00
   2.3480000e+00
   2.3480000e+00
   2.3470000e+00
   2.3480000e+00
   2.3470000e+00
   2.3480000e+00
   2.3470000e+00
   2.3480000e+00
   2.3470000e+00
   2.3480000e+00
   2.3480000e+00
   2.3470000e+00
   2.3480000e+00
   2.3470000e+00
   2.3480000e+00
   2.3470000e+00
   2.3480000e+00
   2.3470000e+00
   2.3480000e+00
   2.3480000e+00
   2.3470000e+00
   2.3480000e+00
   2.3470000e+00
   2.3480000e+00
   2.3470000e+00
   2.3480000e+00
   2.3480000e+00
   2.3480000e+00
   2.3480000e+00
   2.3480000e+00
   2.3480000e+00
   2.3480000e+00
   2.3490000e+00
   2.3480000e+00
   2.3490000e+00
   2.3480000e+00
   2.3480000e+00
   2.3480000e+00
   2.3480000e+00
   2.3480000e+00
   2.3480000e+00
   2.3490000e+00
   2.3480000e+00
   2.3490000e+00
   2.3480000e+00
   2.3490000e+00
   2.3480000e+00
   2.3480000e+00
   2.3480000e+00
   2.3480000e+00
   2.3490000e+00
   2.3480000e+00
   2.3490000e+00
   2.3480000e+00
   2.3490000e+00
   2.3480000e+00
   2.3480000e+00
   2.3480000e+00
   2.3480000e+00
   2.3480000e+00
   2.3480000e+00
   2.3490000e+00
   2.3470000e+00
   2.3480000e+00
   2.3480000e+00
   2.3480000e+00
   2.3480000e+00
   2.3480000e+00
   2.3480000e+00
   2.3470000e+00
   2.3480000e+00
   2.3470000e+00
   2.3480000e+00
   2.3470000e+00
   2.3480000e+00
   2.3470000e+00
   2.3470000e+00
   2.3470000e+00
   2.3470000e+00
   2.3470000e+00
   2.3460000e+00
   2.3470000e+00
   2.3460000e+00
   2.3470000e+00
   2.3460000e+00
   2.3460000e+00
   2.3460000e+00
   2.3460000e+00
   2.3470000e+00
   2.3460000e+00
   2.3470000e+00
   2.3450000e+00
   2.3460000e+00
   2.3460000e+00
   2.3460000e+00
   2.3460000e+00
   2.3450000e+00
   2.3460000e+00
   2.3450000e+00
   2.3460000e+00
   2.3450000e+00
   2.3460000e+00
   2.3450000e+00
   2.3450000e+00
   2.3450000e+00
   2.3450000e+00
   2.3450000e+00
   2.3440000e+00
   2.3450000e+00
   2.3440000e+00
   2.3450000e+00
   2.3440000e+00
   2.3450000e+00
   2.3440000e+00
   2.3440000e+00
   2.3450000e+00
   2.3440000e+00
   2.3450000e+00
   2.3440000e+00
   2.3450000e+00
   2.3440000e+00
   2.3450000e+00
   2.3440000e+00
   2.3440000e+00
   2.3440000e+00
   2.3440000e+00
   2.3440000e+00
   2.3430000e+00
   2.3440000e+00
   2.3430000e+00
   2.3440000e+00
   2.3430000e+00
   2.3440000e+00
   2.3440000e+00
   2.3430000e+00
   2.3440000e+00
   2.3430000e+00
   2.3440000e+00
   2.3430000e+00
   2.3440000e+00
   2.3430000e+00
   2.3430000e+00
   2.3430000e+00
   2.3430000e+00
   2.3430000e+00
   2.3430000e+00
   2.3440000e+00
   2.3420000e+00
   2.3430000e+00
   2.3430000e+00
   2.3430000e+00
   2.3430000e+00
   2.3430000e+00
   2.3430000e+00
   2.3420000e+00
   2.3430000e+00
   2.3420000e+00
   2.3430000e+00
   2.3420000e+00
   2.3430000e+00
   2.3430000e+00
   2.3430000e+00
   2.3430000e+00
   2.3420000e+00
   2.3430000e+00
   2.3420000e+00
   2.3430000e+00
   2.3420000e+00
   2.3430000e+00
   2.3420000e+00
   2.3430000e+00
   2.3430000e+00
   2.3420000e+00
   2.3430000e+00
   2.3420000e+00
   2.3430000e+00
   2.3420000e+00
   2.3430000e+00
   2.3420000e+00
   2.3430000e+00
   2.3430000e+00
   2.3430000e+00
   2.3430000e+00
   2.3420000e+00
   2.3430000e+00
   2.3420000e+00
   2.3430000e+00
   2.3420000e+00
   2.3430000e+00
   2.3430000e+00
   2.3430000e+00
   2.3430000e+00
   2.3420000e+00
   2.3430000e+00
   2.3420000e+00
   2.3430000e+00
   2.3420000e+00
   2.3430000e+00
   2.3430000e+00
   2.3430000e+00
   2.3430000e+00
   2.3430000e+00
   2.3430000e+00
   2.3420000e+00
   2.3430000e+00
   2.3420000e+00
   2.3430000e+00
   2.3430000e+00
   2.3430000e+00
   2.3430000e+00
   2.3430000e+00
   2.3430000e+00
   2.3430000e+00
   2.3440000e+00
   2.3430000e+00
   2.3440000e+00
   2.3430000e+00
   2.3430000e+00
   2.3430000e+00
   2.3430000e+00
   2.3440000e+00
   2.3430000e+00
   2.3440000e+00
   2.3430000e+00
   2.3440000e+00
   2.3430000e+00
   2.3440000e+00
   2.3440000e+00
   2.3440000e+00
   2.3440000e+00
   2.3430000e+00
   2.3440000e+00
   2.3430000e+00
   2.3440000e+00
   2.3430000e+00
   2.3440000e+00
   2.3440000e+00
   2.3440000e+00
   2.3440000e+00
   2.3440000e+00
   2.3440000e+00
   2.3440000e+00
   2.3450000e+00
   2.3440000e+00
   2.3450000e+00
   2.3440000e+00
   2.3440000e+00
   2.3440000e+00
   2.3440000e+00
   2.3450000e+00
   2.3440000e+00
   2.3450000e+00
   2.3440000e+00
   2.3450000e+00
   2.3440000e+00
   2.3450000e+00
   2.3450000e+00
   2.3450000e+00
   2.3450000e+00
   2.3440000e+00
   2.3450000e+00
   2.3440000e+00
   2.3460000e+00
   2.3450000e+00
   2.3450000e+00
   2.3450000e+00
   2.3450000e+00
   2.3450000e+00
   2.3450000e+00
   2.3460000e+00
   2.3450000e+00
   2.3460000e+00
   2.3450000e+00
   2.3460000e+00
   2.3450000e+00
   2.3450000e+00
   2.3450000e+00
   2.3450000e+00
   2.3460000e+00
   2.3450000e+00
   2.3460000e+00
   2.3450000e+00
   2.3460000e+00
   2.3450000e+00
   2.3450000e+00
   2.3450000e+00
   2.3450000e+00
   2.3450000e+00
   2.3450000e+00
   2.3450000e+00
   2.3440000e+00
   2.3450000e+00
   2.3440000e+00
   2.3450000e+00
   2.3450000e+00
   2.3450000e+00
   2.3450000e+00
   2.3440000e+00
   2.3450000e+00
   2.3440000e+00
   2.3450000e+00
   2.3440000e+00
   2.3450000e+00
   2.3440000e+00
   2.3440000e+00
   2.3450000e+00
   2.3440000e+00
   2.3450000e+00
   2.3440000e+00
   2.3450000e+00
   2.3440000e+00
   2.3440000e+00
   2.3440000e+00
   2.3440000e+00
   2.3440000e+00
   2.3440000e+00
   2.3440000e+00
   2.3430000e+00
   2.3440000e+00
   2.3430000e+00
   2.3440000e+00
   2.3430000e+00
   2.3440000e+00
   2.3430000e+00
   2.3430000e+00
   2.3440000e+00
   2.3430000e+00
   2.3440000e+00
   2.3430000e+00
   2.3440000e+00
   2.3430000e+00
   2.3430000e+00
   2.3430000e+00
   2.3430000e+00
   2.3430000e+00
   2.3430000e+00
   2.3430000e+00
   2.3420000e+00
   2.3430000e+00
   2.3420000e+00
   2.3430000e+00
   2.3420000e+00
   2.3430000e+00
   2.3430000e+00
   2.3420000e+00
   2.3430000e+00
   2.3420000e+00
   2.3430000e+00
   2.3420000e+00
   2.3430000e+00
   2.3420000e+00
   2.3420000e+00
   2.3420000e+00
   2.3420000e+00
   2.3420000e+00
   2.3410000e+00
   2.3420000e+00
   2.3410000e+00
   2.3420000e+00
   2.3410000e+00
   2.3420000e+00
   2.3410000e+00
   2.3410000e+00
   2.3420000e+00
   2.3410000e+00
   2.3420000e+00
   2.3410000e+00
   2.3420000e+00
   2.3410000e+00
   2.3410000e+00
   2.3410000e+00
   2.3410000e+00
   2.3410000e+00
   2.3400000e+00
   2.3410000e+00
   2.3400000e+00
   2.3410000e+00
   2.3400000e+00
   2.3410000e+00
   2.3400000e+00
   2.3400000e+00
   2.3400000e+00
   2.3400000e+00
   2.3400000e+00
   2.3390000e+00
   2.3400000e+00
   2.3390000e+00
   2.3400000e+00
   2.3390000e+00
   2.3400000e+00
   2.3400000e+00
   2.3390000e+00
   2.3400000e+00
   2.3390000e+00
   2.3400000e+00
   2.3390000e+00
   2.3400000e+00
   2.3390000e+00
   2.3390000e+00
   2.3390000e+00
   2.3390000e+00
   2.3390000e+00
   2.3380000e+00
   2.3390000e+00
   2.3380000e+00
   2.3390000e+00
   2.3380000e+00
   2.3390000e+00
   2.3380000e+00
   2.3380000e+00
   2.3380000e+00
   2.3380000e+00
   2.3380000e+00
   2.3380000e+00
   2.3380000e+00
   2.3370000e+00
   2.3380000e+00
   2.3370000e+00
   2.3380000e+00
   2.3380000e+00
   2.3370000e+00
   2.3380000e+00
   2.3370000e+00
   2.3380000e+00
   2.3370000e+00
   2.3380000e+00
   2.3370000e+00
   2.3370000e+00
   2.3370000e+00
   2.3370000e+00
   2.3370000e+00
   2.3360000e+00
   2.3370000e+00
   2.3360000e+00
   2.3370000e+00
   2.3360000e+00
   2.3370000e+00
   2.3360000e+00
   2.3360000e+00
   2.3360000e+00
   2.3360000e+00
   2.3360000e+00
   2.3350000e+00
   2.3360000e+00
   2.3350000e+00
   2.3360000e+00
   2.3350000e+00
   2.3360000e+00
   2.3360000e+00
   2.3350000e+00
   2.3360000e+00
   2.3350000e+00
   2.3360000e+00
   2.3350000e+00
   2.3350000e+00
   2.3350000e+00
   2.3350000e+00
   2.3350000e+00
   2.3350000e+00
   2.3350000e+00
   2.3340000e+00
   2.3350000e+00
   2.3340000e+00
   2.3350000e+00
   2.3340000e+00
   2.3350000e+00
   2.3340000e+00
   2.3340000e+00
   2.3340000e+00
   2.3340000e+00
   2.3340000e+00
   2.3330000e+00
   2.3340000e+00
   2.3330000e+00
   2.3340000e+00
   2.3330000e+00
   2.3340000e+00
   2.3340000e+00
   2.3330000e+00
   2.3340000e+00
   2.3330000e+00
   2.3340000e+00
   2.3330000e+00
   2.3340000e+00
   2.3330000e+00
   2.3340000e+00
   2.3340000e+00
   2.3330000e+00
   2.3340000e+00
   2.3330000e+00
   2.3340000e+00
   2.3330000e+00
   2.3340000e+00
   2.3330000e+00
   2.3340000e+00
   2.3340000e+00
   2.3340000e+00
   2.3340000e+00
   2.3330000e+00
   2.3340000e+00
   2.3330000e+00
   2.3350000e+00
   2.3340000e+00
   2.3340000e+00
   2.3340000e+00
   2.3340000e+00
   2.3340000e+00
   2.3340000e+00
   2.3350000e+00
   2.3340000e+00
   2.3350000e+00
   2.3340000e+00
   2.3340000e+00
   2.3340000e+00
   2.3340000e+00
   2.3340000e+00
   2.3340000e+00
   2.3340000e+00
   2.3340000e+00
   2.3340000e+00
   2.3330000e+00
   2.3340000e+00
   2.3340000e+00
   2.3340000e+00
   2.3340000e+00
   2.3340000e+00
   2.3340000e+00
   2.3330000e+00
   2.3340000e+00
   2.3330000e+00
   2.3340000e+00
   2.3330000e+00
   2.3340000e+00
   2.3340000e+00
   2.3340000e+00
   2.3340000e+00
   2.3330000e+00
   2.3340000e+00
   2.3330000e+00
   2.3340000e+00
   2.3330000e+00
   2.3340000e+00
   2.3330000e+00
   2.3330000e+00
   2.3330000e+00
   2.3330000e+00
   2.3330000e+00
   2.3330000e+00
   2.3340000e+00
   2.3320000e+00
   2.3330000e+00
   2.3330000e+00
   2.3330000e+00
   2.3330000e+00
   2.3330000e+00
   2.3330000e+00
   2.3330000e+00
   2.3340000e+00
   2.3320000e+00
   2.3330000e+00
   2.3330000e+00
   2.3330000e+00
   2.3330000e+00
   2.3330000e+00
   2.3330000e+00
   2.3330000e+00
   2.3340000e+00
   2.3330000e+00
   2.3340000e+00
   2.3330000e+00
   2.3330000e+00
   2.3330000e+00
   2.3330000e+00
   2.3330000e+00
   2.3330000e+00
   2.3340000e+00
   2.3330000e+00
   2.3340000e+00
   2.3330000e+00
   2.3340000e+00
   2.3330000e+00
   2.3340000e+00
   2.3340000e+00
   2.3330000e+00
   2.3340000e+00
   2.3330000e+00
   2.3340000e+00
   2.3330000e+00
   2.3340000e+00
   2.3330000e+00
   2.3340000e+00
   2.3340000e+00
   2.3340000e+00
   2.3340000e+00
   2.3330000e+00
   2.3340000e+00
   2.3330000e+00
   2.3340000e+00
   2.3340000e+00
   2.3340000e+00
   2.3340000e+00
   2.3340000e+00
   2.3350000e+00
   2.3340000e+00
   2.3350000e+00
   2.3340000e+00
   2.3350000e+00
   2.3340000e+00
   2.3350000e+00
   2.3350000e+00
   2.3350000e+00
   2.3350000e+00
   2.3350000e+00
   2.3360000e+00
   2.3350000e+00
   2.3360000e+00
   2.3350000e+00
   2.3360000e+00
   2.3350000e+00
   2.3360000e+00
   2.3360000e+00
   2.3350000e+00
   2.3360000e+00
   2.3350000e+00
   2.3360000e+00
   2.3350000e+00
   2.3360000e+00
   2.3350000e+00
   2.3360000e+00
   2.3360000e+00
   2.3360000e+00
   2.3360000e+00
   2.3350000e+00
   2.3360000e+00
   2.3350000e+00
   2.3360000e+00
   2.3350000e+00
   2.3360000e+00
   2.3360000e+00
   2.3360000e+00
   2.3360000e+00
   2.3360000e+00
   2.3360000e+00
   2.3350000e+00
   2.3360000e+00
   2.3350000e+00
   2.3360000e+00
   2.3360000e+00
   2.3360000e+00
   2.3360000e+00
   2.3360000e+00
   2.3360000e+00
   2.3360000e+00
   2.3370000e+00
   2.3360000e+00
   2.3370000e+00
   2.3360000e+00
   2.3370000e+00
   2.3360000e+00
   2.3360000e+00
   2.3370000e+00
   2.3360000e+00
   2.3370000e+00
   2.3360000e+00
   2.3370000e+00
   2.3360000e+00
   2.3370000e+00
   2.3370000e+00
   2.3370000e+00
   2.3370000e+00
   2.3370000e+00
   2.3370000e+00
   2.3360000e+00
   2.3380000e+00
   2.3370000e+00
   2.3380000e+00
   2.3370000e+00
   2.3370000e+00
   2.3370000e+00
   2.3370000e+00
   2.3380000e+00
   2.3370000e+00
   2.3380000e+00
   2.3370000e+00
   2.3380000e+00
   2.3370000e+00
   2.3380000e+00
   2.3380000e+00
   2.3380000e+00
   2.3380000e+00
   2.3370000e+00
   2.3380000e+00
   2.3370000e+00
   2.3380000e+00
   2.3380000e+00
   2.3380000e+00
   2.3380000e+00
   2.3380000e+00
   2.3380000e+00
   2.3380000e+00
   2.3390000e+00
   2.3380000e+00
   2.3390000e+00
   2.3380000e+00
   2.3390000e+00
   2.3380000e+00
   2.3390000e+00
   2.3390000e+00
   2.3380000e+00
   2.3390000e+00
   2.3380000e+00
   2.3390000e+00
   2.3380000e+00
   2.3390000e+00
   2.3390000e+00
   2.3390000e+00
   2.3390000e+00
   2.3390000e+00
   2.3390000e+00
   2.3390000e+00
   2.3400000e+00
   2.3390000e+00
   2.3400000e+00
   2.3390000e+00
   2.3400000e+00
   2.3390000e+00
   2.3400000e+00
   2.3400000e+00
   2.3390000e+00
   2.3400000e+00
   2.3400000e+00
   2.3410000e+00
   2.3400000e+00
   2.3410000e+00
   2.3400000e+00
   2.3410000e+00
   2.3410000e+00
   2.3410000e+00
   2.3410000e+00
   2.3410000e+00
   2.3420000e+00
   2.3410000e+00
   2.3420000e+00
   2.3410000e+00
   2.3420000e+00
   2.3420000e+00
   2.3420000e+00
   2.3420000e+00
   2.3420000e+00
   2.3430000e+00
   2.3420000e+00
   2.3430000e+00
   2.3420000e+00
   2.3430000e+00
   2.3420000e+00
   2.3430000e+00
   2.3430000e+00
   2.3420000e+00
   2.3430000e+00
   2.3420000e+00
   2.3440000e+00
   2.3430000e+00
   2.3430000e+00
   2.3430000e+00
   2.3430000e+00
   2.3430000e+00
   2.3430000e+00
   2.3440000e+00
   2.3430000e+00
   2.3440000e+00
   2.3430000e+00
   2.3440000e+00
   2.3430000e+00
   2.3440000e+00
   2.3440000e+00
   2.3430000e+00
   2.3440000e+00
   2.3430000e+00
   2.3440000e+00
   2.3430000e+00
   2.3440000e+00
   2.3430000e+00
   2.3440000e+00
   2.3440000e+00
   2.3430000e+00
   2.3440000e+00
   2.3430000e+00
   2.3440000e+00
   2.3430000e+00
   2.3440000e+00
   2.3430000e+00
   2.3440000e+00
   2.3430000e+00
   2.3430000e+00
   2.3440000e+00
   2.3430000e+00
   2.3440000e+00
   2.3430000e+00
   2.3440000e+00
   2.3430000e+00
   2.3440000e+00
   2.3430000e+00
   2.3430000e+00
   2.3430000e+00
   2.3430000e+00
   2.3430000e+00
   2.3430000e+00
   2.3440000e+00
   2.3420000e+00
   2.3430000e+00
   2.3430000e+00
   2.3430000e+00
   2.3430000e+00
   2.3420000e+00
   2.3430000e+00
   2.3420000e+00
   2.3430000e+00
   2.3420000e+00
   2.3430000e+00
   2.3420000e+00
   2.3430000e+00
   2.3420000e+00
   2.3420000e+00
   2.3420000e+00
   2.3420000e+00
   2.3430000e+00
   2.3420000e+00
   2.3430000e+00
   2.3420000e+00
   2.3420000e+00
   2.3420000e+00
   2.3420000e+00
   2.3420000e+00
   2.3410000e+00
   2.3420000e+00
   2.3410000e+00
   2.3420000e+00
   2.3410000e+00
   2.3420000e+00
   2.3410000e+00
   2.3410000e+00
   2.3410000e+00
   2.3410000e+00
   2.3410000e+00
   2.3400000e+00
   2.3410000e+00
   2.3400000e+00
   2.3410000e+00
   2.3400000e+00
   2.3410000e+00
   2.3400000e+00
   2.3400000e+00
   2.3410000e+00
   2.3400000e+00
   2.3410000e+00
   2.3400000e+00
   2.3410000e+00
   2.3400000e+00
   2.3400000e+00
   2.3400000e+00
   2.3400000e+00
   2.3400000e+00
   2.3390000e+00
   2.3400000e+00
   2.3390000e+00
   2.3400000e+00
   2.3390000e+00
   2.3400000e+00
   2.3390000e+00
   2.3390000e+00
   2.3390000e+00
   2.3390000e+00
   2.3390000e+00
   2.3380000e+00
   2.3390000e+00
   2.3380000e+00
   2.3390000e+00
   2.3380000e+00
   2.3390000e+00
   2.3380000e+00
   2.3380000e+00
   2.3390000e+00
   2.3380000e+00
   2.3390000e+00
   2.3370000e+00
   2.3380000e+00
   2.3370000e+00
   2.3380000e+00
   2.3380000e+00
   2.3380000e+00
   2.3380000e+00
   2.3370000e+00
   2.3380000e+00
   2.3370000e+00
   2.3380000e+00
   2.3370000e+00
   2.3370000e+00
   2.3370000e+00
   2.3370000e+00
   2.3370000e+00
   2.3370000e+00
   2.3370000e+00
   2.3360000e+00
   2.3370000e+00
   2.3360000e+00
   2.3370000e+00
   2.3360000e+00
   2.3360000e+00
   2.3360000e+00
   2.3360000e+00
   2.3370000e+00
   2.3360000e+00
   2.3370000e+00
   2.3350000e+00
   2.3360000e+00
   2.3360000e+00
   2.3360000e+00
   2.3360000e+00
   2.3350000e+00
   2.3360000e+00
   2.3350000e+00
   2.3360000e+00
   2.3350000e+00
   2.3360000e+00
   2.3350000e+00
   2.3350000e+00
   2.3350000e+00
   2.3350000e+00
   2.3350000e+00
   2.3340000e+00
   2.3350000e+00
   2.3340000e+00
   2.3350000e+00
   2.3340000e+00
   2.3350000e+00
   2.3340000e+00
   2.3340000e+00
   2.3340000e+00
   2.3340000e+00
   2.3340000e+00
   2.3330000e+00
   2.3340000e+00
   2.3330000e+00
   2.3340000e+00
   2.3330000e+00
   2.3340000e+00
   2.3340000e+00
   2.3330000e+00
   2.3340000e+00
   2.3330000e+00
   2.3340000e+00
   2.3330000e+00
   2.3330000e+00
   2.3330000e+00
   2.3330000e+00
   2.3330000e+00
   2.3330000e+00
   2.3330000e+00
   2.3320000e+00
   2.3330000e+00
   2.3320000e+00
   2.3330000e+00
   2.3320000e+00
   2.3330000e+00
   2.3320000e+00
   2.3320000e+00
   2.3320000e+00
   2.3320000e+00
   2.3330000e+00
   2.3320000e+00
   2.3330000e+00
   2.3310000e+00
   2.3320000e+00
   2.3320000e+00
   2.3320000e+00
   2.3320000e+00
   2.3310000e+00
   2.3320000e+00
   2.3310000e+00
   2.3320000e+00
   2.3310000e+00
   2.3320000e+00
   2.3310000e+00
   2.3320000e+00
   2.3310000e+00
   2.3310000e+00
   2.3320000e+00
   2.3310000e+00
   2.3320000e+00
   2.3310000e+00
   2.3320000e+00
   2.3310000e+00
   2.3310000e+00
   2.3310000e+00
   2.3310000e+00
   2.3310000e+00
   2.3300000e+00
   2.3310000e+00
   2.3300000e+00
   2.3310000e+00
   2.3300000e+00
   2.3310000e+00
   2.3300000e+00
   2.3310000e+00
   2.3310000e+00
   2.3300000e+00
   2.3310000e+00
   2.3300000e+00
   2.3310000e+00
   2.3300000e+00
   2.3310000e+00
   2.3300000e+00
   2.3300000e+00
   2.3300000e+00
   2.3300000e+00
   2.3300000e+00
   2.3290000e+00
   2.3300000e+00
   2.3290000e+00
   2.3300000e+00
   2.3290000e+00
   2.3300000e+00
   2.3300000e+00
   2.3290000e+00
   2.3300000e+00
   2.3290000e+00
   2.3300000e+00
   2.3290000e+00
   2.3300000e+00
   2.3290000e+00
   2.3300000e+00
   2.3290000e+00
   2.3290000e+00
   2.3290000e+00
   2.3290000e+00
   2.3300000e+00
   2.3280000e+00
   2.3290000e+00
   2.3280000e+00
   2.3290000e+00
   2.3290000e+00
   2.3290000e+00
   2.3290000e+00
   2.3280000e+00
   2.3290000e+00
   2.3280000e+00
   2.3290000e+00
   2.3280000e+00
   2.3290000e+00
   2.3280000e+00
   2.3290000e+00
   2.3280000e+00
   2.3280000e+00
   2.3290000e+00
   2.3280000e+00
   2.3290000e+00
   2.3280000e+00
   2.3290000e+00
   2.3280000e+00
   2.3280000e+00
   2.3280000e+00
   2.3280000e+00
   2.3280000e+00
   2.3270000e+00
   2.3280000e+00
   2.3270000e+00
   2.3280000e+00
   2.3270000e+00
   2.3280000e+00
   2.3270000e+00
   2.3270000e+00
   2.3270000e+00
   2.3270000e+00
   2.3270000e+00
   2.3270000e+00
   2.3280000e+00
   2.3270000e+00
   2.3270000e+00
   2.3270000e+00
   2.3270000e+00
   2.3270000e+00
   2.3270000e+00
   2.3270000e+00
   2.3270000e+00
   2.3280000e+00
   2.3270000e+00
   2.3280000e+00
   2.3270000e+00
   2.3270000e+00
   2.3270000e+00
   2.3270000e+00
   2.3280000e+00
   2.3270000e+00
   2.3280000e+00
   2.3270000e+00
   2.3280000e+00
   2.3270000e+00
   2.3280000e+00
   2.3280000e+00
   2.3280000e+00
   2.3280000e+00
   2.3280000e+00
   2.3280000e+00
   2.3280000e+00
   2.3290000e+00
   2.3280000e+00
   2.3290000e+00
   2.3280000e+00
   2.3280000e+00
   2.3280000e+00
   2.3280000e+00
   2.3290000e+00
   2.3280000e+00
   2.3290000e+00
   2.3280000e+00
   2.3280000e+00
   2.3280000e+00
   2.3280000e+00
   2.3280000e+00
   2.3280000e+00
   2.3280000e+00
   2.3270000e+00
   2.3280000e+00
   2.3270000e+00
   2.3280000e+00
   2.3270000e+00
   2.3280000e+00
   2.3270000e+00
   2.3270000e+00
   2.3270000e+00
   2.3270000e+00
   2.3270000e+00
   2.3260000e+00
   2.3270000e+00
   2.3260000e+00
   2.3270000e+00
   2.3270000e+00
   2.3270000e+00
   2.3270000e+00
   2.3260000e+00
   2.3270000e+00
   2.3260000e+00
   2.3270000e+00
   2.3260000e+00
   2.3270000e+00
   2.3260000e+00
   2.3270000e+00
   2.3270000e+00
   2.3260000e+00
   2.3270000e+00
   2.3260000e+00
   2.3270000e+00
   2.3260000e+00
   2.3270000e+00
   2.3260000e+00
   2.3270000e+00
   2.3260000e+00
   2.3260000e+00
   2.3270000e+00
   2.3260000e+00
   2.3270000e+00
   2.3260000e+00
   2.3270000e+00
   2.3260000e+00
   2.3260000e+00
   2.3260000e+00
   2.3260000e+00
   2.3260000e+00
   2.3250000e+00
   2.3260000e+00
   2.3250000e+00
   2.3260000e+00
   2.3250000e+00
   2.3260000e+00
   2.3250000e+00
   2.3250000e+00
   2.3250000e+00
   2.3250000e+00
   2.3260000e+00
   2.3250000e+00
   2.3260000e+00
   2.3250000e+00
   2.3250000e+00
   2.3250000e+00
   2.3250000e+00
   2.3250000e+00
   2.3250000e+00
   2.3250000e+00
   2.3240000e+00
   2.3250000e+00
   2.3240000e+00
   2.3250000e+00
   2.3240000e+00
   2.3250000e+00
   2.3240000e+00
   2.3240000e+00
   2.3240000e+00
   2.3240000e+00
   2.3250000e+00
   2.3240000e+00
   2.3250000e+00
   2.3240000e+00
   2.3240000e+00
   2.3240000e+00
   2.3240000e+00
   2.3240000e+00
   2.3230000e+00
   2.3240000e+00
   2.3230000e+00
   2.3240000e+00
   2.3230000e+00
   2.3240000e+00
   2.3230000e+00
   2.3240000e+00
   2.3230000e+00
   2.3230000e+00
   2.3240000e+00
   2.3230000e+00
   2.3240000e+00
   2.3230000e+00
   2.3240000e+00
   2.3230000e+00
   2.3230000e+00
   2.3230000e+00
   2.3230000e+00
   2.3230000e+00
   2.3220000e+00
   2.3230000e+00
   2.3220000e+00
   2.3230000e+00
   2.3220000e+00
   2.3230000e+00
   2.3230000e+00
   2.3230000e+00
   2.3230000e+00
   2.3220000e+00
   2.3230000e+00
   2.3220000e+00
   2.3230000e+00
   2.3220000e+00
   2.3230000e+00
   2.3220000e+00
   2.3230000e+00
   2.3230000e+00
   2.3220000e+00
   2.3230000e+00
   2.3220000e+00
   2.3230000e+00
   2.3220000e+00
   2.3230000e+00
   2.3230000e+00
   2.3230000e+00
   2.3230000e+00
   2.3230000e+00
   2.3230000e+00
   2.3220000e+00
   2.3230000e+00
   2.3220000e+00
   2.3230000e+00
   2.3220000e+00
   2.3230000e+00
   2.3230000e+00
   2.3230000e+00
   2.3230000e+00
   2.3220000e+00
   2.3230000e+00
   2.3220000e+00
   2.3230000e+00
   2.3220000e+00
   2.3230000e+00
   2.3220000e+00
   2.3220000e+00
   2.3230000e+00
   2.3220000e+00
   2.3230000e+00
   2.3220000e+00
   2.3230000e+00
   2.3220000e+00
   2.3230000e+00
   2.3220000e+00
   2.3220000e+00
   2.3220000e+00
   2.3220000e+00
   2.3230000e+00
   2.3220000e+00
   2.3230000e+00
   2.3220000e+00
   2.3230000e+00
   2.3220000e+00
   2.3220000e+00
   2.3220000e+00
   2.3220000e+00
   2.3230000e+00
   2.3220000e+00
   2.3230000e+00
   2.3220000e+00
   2.3230000e+00
   2.3220000e+00
   2.3220000e+00
   2.3220000e+00
   2.3220000e+00
   2.3220000e+00
   2.3210000e+00
   2.3220000e+00
   2.3210000e+00
   2.3220000e+00
   2.3210000e+00
   2.3220000e+00
   2.3210000e+00
   2.3210000e+00
   2.3210000e+00
   2.3210000e+00
   2.3220000e+00
   2.3210000e+00
   2.3220000e+00
   2.3200000e+00
   2.3210000e+00
   2.3210000e+00
   2.3210000e+00
   2.3210000e+00
   2.3200000e+00
   2.3210000e+00
   2.3200000e+00
   2.3210000e+00
   2.3200000e+00
   2.3200000e+00
   2.3200000e+00
   2.3200000e+00
   2.3200000e+00
   2.3200000e+00
   2.3200000e+00
   2.3190000e+00
   2.3200000e+00
   2.3190000e+00
   2.3200000e+00
   2.3190000e+00
   2.3200000e+00
   2.3190000e+00
   2.3190000e+00
   2.3200000e+00
   2.3190000e+00
   2.3200000e+00
   2.3190000e+00
   2.3200000e+00
   2.3190000e+00
   2.3190000e+00
   2.3190000e+00
   2.3190000e+00
   2.3190000e+00
   2.3190000e+00
   2.3190000e+00
   2.3180000e+00
   2.3190000e+00
   2.3180000e+00
   2.3190000e+00
   2.3190000e+00
   2.3190000e+00
   2.3190000e+00
   2.3180000e+00
   2.3190000e+00
   2.3180000e+00
   2.3190000e+00
   2.3180000e+00
   2.3190000e+00
   2.3180000e+00
   2.3180000e+00
   2.3180000e+00
   2.3180000e+00
   2.3180000e+00
   2.3170000e+00
   2.3180000e+00
   2.3170000e+00
   2.3180000e+00
   2.3170000e+00
   2.3170000e+00
   2.3170000e+00
   2.3170000e+00
   2.3170000e+00
   2.3160000e+00
   2.3170000e+00
   2.3160000e+00
   2.3170000e+00
   2.3160000e+00
   2.3170000e+00
   2.3160000e+00
   2.3160000e+00
   2.3160000e+00
   2.3160000e+00
   2.3160000e+00
   2.3150000e+00
   2.3160000e+00
   2.3150000e+00
   2.3160000e+00
   2.3160000e+00
   2.3160000e+00
   2.3160000e+00
   2.3150000e+00
   2.3160000e+00
   2.3150000e+00
   2.3160000e+00
   2.3150000e+00
   2.3160000e+00
   2.3150000e+00
   2.3150000e+00
   2.3150000e+00
   2.3150000e+00
   2.3150000e+00
   2.3140000e+00
   2.3150000e+00
   2.3140000e+00
   2.3150000e+00
   2.3140000e+00
   2.3150000e+00
   2.3150000e+00
   2.3140000e+00
   2.3150000e+00
   2.3140000e+00
   2.3150000e+00
   2.3140000e+00
   2.3150000e+00
   2.3140000e+00
   2.3140000e+00
   2.3140000e+00
   2.3140000e+00
   2.3140000e+00
   2.3140000e+00
   2.3140000e+00
   2.3130000e+00
   2.3140000e+00
   2.3130000e+00
   2.3140000e+00
   2.3130000e+00
   2.3140000e+00
   2.3140000e+00
   2.3130000e+00
   2.3140000e+00
   2.3130000e+00
   2.3140000e+00
   2.3130000e+00
   2.3130000e+00
   2.3130000e+00
   2.3130000e+00
   2.3130000e+00
   2.3130000e+00
   2.3130000e+00
   2.3120000e+00
   2.3130000e+00
   2.3120000e+00
   2.3130000e+00
   2.3120000e+00
   2.3120000e+00
   2.3120000e+00
   2.3120000e+00
   2.3120000e+00
   2.3120000e+00
   2.3120000e+00
   2.3110000e+00
   2.3120000e+00
   2.3110000e+00
   2.3120000e+00
   2.3120000e+00
   2.3110000e+00
   2.3120000e+00
   2.3110000e+00
   2.3120000e+00
   2.3110000e+00
   2.3120000e+00
   2.3110000e+00
   2.3110000e+00
   2.3110000e+00
   2.3110000e+00
   2.3110000e+00
   2.3100000e+00
   2.3110000e+00
   2.3100000e+00
   2.3110000e+00
   2.3100000e+00
   2.3110000e+00
   2.3100000e+00
   2.3100000e+00
   2.3110000e+00
   2.3100000e+00
   2.3110000e+00
   2.3100000e+00
   2.3110000e+00
   2.3100000e+00
   2.3100000e+00
   2.3100000e+00
   2.3100000e+00
   2.3100000e+00
   2.3090000e+00
   2.3100000e+00
   2.3090000e+00
   2.3100000e+00
   2.3090000e+00
   2.3100000e+00
   2.3090000e+00
   2.3100000e+00
   2.3090000e+00
   2.3090000e+00
   2.3100000e+00
   2.3090000e+00
   2.3100000e+00
   2.3090000e+00
   2.3090000e+00
   2.3090000e+00
   2.3090000e+00
   2.3090000e+00
   2.3090000e+00
   2.3090000e+00
   2.3080000e+00
   2.3090000e+00
   2.3080000e+00
   2.3090000e+00
   2.3080000e+00
   2.3090000e+00
   2.3080000e+00
   2.3080000e+00
   2.3080000e+00
   2.3080000e+00
   2.3090000e+00
   2.3080000e+00
   2.3090000e+00
   2.3080000e+00
   2.3080000e+00
   2.3080000e+00
   2.3080000e+00
   2.3080000e+00
   2.3070000e+00
   2.3080000e+00
   2.3070000e+00
   2.3080000e+00
   2.3070000e+00
   2.3080000e+00
   2.3070000e+00
   2.3080000e+00
   2.3070000e+00
   2.3070000e+00
   2.3080000e+00
   2.3070000e+00
   2.3080000e+00
   2.3070000e+00
   2.3080000e+00
   2.3070000e+00
   2.3070000e+00
   2.3070000e+00
   2.3070000e+00
   2.3070000e+00
   2.3060000e+00
   2.3070000e+00
   2.3060000e+00
   2.3070000e+00
   2.3060000e+00
   2.3070000e+00
   2.3060000e+00
   2.3060000e+00
   2.3070000e+00
   2.3060000e+00
   2.3070000e+00
   2.3060000e+00
   2.3070000e+00
   2.3060000e+00
   2.3060000e+00
   2.3060000e+00
   2.3060000e+00
   2.3060000e+00
   2.3050000e+00
   2.3060000e+00
   2.3050000e+00
   2.3060000e+00
   2.3050000e+00
   2.3060000e+00
   2.3050000e+00
   2.3050000e+00
   2.3050000e+00
   2.3050000e+00
   2.3050000e+00
   2.3040000e+00
   2.3050000e+00
   2.3040000e+00
   2.3050000e+00
   2.3040000e+00
   2.3050000e+00
   2.3050000e+00
   2.3040000e+00
   2.3050000e+00
   2.3040000e+00
   2.3050000e+00
   2.3030000e+00
   2.3040000e+00
   2.3040000e+00
   2.3040000e+00
   2.3040000e+00
   2.3030000e+00
   2.3040000e+00
   2.3030000e+00
   2.3040000e+00
   2.3030000e+00
   2.3040000e+00
   2.3030000e+00
   2.3030000e+00
   2.3030000e+00
   2.3030000e+00
   2.3030000e+00
   2.3020000e+00
   2.3030000e+00
   2.3020000e+00
   2.3030000e+00
   2.3020000e+00
   2.3020000e+00
   2.3020000e+00
   2.3020000e+00
   2.3020000e+00
   2.3010000e+00
   2.3020000e+00
   2.3010000e+00
   2.3020000e+00
   2.3010000e+00
   2.3010000e+00
   2.3010000e+00
   2.3010000e+00
   2.3010000e+00
   2.3000000e+00
   2.3010000e+00
   2.3000000e+00
   2.3010000e+00
   2.3000000e+00
   2.3010000e+00
   2.3000000e+00
   2.3000000e+00
   2.3000000e+00
   2.2990000e+00
   2.3000000e+00
   2.2990000e+00
   2.3000000e+00
   2.2990000e+00
   2.3000000e+00
   2.2990000e+00
   2.2990000e+00
   2.2990000e+00
   2.2990000e+00
   2.2990000e+00
   2.2980000e+00
   2.2990000e+00
   2.2980000e+00
   2.2990000e+00
   2.2980000e+00
   2.2980000e+00
   2.2980000e+00
   2.2980000e+00
   2.2980000e+00
   2.2970000e+00
   2.2980000e+00
   2.2970000e+00
   2.2980000e+00
   2.2970000e+00
   2.2970000e+00
   2.2970000e+00
   2.2970000e+00
   2.2970000e+00
   2.2960000e+00
   2.2970000e+00
   2.2960000e+00
   2.2970000e+00
   2.2960000e+00
   2.2970000e+00
   2.2960000e+00
   2.2960000e+00
   2.2960000e+00
   2.2960000e+00
   2.2960000e+00
   2.2950000e+00
   2.2960000e+00
   2.2950000e+00
   2.2960000e+00
   2.2950000e+00
   2.2950000e+00
   2.2950000e+00
   2.2950000e+00
   2.2960000e+00
   2.2950000e+00
   2.2960000e+00
   2.2950000e+00
   2.2950000e+00
   2.2950000e+00
   2.2950000e+00
   2.2950000e+00
   2.2940000e+00
   2.2950000e+00
   2.2940000e+00
   2.2950000e+00
   2.2940000e+00
   2.2950000e+00
   2.2940000e+00
   2.2940000e+00
   2.2940000e+00
   2.2940000e+00
   2.2940000e+00
   2.2930000e+00
   2.2940000e+00
   2.2930000e+00
   2.2940000e+00
   2.2930000e+00
   2.2940000e+00
   2.2930000e+00
   2.2930000e+00
   2.2930000e+00
   2.2930000e+00
   2.2930000e+00
   2.2920000e+00
   2.2930000e+00
   2.2920000e+00
   2.2930000e+00
   2.2920000e+00
   2.2920000e+00
   2.2930000e+00
   2.2920000e+00
   2.2930000e+00
   2.2920000e+00
   2.2920000e+00
   2.2910000e+00
   2.2920000e+00
   2.2920000e+00
   2.2920000e+00
   2.2920000e+00
   2.2910000e+00
   2.2920000e+00
   2.2910000e+00
   2.2920000e+00
   2.2910000e+00
   2.2910000e+00
   2.2910000e+00
   2.2910000e+00
   2.2910000e+00
   2.2900000e+00
   2.2910000e+00
   2.2900000e+00
   2.2910000e+00
   2.2900000e+00
   2.2910000e+00
   2.2900000e+00
   2.2900000e+00
   2.2900000e+00
   2.2900000e+00
   2.2900000e+00
   2.2890000e+00
   2.2900000e+00
   2.2890000e+00
   2.2900000e+00
   2.2890000e+00
   2.2900000e+00
   2.2890000e+00
   2.2890000e+00
   2.2900000e+00
   2.2890000e+00
   2.2890000e+00
   2.2880000e+00
   2.2890000e+00
   2.2880000e+00
   2.2890000e+00
   2.2880000e+00
   2.2880000e+00
   2.2880000e+00
   2.2870000e+00
   2.2880000e+00
   2.2870000e+00
   2.2870000e+00
   2.2860000e+00
   2.2870000e+00
   2.2860000e+00
   2.2860000e+00
   2.2860000e+00
   2.2860000e+00
   2.2860000e+00
   2.2850000e+00
   2.2860000e+00
   2.2850000e+00
   2.2860000e+00
   2.2850000e+00
   2.2850000e+00
   2.2850000e+00
   2.2840000e+00
   2.2850000e+00
   2.2830000e+00
   2.2840000e+00
   2.2830000e+00
   2.2840000e+00
   2.2830000e+00
   2.2830000e+00
   2.2820000e+00
   2.2810000e+00
   2.2810000e+00
   2.2800000e+00
   2.2810000e+00
   2.2800000e+00
   2.2810000e+00
   2.2800000e+00
   2.2800000e+00
   2.2800000e+00
   2.2800000e+00
   2.2800000e+00
   2.2790000e+00
   2.2800000e+00
   2.2790000e+00
   2.2800000e+00
   2.2790000e+00
   2.2800000e+00
   2.2790000e+00
   2.2790000e+00
   2.2790000e+00
   2.2790000e+00
   2.2800000e+00
   2.2780000e+00
   2.2790000e+00
   2.2780000e+00
   2.2790000e+00
   2.2790000e+00
   2.2790000e+00
   2.2790000e+00
   2.2780000e+00
   2.2790000e+00
   2.2780000e+00
   2.2790000e+00
   2.2780000e+00
   2.2780000e+00
   2.2780000e+00
   2.2780000e+00
   2.2780000e+00
   2.2770000e+00
   2.2780000e+00
   2.2770000e+00
   2.2780000e+00
   2.2770000e+00
   2.2780000e+00
   2.2770000e+00
   2.2770000e+00
   2.2770000e+00
   2.2760000e+00
   2.2770000e+00
   2.2760000e+00
   2.2770000e+00
   2.2760000e+00
   2.2770000e+00
   2.2760000e+00
   2.2760000e+00
   2.2760000e+00
   2.2760000e+00
   2.2760000e+00
   2.2750000e+00
   2.2760000e+00
   2.2750000e+00
   2.2760000e+00
   2.2750000e+00
   2.2760000e+00
   2.2750000e+00
   2.2750000e+00
   2.2750000e+00
   2.2750000e+00
   2.2750000e+00
   2.2740000e+00
   2.2750000e+00
   2.2740000e+00
   2.2750000e+00
   2.2740000e+00
   2.2740000e+00
   2.2740000e+00
   2.2740000e+00
   2.2750000e+00
   2.2730000e+00
   2.2740000e+00
   2.2730000e+00
   2.2740000e+00
   2.2730000e+00
   2.2740000e+00
   2.2740000e+00
   2.2730000e+00
   2.2740000e+00
   2.2730000e+00
   2.2740000e+00
   2.2730000e+00
   2.2730000e+00
   2.2720000e+00
   2.2730000e+00
   2.2730000e+00
   2.2720000e+00
   2.2730000e+00
   2.2720000e+00
   2.2730000e+00
   2.2720000e+00
   2.2730000e+00
   2.2720000e+00
   2.2720000e+00
   2.2720000e+00
   2.2720000e+00
   2.2720000e+00
   2.2710000e+00
   2.2720000e+00
   2.2710000e+00
   2.2720000e+00
   2.2710000e+00
   2.2720000e+00
   2.2720000e+00
   2.2720000e+00
   2.2720000e+00
   2.2710000e+00
   2.2720000e+00
   2.2710000e+00
   2.2720000e+00
   2.2720000e+00
   2.2720000e+00
   2.2720000e+00
   2.2720000e+00
   2.2730000e+00
   2.2720000e+00
   2.2730000e+00
   2.2720000e+00
   2.2730000e+00
   2.2720000e+00
   2.2730000e+00
   2.2730000e+00
   2.2730000e+00
   2.2730000e+00
   2.2730000e+00
   2.2730000e+00
   2.2720000e+00
   2.2730000e+00
   2.2720000e+00
   2.2730000e+00
   2.2730000e+00
   2.2730000e+00
   2.2730000e+00
   2.2730000e+00
   2.2730000e+00
   2.2730000e+00
   2.2740000e+00
   2.2730000e+00
   2.2730000e+00
   2.2730000e+00
   2.2730000e+00
   2.2730000e+00
   2.2730000e+00
   2.2730000e+00
   2.2730000e+00
   2.2730000e+00
   2.2720000e+00
   2.2730000e+00
   2.2730000e+00
   2.2730000e+00
   2.2730000e+00
   2.2730000e+00
   2.2730000e+00
   2.2730000e+00
   2.2730000e+00
   2.2720000e+00
   2.2730000e+00
   2.2730000e+00
   2.2730000e+00
   2.2730000e+00
   2.2730000e+00
   2.2730000e+00
   2.2720000e+00
   2.2730000e+00
   2.2720000e+00
   2.2730000e+00
   2.2720000e+00
   2.2730000e+00
   2.2720000e+00
   2.2730000e+00
   2.2730000e+00
   2.2720000e+00
   2.2730000e+00
   2.2720000e+00
   2.2730000e+00
   2.2720000e+00
   2.2730000e+00
   2.2730000e+00
   2.2730000e+00
   2.2730000e+00
   2.2730000e+00
   2.2730000e+00
   2.2720000e+00
   2.2730000e+00
   2.2720000e+00
   2.2730000e+00
   2.2720000e+00
   2.2730000e+00
   2.2730000e+00
   2.2730000e+00
   2.2730000e+00
   2.2720000e+00
   2.2730000e+00
   2.2720000e+00
   2.2730000e+00
   2.2720000e+00
   2.2730000e+00
   2.2730000e+00
   2.2730000e+00
   2.2730000e+00
   2.2720000e+00
   2.2730000e+00
   2.2720000e+00
   2.2730000e+00
   2.2730000e+00
   2.2730000e+00
   2.2730000e+00
   2.2730000e+00
   2.2730000e+00
   2.2730000e+00
   2.2740000e+00
   2.2730000e+00
   2.2740000e+00
   2.2730000e+00
   2.2740000e+00
   2.2730000e+00
   2.2730000e+00
   2.2740000e+00
   2.2730000e+00
   2.2740000e+00
   2.2730000e+00
   2.2740000e+00
   2.2730000e+00
   2.2740000e+00
   2.2740000e+00
   2.2740000e+00
   2.2750000e+00
   2.2740000e+00
   2.2750000e+00
   2.2740000e+00
   2.2750000e+00
   2.2750000e+00
   2.2760000e+00
   2.2750000e+00
   2.2760000e+00
   2.2760000e+00
   2.2760000e+00
   2.2760000e+00
   2.2760000e+00
   2.2770000e+00
   2.2760000e+00
   2.2770000e+00
   2.2760000e+00
   2.2770000e+00
   2.2770000e+00
   2.2770000e+00
   2.2770000e+00
   2.2770000e+00
   2.2780000e+00
   2.2770000e+00
   2.2780000e+00
   2.2780000e+00
   2.2780000e+00
   2.2780000e+00
   2.2780000e+00
   2.2790000e+00
   2.2780000e+00
   2.2790000e+00
   2.2780000e+00
   2.2790000e+00
   2.2780000e+00
   2.2790000e+00
   2.2790000e+00
   2.2790000e+00
   2.2790000e+00
   2.2790000e+00
   2.2790000e+00
   2.2780000e+00
   2.2790000e+00
   2.2780000e+00
   2.2790000e+00
   2.2780000e+00
   2.2780000e+00
   2.2780000e+00
   2.2780000e+00
   2.2780000e+00
   2.2770000e+00
   2.2780000e+00
   2.2760000e+00
   2.2770000e+00
   2.2760000e+00
   2.2770000e+00
   2.2760000e+00
   2.2760000e+00
   2.2760000e+00
   2.2760000e+00
   2.2770000e+00
   2.2760000e+00
   2.2770000e+00
   2.2760000e+00
   2.2760000e+00
   2.2760000e+00
   2.2760000e+00
   2.2770000e+00
   2.2760000e+00
   2.2770000e+00
   2.2760000e+00
   2.2770000e+00
   2.2760000e+00
   2.2770000e+00
   2.2770000e+00
   2.2770000e+00
   2.2770000e+00
   2.2770000e+00
   2.2780000e+00
   2.2770000e+00
   2.2780000e+00
   2.2770000e+00
   2.2780000e+00
   2.2770000e+00
   2.2770000e+00
   2.2770000e+00
   2.2770000e+00
   2.2780000e+00
   2.2770000e+00
   2.2780000e+00
   2.2770000e+00
   2.2780000e+00
   2.2770000e+00
   2.2770000e+00
   2.2770000e+00
   2.2770000e+00
   2.2770000e+00
   2.2770000e+00
   2.2780000e+00
   2.2770000e+00
   2.2780000e+00
   2.2770000e+00
   2.2770000e+00
   2.2770000e+00
   2.2770000e+00
   2.2770000e+00
   2.2770000e+00
   2.2780000e+00
   2.2770000e+00
   2.2780000e+00
   2.2770000e+00
   2.2780000e+00
   2.2770000e+00
   2.2770000e+00
   2.2780000e+00
   2.2770000e+00
   2.2780000e+00
   2.2770000e+00
   2.2780000e+00
   2.2770000e+00
   2.2780000e+00
   2.2780000e+00
   2.2780000e+00
   2.2780000e+00
   2.2780000e+00
   2.2780000e+00
   2.2770000e+00
   2.2780000e+00
   2.2770000e+00
   2.2780000e+00
   2.2780000e+00
   2.2780000e+00
   2.2780000e+00
   2.2780000e+00
   2.2780000e+00
   2.2780000e+00
   2.2780000e+00
   2.2780000e+00
   2.2780000e+00
   2.2780000e+00
   2.2780000e+00
   2.2780000e+00
   2.2780000e+00
   2.2780000e+00
   2.2780000e+00
   2.2790000e+00
   2.2780000e+00
   2.2790000e+00
   2.2780000e+00
   2.2780000e+00
   2.2780000e+00
   2.2780000e+00
   2.2780000e+00
   2.2780000e+00
   2.2790000e+00
   2.2780000e+00
   2.2790000e+00
   2.2780000e+00
   2.2780000e+00
   2.2780000e+00
   2.2780000e+00
   2.2780000e+00
   2.2780000e+00
   2.2790000e+00
   2.2780000e+00
   2.2790000e+00
   2.2780000e+00
   2.2780000e+00
   2.2780000e+00
   2.2780000e+00
   2.2780000e+00
   2.2780000e+00
   2.2780000e+00
   2.2780000e+00
   2.2790000e+00
   2.2780000e+00
   2.2780000e+00
   2.2780000e+00
   2.2780000e+00
   2.2780000e+00
   2.2780000e+00
   2.2780000e+00
   2.2780000e+00
   2.2780000e+00
   2.2770000e+00
   2.2780000e+00
   2.2780000e+00
   2.2780000e+00
   2.2780000e+00
   2.2780000e+00
   2.2780000e+00
   2.2770000e+00
   2.2780000e+00
   2.2770000e+00
   2.2780000e+00
   2.2780000e+00
   2.2780000e+00
   2.2780000e+00
   2.2780000e+00
   2.2780000e+00
   2.2770000e+00
   2.2780000e+00
   2.2770000e+00
   2.2780000e+00
   2.2770000e+00
   2.2780000e+00
   2.2780000e+00
   2.2780000e+00
   2.2780000e+00
   2.2770000e+00
   2.2780000e+00
   2.2770000e+00
   2.2780000e+00
   2.2770000e+00
   2.2780000e+00
   2.2770000e+00
   2.2770000e+00
   2.2770000e+00
   2.2770000e+00
   2.2780000e+00
   2.2770000e+00
   2.2780000e+00
   2.2770000e+00
   2.2770000e+00
   2.2770000e+00
   2.2770000e+00
   2.2770000e+00
   2.2760000e+00
   2.2770000e+00
   2.2760000e+00
   2.2770000e+00
   2.2760000e+00
   2.2770000e+00
   2.2760000e+00
   2.2760000e+00
   2.2760000e+00
   2.2760000e+00
   2.2760000e+00
   2.2750000e+00
   2.2760000e+00
   2.2750000e+00
   2.2760000e+00
   2.2750000e+00
   2.2760000e+00
   2.2760000e+00
   2.2750000e+00
   2.2760000e+00
   2.2750000e+00
   2.2760000e+00
   2.2750000e+00
   2.2760000e+00
   2.2750000e+00
   2.2750000e+00
   2.2750000e+00
   2.2750000e+00
   2.2750000e+00
   2.2740000e+00
   2.2750000e+00
   2.2740000e+00
   2.2750000e+00
   2.2740000e+00
   2.2750000e+00
   2.2740000e+00
   2.2740000e+00
   2.2750000e+00
   2.2740000e+00
   2.2750000e+00
   2.2740000e+00
   2.2750000e+00
   2.2740000e+00
   2.2740000e+00
   2.2740000e+00
   2.2740000e+00
   2.2740000e+00
   2.2730000e+00
   2.2740000e+00
   2.2730000e+00
   2.2740000e+00
   2.2730000e+00
   2.2740000e+00
   2.2730000e+00
   2.2730000e+00
   2.2730000e+00
   2.2730000e+00
   2.2740000e+00
   2.2730000e+00
   2.2740000e+00
   2.2730000e+00
   2.2730000e+00
   2.2730000e+00
   2.2730000e+00
   2.2730000e+00
   2.2730000e+00
   2.2730000e+00
   2.2720000e+00
   2.2730000e+00
   2.2710000e+00
   2.2720000e+00
   2.2710000e+00
   2.2710000e+00
   2.2710000e+00
   2.2700000e+00
   2.2700000e+00
   2.2690000e+00
   2.2700000e+00
   2.2690000e+00
   2.2700000e+00
   2.2690000e+00
   2.2690000e+00
   2.2690000e+00
   2.2690000e+00
   2.2690000e+00
   2.2680000e+00
   2.2690000e+00
   2.2680000e+00
   2.2690000e+00
   2.2680000e+00
   2.2690000e+00
   2.2680000e+00
   2.2680000e+00
   2.2690000e+00
   2.2680000e+00
   2.2690000e+00
   2.2680000e+00
   2.2690000e+00
   2.2680000e+00
   2.2690000e+00
   2.2690000e+00
   2.2690000e+00
   2.2690000e+00
   2.2690000e+00
   2.2690000e+00
   2.2690000e+00
   2.2690000e+00
   2.2690000e+00
   2.2690000e+00
   2.2690000e+00
   2.2690000e+00
   2.2690000e+00
   2.2690000e+00
   2.2700000e+00
   2.2690000e+00
   2.2700000e+00
   2.2690000e+00
   2.2700000e+00
   2.2690000e+00
   2.2700000e+00
   2.2700000e+00
   2.2700000e+00
   2.2700000e+00
   2.2690000e+00
   2.2700000e+00
   2.2690000e+00
   2.2700000e+00
   2.2700000e+00
   2.2700000e+00
   2.2700000e+00
   2.2700000e+00
   2.2700000e+00
   2.2700000e+00
   2.2700000e+00
   2.2700000e+00
   2.2700000e+00
   2.2700000e+00
   2.2700000e+00
   2.2700000e+00
   2.2700000e+00
   2.2700000e+00
   2.2690000e+00
   2.2700000e+00
   2.2690000e+00
   2.2700000e+00
   2.2700000e+00
   2.2700000e+00
   2.2700000e+00
   2.2700000e+00
   2.2700000e+00
   2.2700000e+00
   2.2700000e+00
   2.2690000e+00
   2.2700000e+00
   2.2690000e+00
   2.2700000e+00
   2.2690000e+00
   2.2690000e+00
   2.2690000e+00
   2.2690000e+00
   2.2690000e+00
   2.2680000e+00
   2.2690000e+00
   2.2680000e+00
   2.2690000e+00
   2.2680000e+00
   2.2680000e+00
   2.2680000e+00
   2.2680000e+00
   2.2680000e+00
   2.2670000e+00
   2.2680000e+00
   2.2670000e+00
   2.2680000e+00
   2.2670000e+00
   2.2670000e+00
   2.2670000e+00
   2.2670000e+00
   2.2680000e+00
   2.2670000e+00
   2.2680000e+00
   2.2670000e+00
   2.2670000e+00
   2.2670000e+00
   2.2670000e+00
   2.2670000e+00
   2.2670000e+00
   2.2670000e+00
   2.2660000e+00
   2.2670000e+00
   2.2660000e+00
   2.2670000e+00
   2.2660000e+00
   2.2660000e+00
   2.2660000e+00
   2.2660000e+00
   2.2660000e+00
   2.2660000e+00
   2.2660000e+00
   2.2650000e+00
   2.2660000e+00
   2.2650000e+00
   2.2660000e+00
   2.2660000e+00
   2.2660000e+00
   2.2660000e+00
   2.2650000e+00
   2.2660000e+00
   2.2650000e+00
   2.2660000e+00
   2.2650000e+00
   2.2660000e+00
   2.2660000e+00
   2.2660000e+00
   2.2660000e+00
   2.2650000e+00
   2.2660000e+00
   2.2650000e+00
   2.2660000e+00
   2.2650000e+00
   2.2660000e+00
   2.2660000e+00
   2.2660000e+00
   2.2660000e+00
   2.2650000e+00
   2.2660000e+00
   2.2650000e+00
   2.2660000e+00
   2.2650000e+00
   2.2660000e+00
   2.2650000e+00
   2.2650000e+00
   2.2650000e+00
   2.2650000e+00
   2.2650000e+00
   2.2650000e+00
   2.2650000e+00
   2.2640000e+00
   2.2650000e+00
   2.2650000e+00
   2.2650000e+00
   2.2650000e+00
   2.2640000e+00
   2.2650000e+00
   2.2640000e+00
   2.2650000e+00
   2.2640000e+00
   2.2640000e+00
   2.2640000e+00
   2.2640000e+00
   2.2640000e+00
   2.2630000e+00
   2.2640000e+00
   2.2630000e+00
   2.2640000e+00
   2.2630000e+00
   2.2640000e+00
   2.2630000e+00
   2.2630000e+00
   2.2630000e+00
   2.2630000e+00
   2.2630000e+00
   2.2620000e+00
   2.2630000e+00
   2.2620000e+00
   2.2630000e+00
   2.2620000e+00
   2.2630000e+00
   2.2620000e+00
   2.2620000e+00
   2.2620000e+00
   2.2620000e+00
   2.2620000e+00
   2.2610000e+00
   2.2620000e+00
   2.2610000e+00
   2.2620000e+00
   2.2610000e+00
   2.2610000e+00
   2.2620000e+00
   2.2610000e+00
   2.2620000e+00
   2.2610000e+00
   2.2620000e+00
   2.2610000e+00
   2.2620000e+00
   2.2610000e+00
   2.2610000e+00
   2.2610000e+00
   2.2610000e+00
   2.2620000e+00
   2.2610000e+00
   2.2620000e+00
   2.2610000e+00
   2.2620000e+00
   2.2610000e+00
   2.2610000e+00
   2.2610000e+00
   2.2610000e+00
   2.2610000e+00
   2.2610000e+00
   2.2620000e+00
   2.2610000e+00
   2.2610000e+00
   2.2610000e+00
   2.2610000e+00
   2.2610000e+00
   2.2610000e+00
   2.2610000e+00
   2.2600000e+00
   2.2610000e+00
   2.2600000e+00
   2.2610000e+00
   2.2600000e+00
   2.2610000e+00
   2.2610000e+00
   2.2600000e+00
   2.2610000e+00
   2.2600000e+00
   2.2610000e+00
   2.2600000e+00
   2.2610000e+00
   2.2600000e+00
   2.2600000e+00
   2.2600000e+00
   2.2600000e+00
   2.2600000e+00
   2.2600000e+00
   2.2600000e+00
   2.2590000e+00
   2.2600000e+00
   2.2590000e+00
   2.2600000e+00
   2.2600000e+00
   2.2600000e+00
   2.2600000e+00
   2.2590000e+00
   2.2600000e+00
   2.2590000e+00
   2.2600000e+00
   2.2590000e+00
   2.2590000e+00
   2.2590000e+00
   2.2590000e+00
   2.2590000e+00
   2.2580000e+00
   2.2590000e+00
   2.2580000e+00
   2.2590000e+00
   2.2580000e+00
   2.2580000e+00
   2.2580000e+00
   2.2580000e+00
   2.2580000e+00
   2.2570000e+00
   2.2580000e+00
   2.2570000e+00
   2.2580000e+00
   2.2570000e+00
   2.2580000e+00
   2.2570000e+00
   2.2580000e+00
   2.2580000e+00
   2.2580000e+00
   2.2590000e+00
   2.2590000e+00
   2.2600000e+00
   2.2590000e+00
   2.2590000e+00
   2.2590000e+00
   2.2590000e+00
   2.2590000e+00
   2.2580000e+00
   2.2590000e+00
   2.2580000e+00
   2.2580000e+00
   2.2570000e+00
   2.2580000e+00
   2.2570000e+00
   2.2580000e+00
   2.2570000e+00
   2.2570000e+00
   2.2580000e+00
   2.2570000e+00
   2.2570000e+00
   2.2560000e+00
   2.2570000e+00
   2.2560000e+00
   2.2560000e+00
   2.2560000e+00
   2.2560000e+00
   2.2560000e+00
   2.2550000e+00
   2.2560000e+00
   2.2550000e+00
   2.2560000e+00
   2.2550000e+00
   2.2560000e+00
   2.2560000e+00
   2.2560000e+00
   2.2560000e+00
   2.2560000e+00
   2.2560000e+00
   2.2550000e+00
   2.2560000e+00
   2.2550000e+00
   2.2560000e+00
   2.2560000e+00
   2.2560000e+00
   2.2560000e+00
   2.2550000e+00
   2.2560000e+00
   2.2550000e+00
   2.2560000e+00
   2.2550000e+00
   2.2560000e+00
   2.2550000e+00
   2.2560000e+00
   2.2560000e+00
   2.2560000e+00
   2.2570000e+00
   2.2570000e+00
   2.2580000e+00
   2.2570000e+00
   2.2580000e+00
   2.2570000e+00
   2.2570000e+00
   2.2570000e+00
   2.2570000e+00
   2.2570000e+00
   2.2560000e+00
   2.2570000e+00
   2.2550000e+00
   2.2560000e+00
   2.2550000e+00
   2.2550000e+00
   2.2550000e+00
   2.2540000e+00
   2.2540000e+00
   2.2530000e+00
   2.2530000e+00
   2.2520000e+00
   2.2530000e+00
   2.2520000e+00
   2.2520000e+00
   2.2510000e+00
   2.2510000e+00
   2.2510000e+00
   2.2510000e+00
   2.2510000e+00
   2.2500000e+00
   2.2510000e+00
   2.2500000e+00
   2.2510000e+00
   2.2510000e+00
   2.2510000e+00
   2.2510000e+00
   2.2500000e+00
   2.2510000e+00
   2.2500000e+00
   2.2510000e+00
   2.2500000e+00
   2.2510000e+00
   2.2500000e+00
   2.2500000e+00
   2.2500000e+00
   2.2500000e+00
   2.2510000e+00
   2.2500000e+00
   2.2500000e+00
   2.2490000e+00
   2.2500000e+00
   2.2500000e+00
   2.2500000e+00
   2.2500000e+00
   2.2490000e+00
   2.2500000e+00
   2.2490000e+00
   2.2500000e+00
   2.2490000e+00
   2.2490000e+00
   2.2490000e+00
   2.2490000e+00
   2.2490000e+00
   2.2490000e+00
   2.2490000e+00
   2.2480000e+00
   2.2490000e+00
   2.2480000e+00
   2.2490000e+00
   2.2480000e+00
   2.2490000e+00
   2.2480000e+00
   2.2480000e+00
   2.2480000e+00
   2.2480000e+00
   2.2480000e+00
   2.2470000e+00
   2.2480000e+00
   2.2470000e+00
   2.2480000e+00
   2.2470000e+00
   2.2470000e+00
   2.2470000e+00
   2.2470000e+00
   2.2470000e+00
   2.2460000e+00
   2.2470000e+00
   2.2460000e+00
   2.2470000e+00
   2.2460000e+00
   2.2460000e+00
   2.2460000e+00
   2.2460000e+00
   2.2460000e+00
   2.2450000e+00
   2.2460000e+00
   2.2450000e+00
   2.2460000e+00
   2.2460000e+00
   2.2460000e+00
   2.2460000e+00
   2.2450000e+00
   2.2460000e+00
   2.2450000e+00
   2.2460000e+00
   2.2450000e+00
   2.2460000e+00
   2.2460000e+00
   2.2460000e+00
   2.2460000e+00
   2.2450000e+00
   2.2460000e+00
   2.2450000e+00
   2.2460000e+00
   2.2450000e+00
   2.2450000e+00
   2.2450000e+00
   2.2450000e+00
   2.2450000e+00
   2.2450000e+00
   2.2450000e+00
   2.2440000e+00
   2.2450000e+00
   2.2440000e+00
   2.2450000e+00
   2.2440000e+00
   2.2450000e+00
   2.2440000e+00
   2.2440000e+00
   2.2450000e+00
   2.2440000e+00
   2.2440000e+00
   2.2430000e+00
   2.2440000e+00
   2.2430000e+00
   2.2440000e+00
   2.2440000e+00
   2.2430000e+00
   2.2440000e+00
   2.2430000e+00
   2.2440000e+00
   2.2430000e+00
   2.2440000e+00
   2.2430000e+00
   2.2430000e+00
   2.2430000e+00
   2.2430000e+00
   2.2430000e+00
   2.2430000e+00
   2.2440000e+00
   2.2430000e+00
   2.2440000e+00
   2.2430000e+00
   2.2430000e+00
   2.2430000e+00
   2.2430000e+00
   2.2430000e+00
   2.2420000e+00
   2.2430000e+00
   2.2420000e+00
   2.2420000e+00
   2.2410000e+00
   2.2420000e+00
   2.2410000e+00
   2.2410000e+00
   2.2410000e+00
   2.2410000e+00
   2.2410000e+00
   2.2400000e+00
   2.2410000e+00
   2.2400000e+00
   2.2410000e+00
   2.2400000e+00
   2.2400000e+00
   2.2410000e+00
   2.2400000e+00
   2.2410000e+00
   2.2400000e+00
   2.2410000e+00
   2.2400000e+00
   2.2400000e+00
   2.2400000e+00
   2.2400000e+00
   2.2400000e+00
   2.2400000e+00
   2.2410000e+00
   2.2410000e+00
   2.2420000e+00
   2.2410000e+00
   2.2430000e+00
   2.2420000e+00
   2.2430000e+00
   2.2440000e+00
   2.2440000e+00
   2.2440000e+00
   2.2440000e+00
   2.2450000e+00
   2.2440000e+00
   2.2450000e+00
   2.2450000e+00
   2.2460000e+00
   2.2460000e+00
   2.2460000e+00
   2.2460000e+00
   2.2460000e+00
   2.2460000e+00
   2.2450000e+00
   2.2460000e+00
   2.2450000e+00
   2.2460000e+00
   2.2450000e+00
   2.2450000e+00
   2.2450000e+00
   2.2440000e+00
   2.2450000e+00
   2.2440000e+00
   2.2450000e+00
   2.2440000e+00
   2.2440000e+00
   2.2430000e+00
   2.2430000e+00
   2.2430000e+00
   2.2420000e+00
   2.2420000e+00
   2.2410000e+00
   2.2420000e+00
   2.2410000e+00
   2.2410000e+00
   2.2400000e+00
