   5.5100000e+00
   5.5270000e+00
   5.5450000e+00
   5.5630000e+00
   5.5830000e+00
   5.6020000e+00
   5.6220000e+00
   5.6400000e+00
   5.6580000e+00
   5.6760000e+00
   5.6930000e+00
   5.7100000e+00
   5.7250000e+00
   5.7410000e+00
   5.7560000e+00
   5.7700000e+00
   5.7840000e+00
   5.7960000e+00
   5.8080000e+00
   5.8190000e+00
   5.8290000e+00
   5.8370000e+00
   5.8450000e+00
   5.8520000e+00
   5.8580000e+00
   5.8630000e+00
   5.8680000e+00
   5.8720000e+00
   5.8750000e+00
   5.8780000e+00
   5.8790000e+00
   5.8800000e+00
   5.8800000e+00
   5.8800000e+00
   5.8790000e+00
   5.8780000e+00
   5.8760000e+00
   5.8740000e+00
   5.8720000e+00
   5.8690000e+00
   5.8660000e+00
   5.8620000e+00
   5.8590000e+00
   5.8540000e+00
   5.8500000e+00
   5.8440000e+00
   5.8390000e+00
   5.8320000e+00
   5.8260000e+00
   5.8190000e+00
   5.8130000e+00
   5.8060000e+00
   5.7990000e+00
   5.7920000e+00
   5.7840000e+00
   5.7770000e+00
   5.7690000e+00
   5.7620000e+00
   5.7540000e+00
   5.7470000e+00
   5.7400000e+00
   5.7320000e+00
   5.7250000e+00
   5.7180000e+00
   5.7110000e+00
   5.7040000e+00
   5.6970000e+00
   5.6900000e+00
   5.6830000e+00
   5.6770000e+00
   5.6710000e+00
   5.6640000e+00
   5.6580000e+00
   5.6520000e+00
   5.6450000e+00
   5.6400000e+00
   5.6340000e+00
   5.6280000e+00
   5.6220000e+00
   5.6160000e+00
   5.6110000e+00
   5.6060000e+00
   5.6010000e+00
   5.5950000e+00
   5.5900000e+00
   5.5850000e+00
   5.5810000e+00
   5.5760000e+00
   5.5710000e+00
   5.5670000e+00
   5.5620000e+00
   5.5580000e+00
   5.5540000e+00
   5.5500000e+00
   5.5460000e+00
   5.5420000e+00
   5.5380000e+00
   5.5340000e+00
   5.5310000e+00
   5.5270000e+00
   5.5240000e+00
   5.5200000e+00
   5.5170000e+00
   5.5130000e+00
   5.5100000e+00
   5.5060000e+00
   5.5030000e+00
   5.4990000e+00
   5.4960000e+00
   5.4930000e+00
   5.4890000e+00
   5.4860000e+00
   5.4830000e+00
   5.4800000e+00
   5.4770000e+00
   5.4740000e+00
   5.4710000e+00
   5.4680000e+00
   5.4650000e+00
   5.4620000e+00
   5.4600000e+00
   5.4560000e+00
   5.4540000e+00
   5.4510000e+00
   5.4490000e+00
   5.4460000e+00
   5.4430000e+00
   5.4400000e+00
   5.4380000e+00
   5.4350000e+00
   5.4320000e+00
   5.4300000e+00
   5.4270000e+00
   5.4250000e+00
   5.4220000e+00
   5.4200000e+00
   5.4180000e+00
   5.4150000e+00
   5.4130000e+00
   5.4100000e+00
   5.4080000e+00
   5.4060000e+00
   5.4040000e+00
   5.4010000e+00
   5.3990000e+00
   5.3970000e+00
   5.3940000e+00
   5.3930000e+00
   5.3910000e+00
   5.3890000e+00
   5.3870000e+00
   5.3850000e+00
   5.3830000e+00
   5.3810000e+00
   5.3790000e+00
   5.3770000e+00
   5.3750000e+00
   5.3730000e+00
   5.3710000e+00
   5.3690000e+00
   5.3670000e+00
   5.3650000e+00
   5.3640000e+00
   5.3620000e+00
   5.3600000e+00
   5.3580000e+00
   5.3560000e+00
   5.3550000e+00
   5.3530000e+00
   5.3510000e+00
   5.3490000e+00
   5.3480000e+00
   5.3460000e+00
   5.3440000e+00
   5.3430000e+00
   5.3410000e+00
   5.3390000e+00
   5.3370000e+00
   5.3360000e+00
   5.3340000e+00
   5.3330000e+00
   5.3310000e+00
   5.3300000e+00
   5.3280000e+00
   5.3260000e+00
   5.3250000e+00
   5.3230000e+00
   5.3210000e+00
   5.3190000e+00
   5.3180000e+00
   5.3160000e+00
   5.3140000e+00
   5.3130000e+00
   5.3110000e+00
   5.3090000e+00
   5.3070000e+00
   5.3060000e+00
   5.3050000e+00
   5.3030000e+00
   5.3020000e+00
   5.3010000e+00
   5.3000000e+00
   5.2980000e+00
   5.2970000e+00
   5.2960000e+00
   5.2950000e+00
   5.2940000e+00
   5.2940000e+00
   5.2930000e+00
   5.2920000e+00
   5.2910000e+00
   5.2910000e+00
   5.2900000e+00
   5.2900000e+00
   5.2900000e+00
   5.2890000e+00
   5.2890000e+00
   5.2880000e+00
   5.2880000e+00
   5.2870000e+00
   5.2870000e+00
   5.2870000e+00
   5.2860000e+00
   5.2860000e+00
   5.2850000e+00
   5.2850000e+00
   5.2840000e+00
   5.2840000e+00
   5.2830000e+00
   5.2830000e+00
   5.2820000e+00
   5.2810000e+00
   5.2810000e+00
   5.2800000e+00
   5.2800000e+00
   5.2780000e+00
   5.2780000e+00
   5.2770000e+00
   5.2760000e+00
   5.2750000e+00
   5.2740000e+00
   5.2740000e+00
   5.2720000e+00
   5.2720000e+00
   5.2710000e+00
   5.2700000e+00
   5.2690000e+00
   5.2680000e+00
   5.2670000e+00
   5.2650000e+00
   5.2650000e+00
   5.2630000e+00
   5.2630000e+00
   5.2610000e+00
   5.2600000e+00
   5.2590000e+00
   5.2580000e+00
   5.2570000e+00
   5.2560000e+00
   5.2560000e+00
   5.2550000e+00
   5.2540000e+00
   5.2530000e+00
   5.2530000e+00
   5.2530000e+00
   5.2530000e+00
   5.2540000e+00
   5.2540000e+00
   5.2550000e+00
   5.2570000e+00
   5.2590000e+00
   5.2600000e+00
   5.2630000e+00
   5.2660000e+00
   5.2700000e+00
   5.2740000e+00
   5.2780000e+00
   5.2840000e+00
   5.2890000e+00
   5.2960000e+00
   5.3020000e+00
   5.3100000e+00
   5.3180000e+00
   5.3260000e+00
   5.3350000e+00
   5.3430000e+00
   5.3520000e+00
   5.3610000e+00
   5.3710000e+00
   5.3800000e+00
   5.3890000e+00
   5.3970000e+00
   5.4060000e+00
   5.4150000e+00
   5.4230000e+00
   5.4310000e+00
   5.4380000e+00
   5.4460000e+00
   5.4520000e+00
   5.4590000e+00
   5.4640000e+00
   5.4690000e+00
   5.4730000e+00
   5.4780000e+00
   5.4820000e+00
   5.4850000e+00
   5.4880000e+00
   5.4900000e+00
   5.4920000e+00
   5.4940000e+00
   5.4950000e+00
   5.4950000e+00
   5.4960000e+00
   5.4960000e+00
   5.4950000e+00
   5.4950000e+00
   5.4930000e+00
   5.4920000e+00
   5.4900000e+00
   5.4890000e+00
   5.4860000e+00
   5.4840000e+00
   5.4810000e+00
   5.4780000e+00
   5.4740000e+00
   5.4710000e+00
   5.4670000e+00
   5.4630000e+00
   5.4590000e+00
   5.4560000e+00
   5.4520000e+00
   5.4470000e+00
   5.4430000e+00
   5.4390000e+00
   5.4340000e+00
   5.4300000e+00
   5.4250000e+00
   5.4210000e+00
   5.4170000e+00
   5.4130000e+00
   5.4080000e+00
   5.4040000e+00
   5.3990000e+00
   5.3950000e+00
   5.3900000e+00
   5.3860000e+00
   5.3820000e+00
   5.3770000e+00
   5.3740000e+00
   5.3690000e+00
   5.3650000e+00
   5.3610000e+00
   5.3580000e+00
   5.3540000e+00
   5.3500000e+00
   5.3460000e+00
   5.3420000e+00
   5.3390000e+00
   5.3350000e+00
   5.3320000e+00
   5.3290000e+00
   5.3250000e+00
   5.3220000e+00
   5.3190000e+00
   5.3160000e+00
   5.3130000e+00
   5.3100000e+00
   5.3060000e+00
   5.3040000e+00
   5.3000000e+00
   5.2980000e+00
   5.2950000e+00
   5.2920000e+00
   5.2900000e+00
   5.2870000e+00
   5.2850000e+00
   5.2820000e+00
   5.2800000e+00
   5.2780000e+00
   5.2760000e+00
   5.2750000e+00
   5.2740000e+00
   5.2730000e+00
   5.2720000e+00
   5.2720000e+00
   5.2720000e+00
   5.2720000e+00
   5.2730000e+00
   5.2740000e+00
   5.2750000e+00
   5.2770000e+00
   5.2790000e+00
   5.2810000e+00
   5.2840000e+00
   5.2860000e+00
   5.2900000e+00
   5.2930000e+00
   5.2960000e+00
   5.3000000e+00
   5.3040000e+00
   5.3080000e+00
   5.3120000e+00
   5.3160000e+00
   5.3200000e+00
   5.3260000e+00
   5.3300000e+00
   5.3360000e+00
   5.3410000e+00
   5.3480000e+00
   5.3540000e+00
   5.3610000e+00
   5.3680000e+00
   5.3760000e+00
   5.3840000e+00
   5.3920000e+00
   5.4020000e+00
   5.4110000e+00
   5.4210000e+00
   5.4310000e+00
   5.4410000e+00
   5.4520000e+00
   5.4630000e+00
   5.4730000e+00
   5.4830000e+00
   5.4930000e+00
   5.5020000e+00
   5.5110000e+00
   5.5190000e+00
   5.5270000e+00
   5.5340000e+00
   5.5400000e+00
   5.5470000e+00
   5.5520000e+00
   5.5570000e+00
   5.5610000e+00
   5.5650000e+00
   5.5680000e+00
   5.5710000e+00
   5.5730000e+00
   5.5750000e+00
   5.5780000e+00
   5.5790000e+00
   5.5800000e+00
   5.5810000e+00
   5.5820000e+00
   5.5820000e+00
   5.5820000e+00
   5.5810000e+00
   5.5800000e+00
   5.5800000e+00
   5.5780000e+00
   5.5770000e+00
   5.5750000e+00
   5.5730000e+00
   5.5700000e+00
   5.5680000e+00
   5.5650000e+00
   5.5610000e+00
   5.5580000e+00
   5.5540000e+00
   5.5500000e+00
   5.5460000e+00
   5.5420000e+00
   5.5370000e+00
   5.5330000e+00
   5.5280000e+00
   5.5230000e+00
   5.5180000e+00
   5.5130000e+00
   5.5080000e+00
   5.5030000e+00
   5.4980000e+00
   5.4930000e+00
   5.4880000e+00
   5.4830000e+00
   5.4780000e+00
   5.4730000e+00
   5.4680000e+00
   5.4630000e+00
   5.4580000e+00
   5.4530000e+00
   5.4490000e+00
   5.4440000e+00
   5.4400000e+00
   5.4360000e+00
   5.4310000e+00
   5.4270000e+00
   5.4220000e+00
   5.4170000e+00
   5.4130000e+00
   5.4080000e+00
   5.4040000e+00
   5.3990000e+00
   5.3940000e+00
   5.3900000e+00
   5.3860000e+00
   5.3810000e+00
   5.3770000e+00
   5.3730000e+00
   5.3680000e+00
   5.3650000e+00
   5.3600000e+00
   5.3560000e+00
   5.3530000e+00
   5.3490000e+00
   5.3450000e+00
   5.3420000e+00
   5.3380000e+00
   5.3350000e+00
   5.3320000e+00
   5.3280000e+00
   5.3250000e+00
   5.3220000e+00
   5.3190000e+00
   5.3160000e+00
   5.3130000e+00
   5.3110000e+00
   5.3090000e+00
   5.3060000e+00
   5.3030000e+00
   5.3010000e+00
   5.2990000e+00
   5.2960000e+00
   5.2940000e+00
   5.2920000e+00
   5.2890000e+00
   5.2870000e+00
   5.2850000e+00
   5.2830000e+00
   5.2810000e+00
   5.2790000e+00
   5.2770000e+00
   5.2750000e+00
   5.2730000e+00
   5.2710000e+00
   5.2690000e+00
   5.2680000e+00
   5.2660000e+00
   5.2640000e+00
   5.2620000e+00
   5.2600000e+00
   5.2580000e+00
   5.2560000e+00
   5.2540000e+00
   5.2520000e+00
   5.2510000e+00
   5.2490000e+00
   5.2470000e+00
   5.2450000e+00
   5.2430000e+00
   5.2410000e+00
   5.2390000e+00
   5.2370000e+00
   5.2350000e+00
   5.2330000e+00
   5.2310000e+00
   5.2300000e+00
   5.2270000e+00
   5.2260000e+00
   5.2240000e+00
   5.2220000e+00
   5.2200000e+00
   5.2190000e+00
   5.2180000e+00
   5.2160000e+00
   5.2140000e+00
   5.2120000e+00
   5.2110000e+00
   5.2090000e+00
   5.2070000e+00
   5.2060000e+00
   5.2040000e+00
   5.2030000e+00
   5.2010000e+00
   5.1990000e+00
   5.1970000e+00
   5.1950000e+00
   5.1940000e+00
   5.1920000e+00
   5.1900000e+00
   5.1890000e+00
   5.1870000e+00
   5.1850000e+00
   5.1840000e+00
   5.1820000e+00
   5.1800000e+00
   5.1780000e+00
   5.1770000e+00
   5.1750000e+00
   5.1740000e+00
   5.1720000e+00
   5.1710000e+00
   5.1690000e+00
   5.1670000e+00
   5.1660000e+00
   5.1640000e+00
   5.1630000e+00
   5.1610000e+00
   5.1590000e+00
   5.1580000e+00
   5.1560000e+00
   5.1550000e+00
   5.1530000e+00
   5.1510000e+00
   5.1500000e+00
   5.1480000e+00
   5.1470000e+00
   5.1450000e+00
   5.1440000e+00
   5.1420000e+00
   5.1410000e+00
   5.1390000e+00
   5.1380000e+00
   5.1370000e+00
   5.1360000e+00
   5.1340000e+00
   5.1330000e+00
   5.1320000e+00
   5.1300000e+00
   5.1290000e+00
   5.1280000e+00
   5.1270000e+00
   5.1250000e+00
   5.1240000e+00
   5.1220000e+00
   5.1210000e+00
   5.1200000e+00
   5.1180000e+00
   5.1170000e+00
   5.1160000e+00
   5.1140000e+00
   5.1130000e+00
   5.1120000e+00
   5.1100000e+00
   5.1090000e+00
   5.1080000e+00
   5.1070000e+00
   5.1060000e+00
   5.1040000e+00
   5.1030000e+00
   5.1020000e+00
   5.1010000e+00
   5.1000000e+00
   5.0990000e+00
   5.0990000e+00
   5.0980000e+00
   5.0970000e+00
   5.0960000e+00
   5.0970000e+00
   5.0960000e+00
   5.0950000e+00
   5.0930000e+00
   5.0930000e+00
   5.0910000e+00
   5.0910000e+00
   5.0900000e+00
   5.0900000e+00
   5.0900000e+00
   5.0900000e+00
   5.0910000e+00
   5.0910000e+00
   5.0920000e+00
   5.0920000e+00
   5.0930000e+00
   5.0940000e+00
   5.0930000e+00
   5.0880000e+00
   5.0800000e+00
   5.0700000e+00
   5.0600000e+00
   5.0570000e+00
   5.0540000e+00
   5.0490000e+00
   5.0450000e+00
   5.0430000e+00
   5.0430000e+00
   5.0450000e+00
   5.0490000e+00
   5.0510000e+00
   5.0500000e+00
   5.0490000e+00
   5.0510000e+00
   5.0530000e+00
   5.0630000e+00
   5.0720000e+00
   5.0750000e+00
   5.0770000e+00
   5.0740000e+00
   5.0730000e+00
   5.0720000e+00
   5.0710000e+00
   5.0750000e+00
   5.0810000e+00
   5.0890000e+00
   5.0920000e+00
   5.0960000e+00
   5.1000000e+00
   5.0980000e+00
   5.0970000e+00
   5.0970000e+00
   5.0970000e+00
   5.0980000e+00
   5.0980000e+00
   5.0980000e+00
   5.0980000e+00
   5.0990000e+00
   5.0990000e+00
   5.0990000e+00
   5.1000000e+00
   5.0990000e+00
   5.1000000e+00
   5.1000000e+00
   5.1000000e+00
   5.1000000e+00
   5.1000000e+00
   5.1000000e+00
   5.1000000e+00
   5.1000000e+00
   5.0990000e+00
   5.1000000e+00
   5.0990000e+00
   5.0990000e+00
   5.0990000e+00
   5.0990000e+00
   5.0990000e+00
   5.0980000e+00
   5.0980000e+00
   5.0970000e+00
   5.0970000e+00
   5.0960000e+00
   5.0950000e+00
   5.0950000e+00
   5.0940000e+00
   5.0930000e+00
   5.0930000e+00
   5.0920000e+00
   5.0910000e+00
   5.0900000e+00
   5.0890000e+00
   5.0890000e+00
   5.0880000e+00
   5.0860000e+00
   5.0860000e+00
   5.0850000e+00
   5.0840000e+00
   5.0820000e+00
   5.0820000e+00
   5.0800000e+00
   5.0790000e+00
   5.0780000e+00
   5.0770000e+00
   5.0750000e+00
   5.0740000e+00
   5.0730000e+00
   5.0710000e+00
   5.0700000e+00
   5.0680000e+00
   5.0670000e+00
   5.0650000e+00
   5.0640000e+00
   5.0620000e+00
   5.0610000e+00
   5.0590000e+00
   5.0580000e+00
   5.0570000e+00
   5.0550000e+00
   5.0540000e+00
   5.0520000e+00
   5.0510000e+00
   5.0500000e+00
   5.0490000e+00
   5.0480000e+00
   5.0470000e+00
   5.0460000e+00
   5.0450000e+00
   5.0440000e+00
   5.0430000e+00
   5.0430000e+00
   5.0420000e+00
   5.0410000e+00
   5.0400000e+00
   5.0390000e+00
   5.0390000e+00
   5.0380000e+00
   5.0380000e+00
   5.0370000e+00
   5.0370000e+00
   5.0360000e+00
   5.0350000e+00
   5.0350000e+00
   5.0340000e+00
   5.0340000e+00
   5.0330000e+00
   5.0330000e+00
   5.0320000e+00
   5.0310000e+00
   5.0310000e+00
   5.0300000e+00
   5.0290000e+00
   5.0280000e+00
   5.0280000e+00
   5.0270000e+00
   5.0260000e+00
   5.0250000e+00
   5.0240000e+00
   5.0230000e+00
   5.0220000e+00
   5.0210000e+00
   5.0190000e+00
   5.0190000e+00
   5.0170000e+00
   5.0160000e+00
   5.0150000e+00
   5.0140000e+00
   5.0130000e+00
   5.0110000e+00
   5.0100000e+00
   5.0090000e+00
   5.0080000e+00
   5.0060000e+00
   5.0050000e+00
   5.0040000e+00
   5.0030000e+00
   5.0010000e+00
   5.0000000e+00
   4.9990000e+00
   4.9970000e+00
   4.9960000e+00
   4.9950000e+00
   4.9940000e+00
   4.9920000e+00
   4.9910000e+00
   4.9890000e+00
   4.9880000e+00
   4.9870000e+00
   4.9860000e+00
   4.9850000e+00
   4.9830000e+00
   4.9820000e+00
   4.9810000e+00
   4.9800000e+00
   4.9790000e+00
   4.9780000e+00
   4.9760000e+00
   4.9750000e+00
   4.9750000e+00
   4.9730000e+00
   4.9730000e+00
   4.9710000e+00
   4.9710000e+00
   4.9690000e+00
   4.9690000e+00
   4.9680000e+00
   4.9670000e+00
   4.9660000e+00
   4.9650000e+00
   4.9640000e+00
   4.9630000e+00
   4.9620000e+00
   4.9610000e+00
   4.9600000e+00
   4.9590000e+00
   4.9580000e+00
   4.9570000e+00
   4.9560000e+00
   4.9550000e+00
   4.9540000e+00
   4.9530000e+00
   4.9520000e+00
   4.9520000e+00
   4.9510000e+00
   4.9500000e+00
   4.9490000e+00
   4.9480000e+00
   4.9470000e+00
   4.9460000e+00
   4.9450000e+00
   4.9440000e+00
   4.9440000e+00
   4.9430000e+00
   4.9420000e+00
   4.9410000e+00
   4.9400000e+00
   4.9390000e+00
   4.9380000e+00
   4.9370000e+00
   4.9360000e+00
   4.9350000e+00
   4.9340000e+00
   4.9330000e+00
   4.9320000e+00
   4.9310000e+00
   4.9310000e+00
   4.9290000e+00
   4.9290000e+00
   4.9270000e+00
   4.9270000e+00
   4.9260000e+00
   4.9250000e+00
   4.9240000e+00
   4.9230000e+00
   4.9220000e+00
   4.9210000e+00
   4.9210000e+00
   4.9190000e+00
   4.9190000e+00
   4.9180000e+00
   4.9170000e+00
   4.9160000e+00
   4.9150000e+00
   4.9150000e+00
   4.9140000e+00
   4.9130000e+00
   4.9120000e+00
   4.9110000e+00
   4.9100000e+00
   4.9100000e+00
   4.9090000e+00
   4.9080000e+00
   4.9070000e+00
   4.9060000e+00
   4.9050000e+00
   4.9040000e+00
   4.9030000e+00
   4.9020000e+00
   4.9020000e+00
   4.9010000e+00
   4.9000000e+00
   4.8990000e+00
   4.8980000e+00
   4.8980000e+00
   4.8970000e+00
   4.8960000e+00
   4.8950000e+00
   4.8950000e+00
   4.8950000e+00
   4.8940000e+00
   4.8940000e+00
   4.8940000e+00
   4.8930000e+00
   4.8930000e+00
   4.8930000e+00
   4.8930000e+00
   4.8930000e+00
   4.8930000e+00
   4.8930000e+00
   4.8940000e+00
   4.8940000e+00
   4.8940000e+00
   4.8940000e+00
   4.8950000e+00
   4.8950000e+00
   4.8960000e+00
   4.8960000e+00
   4.8960000e+00
   4.8970000e+00
   4.8970000e+00
   4.8970000e+00
   4.8970000e+00
   4.8980000e+00
   4.8980000e+00
   4.8990000e+00
   4.8990000e+00
   4.8990000e+00
   4.8990000e+00
   4.8990000e+00
   4.9000000e+00
   4.9000000e+00
   4.9000000e+00
   4.9000000e+00
   4.9000000e+00
   4.9000000e+00
   4.9000000e+00
   4.9000000e+00
   4.9000000e+00
   4.9000000e+00
   4.9000000e+00
   4.9000000e+00
   4.9000000e+00
   4.9010000e+00
   4.9010000e+00
   4.9010000e+00
   4.9010000e+00
   4.9010000e+00
   4.9010000e+00
   4.9010000e+00
   4.9010000e+00
   4.9010000e+00
   4.9010000e+00
   4.9010000e+00
   4.9010000e+00
   4.9000000e+00
   4.9000000e+00
   4.9000000e+00
   4.9000000e+00
   4.9000000e+00
   4.9000000e+00
   4.9000000e+00
   4.8990000e+00
   4.8990000e+00
   4.8980000e+00
   4.8980000e+00
   4.8980000e+00
   4.8970000e+00
   4.8970000e+00
   4.8970000e+00
   4.8960000e+00
   4.8960000e+00
   4.8950000e+00
   4.8950000e+00
   4.8940000e+00
   4.8940000e+00
   4.8930000e+00
   4.8930000e+00
   4.8930000e+00
   4.8930000e+00
   4.8920000e+00
   4.8920000e+00
   4.8920000e+00
   4.8920000e+00
   4.8920000e+00
   4.8920000e+00
   4.8930000e+00
   4.8930000e+00
   4.8940000e+00
   4.8950000e+00
   4.8960000e+00
   4.8960000e+00
   4.8980000e+00
   4.8990000e+00
   4.9010000e+00
   4.9020000e+00
   4.9040000e+00
   4.9050000e+00
   4.9070000e+00
   4.9090000e+00
   4.9110000e+00
   4.9130000e+00
   4.9150000e+00
   4.9170000e+00
   4.9190000e+00
   4.9210000e+00
   4.9240000e+00
   4.9250000e+00
   4.9280000e+00
   4.9290000e+00
   4.9320000e+00
   4.9330000e+00
   4.9350000e+00
   4.9370000e+00
   4.9380000e+00
   4.9400000e+00
   4.9400000e+00
   4.9420000e+00
   4.9420000e+00
   4.9430000e+00
   4.9430000e+00
   4.9440000e+00
   4.9440000e+00
   4.9440000e+00
   4.9440000e+00
   4.9430000e+00
   4.9430000e+00
   4.9420000e+00
   4.9420000e+00
   4.9410000e+00
   4.9400000e+00
   4.9390000e+00
   4.9380000e+00
   4.9370000e+00
   4.9360000e+00
   4.9340000e+00
   4.9330000e+00
   4.9310000e+00
   4.9290000e+00
   4.9280000e+00
   4.9260000e+00
   4.9240000e+00
   4.9230000e+00
   4.9210000e+00
   4.9190000e+00
   4.9170000e+00
   4.9150000e+00
   4.9130000e+00
   4.9110000e+00
   4.9090000e+00
   4.9070000e+00
   4.9060000e+00
   4.9030000e+00
   4.9020000e+00
   4.9000000e+00
   4.8980000e+00
   4.8960000e+00
   4.8940000e+00
   4.8920000e+00
   4.8910000e+00
   4.8890000e+00
   4.8870000e+00
   4.8860000e+00
   4.8840000e+00
   4.8830000e+00
   4.8810000e+00
   4.8800000e+00
   4.8780000e+00
   4.8770000e+00
   4.8760000e+00
   4.8750000e+00
   4.8740000e+00
   4.8720000e+00
   4.8710000e+00
   4.8700000e+00
   4.8690000e+00
   4.8680000e+00
   4.8670000e+00
   4.8660000e+00
   4.8650000e+00
   4.8640000e+00
   4.8630000e+00
   4.8620000e+00
   4.8610000e+00
   4.8600000e+00
   4.8590000e+00
   4.8580000e+00
   4.8570000e+00
   4.8560000e+00
   4.8550000e+00
   4.8530000e+00
   4.8530000e+00
   4.8510000e+00
   4.8510000e+00
   4.8490000e+00
   4.8490000e+00
   4.8470000e+00
   4.8460000e+00
   4.8450000e+00
   4.8440000e+00
   4.8430000e+00
   4.8420000e+00
   4.8410000e+00
   4.8400000e+00
   4.8390000e+00
   4.8380000e+00
   4.8370000e+00
   4.8360000e+00
   4.8350000e+00
   4.8340000e+00
   4.8330000e+00
   4.8320000e+00
   4.8310000e+00
   4.8300000e+00
   4.8280000e+00
   4.8270000e+00
   4.8260000e+00
   4.8250000e+00
   4.8240000e+00
   4.8220000e+00
   4.8210000e+00
   4.8200000e+00
   4.8190000e+00
   4.8180000e+00
   4.8170000e+00
   4.8160000e+00
   4.8150000e+00
   4.8140000e+00
   4.8130000e+00
   4.8120000e+00
   4.8110000e+00
   4.8100000e+00
   4.8090000e+00
   4.8080000e+00
   4.8070000e+00
   4.8060000e+00
   4.8050000e+00
   4.8040000e+00
   4.8030000e+00
   4.8020000e+00
   4.8020000e+00
   4.8000000e+00
   4.8000000e+00
   4.7990000e+00
   4.7980000e+00
   4.7970000e+00
   4.7960000e+00
   4.7950000e+00
   4.7940000e+00
   4.7930000e+00
   4.7920000e+00
   4.7910000e+00
   4.7900000e+00
   4.7890000e+00
   4.7880000e+00
   4.7870000e+00
   4.7860000e+00
   4.7850000e+00
   4.7850000e+00
   4.7840000e+00
   4.7830000e+00
   4.7820000e+00
   4.7810000e+00
   4.7800000e+00
   4.7800000e+00
   4.7790000e+00
   4.7780000e+00
   4.7770000e+00
   4.7760000e+00
   4.7760000e+00
   4.7750000e+00
   4.7740000e+00
   4.7730000e+00
   4.7730000e+00
   4.7720000e+00
   4.7710000e+00
   4.7710000e+00
   4.7700000e+00
   4.7690000e+00
   4.7680000e+00
   4.7670000e+00
   4.7660000e+00
   4.7660000e+00
   4.7650000e+00
   4.7640000e+00
   4.7630000e+00
   4.7620000e+00
   4.7620000e+00
   4.7610000e+00
   4.7600000e+00
   4.7590000e+00
   4.7590000e+00
   4.7580000e+00
   4.7570000e+00
   4.7570000e+00
   4.7560000e+00
   4.7560000e+00
   4.7550000e+00
   4.7550000e+00
   4.7540000e+00
   4.7540000e+00
   4.7540000e+00
   4.7530000e+00
   4.7530000e+00
   4.7520000e+00
   4.7520000e+00
   4.7520000e+00
   4.7510000e+00
   4.7510000e+00
   4.7510000e+00
   4.7500000e+00
   4.7500000e+00
   4.7490000e+00
   4.7490000e+00
   4.7490000e+00
   4.7480000e+00
   4.7480000e+00
   4.7470000e+00
   4.7470000e+00
   4.7460000e+00
   4.7460000e+00
   4.7450000e+00
   4.7450000e+00
   4.7450000e+00
   4.7440000e+00
   4.7440000e+00
   4.7430000e+00
   4.7430000e+00
   4.7430000e+00
   4.7420000e+00
   4.7420000e+00
   4.7410000e+00
   4.7420000e+00
   4.7410000e+00
   4.7410000e+00
   4.7410000e+00
   4.7410000e+00
   4.7410000e+00
   4.7410000e+00
   4.7410000e+00
   4.7410000e+00
   4.7410000e+00
   4.7410000e+00
   4.7410000e+00
   4.7410000e+00
   4.7410000e+00
   4.7410000e+00
   4.7410000e+00
   4.7410000e+00
   4.7410000e+00
   4.7420000e+00
   4.7410000e+00
   4.7420000e+00
   4.7420000e+00
   4.7420000e+00
   4.7420000e+00
   4.7420000e+00
   4.7420000e+00
   4.7410000e+00
   4.7410000e+00
   4.7410000e+00
   4.7410000e+00
   4.7410000e+00
   4.7410000e+00
   4.7400000e+00
   4.7400000e+00
   4.7400000e+00
   4.7400000e+00
   4.7390000e+00
   4.7390000e+00
   4.7390000e+00
   4.7380000e+00
   4.7380000e+00
   4.7370000e+00
   4.7370000e+00
   4.7370000e+00
   4.7360000e+00
   4.7360000e+00
   4.7350000e+00
   4.7350000e+00
   4.7350000e+00
   4.7340000e+00
   4.7340000e+00
   4.7330000e+00
   4.7330000e+00
   4.7330000e+00
   4.7320000e+00
   4.7320000e+00
   4.7320000e+00
   4.7310000e+00
   4.7310000e+00
   4.7310000e+00
   4.7310000e+00
   4.7300000e+00
   4.7300000e+00
   4.7300000e+00
   4.7300000e+00
   4.7300000e+00
   4.7290000e+00
   4.7290000e+00
   4.7290000e+00
   4.7290000e+00
   4.7290000e+00
   4.7290000e+00
   4.7290000e+00
   4.7290000e+00
   4.7290000e+00
   4.7290000e+00
   4.7290000e+00
   4.7290000e+00
   4.7290000e+00
   4.7290000e+00
   4.7290000e+00
   4.7290000e+00
   4.7280000e+00
   4.7280000e+00
   4.7280000e+00
   4.7280000e+00
   4.7270000e+00
   4.7270000e+00
   4.7270000e+00
   4.7260000e+00
   4.7260000e+00
   4.7260000e+00
   4.7250000e+00
   4.7250000e+00
   4.7240000e+00
   4.7240000e+00
   4.7230000e+00
   4.7220000e+00
   4.7220000e+00
   4.7210000e+00
   4.7200000e+00
   4.7200000e+00
   4.7190000e+00
   4.7180000e+00
   4.7170000e+00
   4.7170000e+00
   4.7160000e+00
   4.7150000e+00
   4.7140000e+00
   4.7140000e+00
   4.7130000e+00
   4.7120000e+00
   4.7120000e+00
   4.7110000e+00
   4.7100000e+00
   4.7090000e+00
   4.7080000e+00
   4.7080000e+00
   4.7070000e+00
   4.7060000e+00
   4.7050000e+00
   4.7050000e+00
   4.7040000e+00
   4.7030000e+00
   4.7020000e+00
   4.7010000e+00
   4.7010000e+00
   4.7000000e+00
   4.6990000e+00
   4.6980000e+00
   4.6970000e+00
   4.6970000e+00
   4.6960000e+00
   4.6950000e+00
   4.6950000e+00
   4.6940000e+00
   4.6930000e+00
   4.6920000e+00
   4.6910000e+00
   4.6910000e+00
   4.6900000e+00
   4.6890000e+00
   4.6880000e+00
   4.6880000e+00
   4.6870000e+00
   4.6860000e+00
   4.6860000e+00
   4.6850000e+00
   4.6840000e+00
   4.6830000e+00
   4.6830000e+00
   4.6820000e+00
   4.6810000e+00
   4.6800000e+00
   4.6800000e+00
   4.6790000e+00
   4.6780000e+00
   4.6780000e+00
   4.6760000e+00
   4.6760000e+00
   4.6750000e+00
   4.6750000e+00
   4.6740000e+00
   4.6730000e+00
   4.6720000e+00
   4.6720000e+00
   4.6710000e+00
   4.6700000e+00
   4.6700000e+00
   4.6690000e+00
   4.6680000e+00
   4.6670000e+00
   4.6670000e+00
   4.6660000e+00
   4.6650000e+00
   4.6650000e+00
   4.6640000e+00
   4.6630000e+00
   4.6630000e+00
   4.6620000e+00
   4.6610000e+00
   4.6610000e+00
   4.6600000e+00
   4.6590000e+00
   4.6590000e+00
   4.6580000e+00
   4.6580000e+00
   4.6570000e+00
   4.6560000e+00
   4.6560000e+00
   4.6550000e+00
   4.6540000e+00
   4.6540000e+00
   4.6540000e+00
   4.6530000e+00
   4.6520000e+00
   4.6520000e+00
   4.6510000e+00
   4.6500000e+00
   4.6500000e+00
   4.6490000e+00
   4.6490000e+00
   4.6480000e+00
   4.6480000e+00
   4.6470000e+00
   4.6460000e+00
   4.6460000e+00
   4.6450000e+00
   4.6450000e+00
   4.6440000e+00
   4.6430000e+00
   4.6430000e+00
   4.6420000e+00
   4.6420000e+00
   4.6410000e+00
   4.6400000e+00
   4.6400000e+00
   4.6390000e+00
   4.6380000e+00
   4.6380000e+00
   4.6370000e+00
   4.6370000e+00
   4.6360000e+00
   4.6350000e+00
   4.6350000e+00
   4.6340000e+00
   4.6340000e+00
   4.6330000e+00
   4.6330000e+00
   4.6320000e+00
   4.6320000e+00
   4.6310000e+00
   4.6300000e+00
   4.6300000e+00
   4.6290000e+00
   4.6290000e+00
   4.6280000e+00
   4.6270000e+00
   4.6270000e+00
   4.6260000e+00
   4.6260000e+00
   4.6250000e+00
   4.6250000e+00
   4.6240000e+00
   4.6230000e+00
   4.6230000e+00
   4.6220000e+00
   4.6220000e+00
   4.6210000e+00
   4.6210000e+00
   4.6200000e+00
   4.6200000e+00
   4.6190000e+00
   4.6180000e+00
   4.6180000e+00
   4.6170000e+00
   4.6170000e+00
   4.6160000e+00
   4.6160000e+00
   4.6150000e+00
   4.6150000e+00
   4.6140000e+00
   4.6140000e+00
   4.6130000e+00
   4.6130000e+00
   4.6120000e+00
   4.6120000e+00
   4.6110000e+00
   4.6110000e+00
   4.6100000e+00
   4.6100000e+00
   4.6090000e+00
   4.6090000e+00
   4.6080000e+00
   4.6080000e+00
   4.6070000e+00
   4.6070000e+00
   4.6060000e+00
   4.6060000e+00
   4.6050000e+00
   4.6050000e+00
   4.6040000e+00
   4.6040000e+00
   4.6030000e+00
   4.6030000e+00
   4.6020000e+00
   4.6020000e+00
   4.6020000e+00
   4.6010000e+00
   4.6010000e+00
   4.6000000e+00
   4.5990000e+00
   4.5990000e+00
   4.5990000e+00
   4.5980000e+00
   4.5980000e+00
   4.5970000e+00
   4.5970000e+00
   4.5960000e+00
   4.5960000e+00
   4.5950000e+00
   4.5950000e+00
   4.5940000e+00
   4.5940000e+00
   4.5930000e+00
   4.5930000e+00
   4.5920000e+00
   4.5920000e+00
   4.5910000e+00
   4.5910000e+00
   4.5910000e+00
   4.5900000e+00
   4.5900000e+00
   4.5890000e+00
   4.5890000e+00
   4.5880000e+00
   4.5880000e+00
   4.5870000e+00
   4.5870000e+00
   4.5870000e+00
   4.5860000e+00
   4.5860000e+00
   4.5850000e+00
   4.5850000e+00
   4.5840000e+00
   4.5840000e+00
   4.5830000e+00
   4.5830000e+00
   4.5830000e+00
   4.5820000e+00
   4.5820000e+00
   4.5810000e+00
   4.5810000e+00
   4.5810000e+00
   4.5810000e+00
   4.5800000e+00
   4.5800000e+00
   4.5800000e+00
   4.5790000e+00
   4.5790000e+00
   4.5790000e+00
   4.5790000e+00
   4.5780000e+00
   4.5780000e+00
   4.5780000e+00
   4.5770000e+00
   4.5770000e+00
   4.5770000e+00
   4.5760000e+00
   4.5760000e+00
   4.5760000e+00
   4.5750000e+00
   4.5750000e+00
   4.5740000e+00
   4.5740000e+00
   4.5730000e+00
   4.5730000e+00
   4.5730000e+00
   4.5720000e+00
   4.5720000e+00
   4.5710000e+00
   4.5710000e+00
   4.5700000e+00
   4.5700000e+00
   4.5700000e+00
   4.5690000e+00
   4.5690000e+00
   4.5680000e+00
   4.5680000e+00
   4.5670000e+00
   4.5670000e+00
   4.5660000e+00
   4.5660000e+00
   4.5650000e+00
   4.5650000e+00
   4.5650000e+00
   4.5640000e+00
   4.5640000e+00
   4.5630000e+00
   4.5630000e+00
   4.5620000e+00
   4.5620000e+00
   4.5610000e+00
   4.5610000e+00
   4.5600000e+00
   4.5590000e+00
   4.5590000e+00
   4.5580000e+00
   4.5580000e+00
   4.5570000e+00
   4.5570000e+00
   4.5560000e+00
   4.5560000e+00
   4.5560000e+00
   4.5550000e+00
   4.5550000e+00
   4.5540000e+00
   4.5540000e+00
   4.5530000e+00
   4.5530000e+00
   4.5530000e+00
   4.5520000e+00
   4.5520000e+00
   4.5510000e+00
   4.5510000e+00
   4.5500000e+00
   4.5500000e+00
   4.5490000e+00
   4.5490000e+00
   4.5490000e+00
   4.5480000e+00
   4.5480000e+00
   4.5470000e+00
   4.5470000e+00
   4.5460000e+00
   4.5460000e+00
   4.5450000e+00
   4.5450000e+00
   4.5440000e+00
   4.5440000e+00
   4.5430000e+00
   4.5430000e+00
   4.5430000e+00
   4.5420000e+00
   4.5420000e+00
   4.5410000e+00
   4.5410000e+00
   4.5400000e+00
   4.5400000e+00
   4.5400000e+00
   4.5390000e+00
   4.5390000e+00
   4.5380000e+00
   4.5380000e+00
   4.5380000e+00
   4.5370000e+00
   4.5370000e+00
   4.5370000e+00
   4.5360000e+00
   4.5360000e+00
   4.5350000e+00
   4.5350000e+00
   4.5350000e+00
   4.5340000e+00
   4.5340000e+00
   4.5330000e+00
   4.5330000e+00
   4.5320000e+00
   4.5320000e+00
   4.5320000e+00
   4.5310000e+00
   4.5310000e+00
   4.5300000e+00
   4.5300000e+00
   4.5300000e+00
   4.5300000e+00
   4.5290000e+00
   4.5290000e+00
   4.5290000e+00
   4.5280000e+00
   4.5280000e+00
   4.5280000e+00
   4.5280000e+00
   4.5280000e+00
   4.5270000e+00
   4.5270000e+00
   4.5270000e+00
   4.5270000e+00
   4.5270000e+00
   4.5270000e+00
   4.5270000e+00
   4.5270000e+00
   4.5260000e+00
   4.5270000e+00
   4.5260000e+00
   4.5260000e+00
   4.5260000e+00
   4.5260000e+00
   4.5260000e+00
   4.5260000e+00
   4.5260000e+00
   4.5260000e+00
   4.5260000e+00
   4.5260000e+00
   4.5260000e+00
   4.5260000e+00
   4.5260000e+00
   4.5260000e+00
   4.5250000e+00
   4.5260000e+00
   4.5250000e+00
   4.5250000e+00
   4.5250000e+00
   4.5250000e+00
   4.5250000e+00
   4.5250000e+00
   4.5250000e+00
   4.5240000e+00
   4.5240000e+00
   4.5240000e+00
   4.5240000e+00
   4.5240000e+00
   4.5240000e+00
   4.5230000e+00
   4.5230000e+00
   4.5230000e+00
   4.5220000e+00
   4.5220000e+00
   4.5220000e+00
   4.5220000e+00
   4.5220000e+00
   4.5220000e+00
   4.5210000e+00
   4.5210000e+00
   4.5220000e+00
   4.5210000e+00
   4.5220000e+00
   4.5220000e+00
   4.5220000e+00
   4.5220000e+00
   4.5230000e+00
   4.5240000e+00
   4.5240000e+00
   4.5250000e+00
   4.5260000e+00
   4.5270000e+00
   4.5280000e+00
   4.5290000e+00
   4.5300000e+00
   4.5320000e+00
   4.5330000e+00
   4.5340000e+00
   4.5360000e+00
   4.5380000e+00
   4.5390000e+00
   4.5410000e+00
   4.5430000e+00
   4.5440000e+00
   4.5460000e+00
   4.5480000e+00
   4.5490000e+00
   4.5510000e+00
   4.5530000e+00
   4.5540000e+00
   4.5560000e+00
   4.5580000e+00
   4.5590000e+00
   4.5610000e+00
   4.5630000e+00
   4.5650000e+00
   4.5670000e+00
   4.5700000e+00
   4.5720000e+00
   4.5750000e+00
   4.5780000e+00
   4.5810000e+00
   4.5850000e+00
   4.5890000e+00
   4.5920000e+00
   4.5970000e+00
   4.6000000e+00
   4.6050000e+00
   4.6090000e+00
   4.6130000e+00
   4.6170000e+00
   4.6220000e+00
   4.6260000e+00
   4.6300000e+00
   4.6350000e+00
   4.6390000e+00
   4.6440000e+00
   4.6480000e+00
   4.6530000e+00
   4.6580000e+00
   4.6630000e+00
   4.6690000e+00
   4.6750000e+00
   4.6810000e+00
   4.6870000e+00
   4.6940000e+00
   4.7010000e+00
   4.7080000e+00
   4.7150000e+00
   4.7220000e+00
   4.7300000e+00
   4.7370000e+00
   4.7450000e+00
   4.7520000e+00
   4.7600000e+00
   4.7670000e+00
   4.7750000e+00
   4.7820000e+00
   4.7900000e+00
   4.7970000e+00
   4.8040000e+00
   4.8110000e+00
   4.8180000e+00
   4.8250000e+00
   4.8330000e+00
   4.8410000e+00
   4.8490000e+00
   4.8560000e+00
   4.8620000e+00
   4.8670000e+00
   4.8720000e+00
   4.8760000e+00
   4.8800000e+00
   4.8830000e+00
   4.8860000e+00
   4.8870000e+00
   4.8890000e+00
   4.8900000e+00
   4.8910000e+00
   4.8910000e+00
   4.8910000e+00
   4.8910000e+00
   4.8900000e+00
   4.8890000e+00
   4.8880000e+00
   4.8870000e+00
   4.8850000e+00
   4.8830000e+00
   4.8810000e+00
   4.8790000e+00
   4.8760000e+00
   4.8730000e+00
   4.8710000e+00
   4.8670000e+00
   4.8640000e+00
   4.8610000e+00
   4.8570000e+00
   4.8540000e+00
   4.8500000e+00
   4.8460000e+00
   4.8430000e+00
   4.8390000e+00
   4.8350000e+00
   4.8320000e+00
   4.8280000e+00
   4.8240000e+00
   4.8200000e+00
   4.8160000e+00
   4.8120000e+00
   4.8080000e+00
   4.8040000e+00
   4.8000000e+00
   4.7960000e+00
   4.7920000e+00
   4.7880000e+00
   4.7840000e+00
   4.7800000e+00
   4.7770000e+00
   4.7730000e+00
   4.7700000e+00
   4.7660000e+00
   4.7630000e+00
   4.7590000e+00
   4.7560000e+00
   4.7530000e+00
   4.7490000e+00
   4.7460000e+00
   4.7430000e+00
   4.7400000e+00
   4.7370000e+00
   4.7340000e+00
   4.7310000e+00
   4.7280000e+00
   4.7250000e+00
   4.7230000e+00
   4.7200000e+00
   4.7180000e+00
   4.7160000e+00
   4.7130000e+00
   4.7110000e+00
   4.7080000e+00
   4.7060000e+00
   4.7040000e+00
   4.7020000e+00
   4.7000000e+00
   4.6980000e+00
   4.6960000e+00
   4.6940000e+00
   4.6920000e+00
   4.6890000e+00
   4.6880000e+00
   4.6850000e+00
   4.6840000e+00
   4.6820000e+00
   4.6800000e+00
   4.6780000e+00
   4.6760000e+00
   4.6750000e+00
   4.6730000e+00
   4.6710000e+00
   4.6690000e+00
   4.6670000e+00
   4.6660000e+00
   4.6640000e+00
   4.6620000e+00
   4.6610000e+00
   4.6590000e+00
   4.6570000e+00
   4.6560000e+00
   4.6540000e+00
   4.6530000e+00
   4.6520000e+00
   4.6500000e+00
   4.6490000e+00
   4.6470000e+00
   4.6460000e+00
   4.6440000e+00
   4.6430000e+00
   4.6420000e+00
   4.6400000e+00
   4.6390000e+00
   4.6380000e+00
   4.6360000e+00
   4.6350000e+00
   4.6340000e+00
   4.6330000e+00
   4.6320000e+00
   4.6300000e+00
   4.6290000e+00
   4.6280000e+00
   4.6270000e+00
   4.6260000e+00
   4.6240000e+00
   4.6230000e+00
   4.6220000e+00
   4.6210000e+00
   4.6200000e+00
   4.6190000e+00
   4.6170000e+00
   4.6160000e+00
   4.6150000e+00
   4.6140000e+00
   4.6130000e+00
   4.6120000e+00
   4.6110000e+00
   4.6100000e+00
   4.6090000e+00
   4.6080000e+00
   4.6070000e+00
   4.6060000e+00
   4.6050000e+00
   4.6040000e+00
   4.6030000e+00
   4.6020000e+00
   4.6010000e+00
   4.6000000e+00
   4.5990000e+00
   4.5980000e+00
   4.5970000e+00
   4.5960000e+00
   4.5950000e+00
   4.5940000e+00
   4.5930000e+00
   4.5920000e+00
   4.5920000e+00
   4.5910000e+00
   4.5900000e+00
   4.5890000e+00
   4.5880000e+00
   4.5870000e+00
   4.5860000e+00
   4.5850000e+00
   4.5840000e+00
   4.5840000e+00
   4.5830000e+00
   4.5820000e+00
   4.5810000e+00
   4.5800000e+00
   4.5790000e+00
   4.5780000e+00
   4.5780000e+00
   4.5770000e+00
   4.5760000e+00
   4.5750000e+00
   4.5750000e+00
   4.5740000e+00
   4.5730000e+00
   4.5720000e+00
   4.5720000e+00
   4.5710000e+00
   4.5700000e+00
   4.5700000e+00
   4.5690000e+00
   4.5680000e+00
   4.5680000e+00
   4.5670000e+00
   4.5660000e+00
   4.5650000e+00
   4.5650000e+00
   4.5640000e+00
   4.5640000e+00
   4.5630000e+00
   4.5620000e+00
   4.5620000e+00
   4.5610000e+00
   4.5600000e+00
   4.5600000e+00
   4.5590000e+00
   4.5580000e+00
   4.5580000e+00
   4.5570000e+00
   4.5560000e+00
   4.5560000e+00
   4.5550000e+00
   4.5540000e+00
   4.5530000e+00
   4.5530000e+00
   4.5520000e+00
   4.5520000e+00
   4.5510000e+00
   4.5510000e+00
   4.5500000e+00
   4.5490000e+00
   4.5490000e+00
   4.5480000e+00
   4.5480000e+00
   4.5470000e+00
   4.5470000e+00
   4.5460000e+00
   4.5450000e+00
   4.5450000e+00
   4.5440000e+00
   4.5440000e+00
   4.5430000e+00
   4.5420000e+00
   4.5420000e+00
   4.5410000e+00
   4.5410000e+00
   4.5400000e+00
   4.5400000e+00
   4.5390000e+00
   4.5390000e+00
   4.5380000e+00
   4.5380000e+00
   4.5370000e+00
   4.5370000e+00
   4.5360000e+00
   4.5350000e+00
   4.5350000e+00
   4.5340000e+00
   4.5340000e+00
   4.5330000e+00
   4.5330000e+00
   4.5320000e+00
   4.5310000e+00
   4.5310000e+00
   4.5300000e+00
   4.5290000e+00
   4.5290000e+00
   4.5280000e+00
   4.5280000e+00
   4.5270000e+00
   4.5270000e+00
   4.5260000e+00
   4.5250000e+00
   4.5250000e+00
   4.5240000e+00
   4.5240000e+00
   4.5240000e+00
   4.5230000e+00
   4.5220000e+00
   4.5220000e+00
   4.5210000e+00
   4.5210000e+00
   4.5200000e+00
   4.5200000e+00
   4.5190000e+00
   4.5180000e+00
   4.5180000e+00
   4.5170000e+00
   4.5170000e+00
   4.5160000e+00
   4.5150000e+00
   4.5150000e+00
   4.5140000e+00
   4.5140000e+00
   4.5130000e+00
   4.5120000e+00
   4.5120000e+00
   4.5110000e+00
   4.5110000e+00
   4.5100000e+00
   4.5100000e+00
   4.5090000e+00
   4.5090000e+00
   4.5080000e+00
   4.5080000e+00
   4.5070000e+00
   4.5070000e+00
   4.5060000e+00
   4.5060000e+00
   4.5050000e+00
   4.5050000e+00
   4.5040000e+00
   4.5040000e+00
   4.5030000e+00
   4.5030000e+00
   4.5020000e+00
   4.5020000e+00
   4.5010000e+00
   4.5010000e+00
   4.5000000e+00
   4.5000000e+00
   4.4990000e+00
   4.4990000e+00
   4.4980000e+00
   4.4980000e+00
   4.4970000e+00
   4.4970000e+00
   4.4960000e+00
   4.4960000e+00
   4.4950000e+00
   4.4950000e+00
   4.4940000e+00
   4.4940000e+00
   4.4930000e+00
   4.4930000e+00
   4.4920000e+00
   4.4920000e+00
   4.4910000e+00
   4.4910000e+00
   4.4900000e+00
   4.4900000e+00
   4.4900000e+00
   4.4890000e+00
   4.4890000e+00
   4.4880000e+00
   4.4880000e+00
   4.4870000e+00
   4.4870000e+00
   4.4870000e+00
   4.4860000e+00
   4.4860000e+00
   4.4850000e+00
   4.4850000e+00
   4.4840000e+00
   4.4840000e+00
   4.4840000e+00
   4.4830000e+00
   4.4830000e+00
   4.4820000e+00
   4.4820000e+00
   4.4810000e+00
   4.4810000e+00
   4.4810000e+00
   4.4810000e+00
   4.4800000e+00
   4.4800000e+00
   4.4790000e+00
   4.4790000e+00
   4.4790000e+00
   4.4780000e+00
   4.4780000e+00
   4.4770000e+00
   4.4770000e+00
   4.4770000e+00
   4.4770000e+00
   4.4760000e+00
   4.4760000e+00
   4.4760000e+00
   4.4750000e+00
   4.4750000e+00
   4.4740000e+00
   4.4740000e+00
   4.4740000e+00
   4.4730000e+00
   4.4730000e+00
   4.4730000e+00
   4.4720000e+00
   4.4720000e+00
   4.4720000e+00
   4.4710000e+00
   4.4710000e+00
   4.4700000e+00
   4.4700000e+00
   4.4690000e+00
   4.4690000e+00
   4.4690000e+00
   4.4680000e+00
   4.4680000e+00
   4.4670000e+00
   4.4670000e+00
   4.4670000e+00
   4.4660000e+00
   4.4660000e+00
   4.4650000e+00
   4.4650000e+00
   4.4640000e+00
   4.4640000e+00
   4.4640000e+00
   4.4630000e+00
   4.4630000e+00
   4.4630000e+00
   4.4620000e+00
   4.4620000e+00
   4.4610000e+00
   4.4610000e+00
   4.4600000e+00
   4.4600000e+00
   4.4600000e+00
   4.4590000e+00
   4.4590000e+00
   4.4590000e+00
   4.4580000e+00
   4.4580000e+00
   4.4570000e+00
   4.4570000e+00
   4.4560000e+00
   4.4560000e+00
   4.4560000e+00
   4.4550000e+00
   4.4550000e+00
   4.4540000e+00
   4.4540000e+00
   4.4540000e+00
   4.4530000e+00
   4.4530000e+00
   4.4530000e+00
   4.4520000e+00
   4.4520000e+00
   4.4520000e+00
   4.4510000e+00
   4.4510000e+00
   4.4500000e+00
   4.4500000e+00
   4.4500000e+00
   4.4500000e+00
   4.4490000e+00
   4.4490000e+00
   4.4490000e+00
   4.4480000e+00
   4.4480000e+00
   4.4480000e+00
   4.4480000e+00
   4.4480000e+00
   4.4480000e+00
   4.4480000e+00
   4.4480000e+00
   4.4480000e+00
   4.4490000e+00
   4.4490000e+00
   4.4500000e+00
   4.4500000e+00
   4.4510000e+00
   4.4510000e+00
   4.4520000e+00
   4.4530000e+00
   4.4530000e+00
   4.4540000e+00
   4.4550000e+00
   4.4560000e+00
   4.4570000e+00
   4.4580000e+00
   4.4590000e+00
   4.4600000e+00
   4.4610000e+00
   4.4620000e+00
   4.4630000e+00
   4.4640000e+00
   4.4650000e+00
   4.4660000e+00
   4.4670000e+00
   4.4680000e+00
   4.4690000e+00
   4.4710000e+00
   4.4720000e+00
   4.4740000e+00
   4.4750000e+00
   4.4770000e+00
   4.4790000e+00
   4.4800000e+00
   4.4820000e+00
   4.4840000e+00
   4.4860000e+00
   4.4880000e+00
   4.4910000e+00
   4.4930000e+00
   4.4950000e+00
   4.4980000e+00
   4.5010000e+00
   4.5030000e+00
   4.5060000e+00
   4.5090000e+00
   4.5110000e+00
   4.5140000e+00
   4.5160000e+00
   4.5190000e+00
   4.5210000e+00
   4.5240000e+00
   4.5260000e+00
   4.5280000e+00
   4.5300000e+00
   4.5330000e+00
   4.5350000e+00
   4.5370000e+00
   4.5380000e+00
   4.5400000e+00
   4.5420000e+00
   4.5430000e+00
   4.5450000e+00
   4.5460000e+00
   4.5480000e+00
   4.5490000e+00
   4.5510000e+00
   4.5530000e+00
   4.5540000e+00
   4.5550000e+00
   4.5570000e+00
   4.5580000e+00
   4.5590000e+00
   4.5600000e+00
   4.5600000e+00
   4.5610000e+00
   4.5620000e+00
   4.5620000e+00
   4.5620000e+00
   4.5630000e+00
   4.5630000e+00
   4.5630000e+00
   4.5620000e+00
   4.5620000e+00
   4.5620000e+00
   4.5610000e+00
   4.5610000e+00
   4.5600000e+00
   4.5600000e+00
   4.5590000e+00
   4.5590000e+00
   4.5580000e+00
   4.5570000e+00
   4.5560000e+00
   4.5560000e+00
   4.5550000e+00
   4.5540000e+00
   4.5540000e+00
   4.5530000e+00
   4.5520000e+00
   4.5510000e+00
   4.5510000e+00
   4.5500000e+00
   4.5490000e+00
   4.5480000e+00
   4.5470000e+00
   4.5470000e+00
   4.5460000e+00
   4.5450000e+00
   4.5440000e+00
   4.5430000e+00
   4.5420000e+00
   4.5410000e+00
   4.5410000e+00
   4.5390000e+00
   4.5390000e+00
   4.5380000e+00
   4.5370000e+00
   4.5360000e+00
   4.5350000e+00
   4.5340000e+00
   4.5330000e+00
   4.5320000e+00
   4.5310000e+00
   4.5300000e+00
   4.5290000e+00
   4.5280000e+00
   4.5270000e+00
   4.5260000e+00
   4.5250000e+00
   4.5240000e+00
   4.5230000e+00
   4.5220000e+00
   4.5220000e+00
   4.5200000e+00
   4.5200000e+00
   4.5190000e+00
   4.5180000e+00
   4.5160000e+00
   4.5160000e+00
   4.5140000e+00
   4.5130000e+00
   4.5120000e+00
   4.5110000e+00
   4.5100000e+00
   4.5090000e+00
   4.5080000e+00
   4.5070000e+00
   4.5060000e+00
   4.5050000e+00
   4.5040000e+00
   4.5030000e+00
   4.5010000e+00
   4.5010000e+00
   4.5000000e+00
   4.4990000e+00
   4.4970000e+00
   4.4960000e+00
   4.4950000e+00
   4.4940000e+00
   4.4940000e+00
   4.4920000e+00
   4.4920000e+00
   4.4900000e+00
   4.4890000e+00
   4.4880000e+00
   4.4880000e+00
   4.4870000e+00
   4.4860000e+00
   4.4850000e+00
   4.4840000e+00
   4.4830000e+00
   4.4820000e+00
   4.4810000e+00
   4.4800000e+00
   4.4790000e+00
   4.4790000e+00
   4.4780000e+00
   4.4770000e+00
   4.4760000e+00
   4.4750000e+00
   4.4740000e+00
   4.4740000e+00
   4.4730000e+00
   4.4720000e+00
   4.4710000e+00
   4.4700000e+00
   4.4690000e+00
   4.4680000e+00
   4.4680000e+00
   4.4670000e+00
   4.4660000e+00
   4.4650000e+00
   4.4650000e+00
   4.4640000e+00
   4.4630000e+00
   4.4630000e+00
   4.4620000e+00
   4.4610000e+00
   4.4600000e+00
   4.4600000e+00
   4.4590000e+00
   4.4590000e+00
   4.4580000e+00
   4.4570000e+00
   4.4570000e+00
   4.4560000e+00
   4.4550000e+00
   4.4540000e+00
   4.4540000e+00
   4.4530000e+00
   4.4520000e+00
   4.4520000e+00
   4.4510000e+00
   4.4500000e+00
   4.4500000e+00
   4.4490000e+00
   4.4480000e+00
   4.4480000e+00
   4.4470000e+00
   4.4460000e+00
   4.4460000e+00
   4.4450000e+00
   4.4440000e+00
   4.4440000e+00
   4.4430000e+00
   4.4420000e+00
   4.4420000e+00
   4.4410000e+00
   4.4410000e+00
   4.4400000e+00
   4.4400000e+00
   4.4390000e+00
   4.4380000e+00
   4.4380000e+00
   4.4370000e+00
   4.4370000e+00
   4.4360000e+00
   4.4360000e+00
   4.4350000e+00
   4.4350000e+00
   4.4340000e+00
   4.4330000e+00
   4.4330000e+00
   4.4320000e+00
   4.4320000e+00
   4.4310000e+00
   4.4310000e+00
   4.4300000e+00
   4.4300000e+00
   4.4290000e+00
   4.4280000e+00
   4.4280000e+00
   4.4270000e+00
   4.4270000e+00
   4.4260000e+00
   4.4260000e+00
   4.4250000e+00
   4.4250000e+00
   4.4240000e+00
   4.4240000e+00
   4.4230000e+00
   4.4220000e+00
   4.4220000e+00
   4.4210000e+00
   4.4210000e+00
   4.4210000e+00
   4.4200000e+00
   4.4200000e+00
   4.4190000e+00
   4.4190000e+00
   4.4180000e+00
   4.4180000e+00
   4.4170000e+00
   4.4170000e+00
   4.4160000e+00
   4.4160000e+00
   4.4150000e+00
   4.4150000e+00
   4.4140000e+00
   4.4140000e+00
   4.4130000e+00
   4.4130000e+00
   4.4120000e+00
   4.4120000e+00
   4.4110000e+00
   4.4110000e+00
   4.4100000e+00
   4.4100000e+00
   4.4090000e+00
   4.4090000e+00
   4.4080000e+00
   4.4080000e+00
   4.4080000e+00
   4.4070000e+00
   4.4070000e+00
   4.4060000e+00
   4.4060000e+00
   4.4060000e+00
   4.4050000e+00
   4.4050000e+00
   4.4040000e+00
   4.4040000e+00
   4.4040000e+00
   4.4030000e+00
   4.4030000e+00
   4.4020000e+00
   4.4020000e+00
   4.4020000e+00
   4.4010000e+00
   4.4010000e+00
   4.4000000e+00
   4.4000000e+00
   4.3990000e+00
   4.3990000e+00
   4.3990000e+00
   4.3980000e+00
   4.3980000e+00
   4.3980000e+00
   4.3970000e+00
   4.3970000e+00
   4.3970000e+00
   4.3960000e+00
   4.3960000e+00
   4.3950000e+00
   4.3950000e+00
   4.3950000e+00
   4.3940000e+00
   4.3940000e+00
   4.3930000e+00
   4.3930000e+00
   4.3930000e+00
   4.3920000e+00
   4.3920000e+00
   4.3920000e+00
   4.3910000e+00
   4.3910000e+00
   4.3910000e+00
   4.3900000e+00
   4.3900000e+00
   4.3890000e+00
   4.3890000e+00
   4.3890000e+00
   4.3890000e+00
   4.3890000e+00
   4.3880000e+00
   4.3880000e+00
   4.3870000e+00
   4.3870000e+00
   4.3870000e+00
   4.3870000e+00
   4.3870000e+00
   4.3870000e+00
   4.3870000e+00
   4.3870000e+00
   4.3880000e+00
   4.3880000e+00
   4.3880000e+00
   4.3890000e+00
   4.3900000e+00
   4.3910000e+00
   4.3930000e+00
   4.3950000e+00
   4.3970000e+00
   4.3990000e+00
   4.4020000e+00
   4.4050000e+00
   4.4080000e+00
   4.4120000e+00
   4.4170000e+00
   4.4220000e+00
   4.4270000e+00
   4.4330000e+00
   4.4390000e+00
   4.4460000e+00
   4.4530000e+00
   4.4600000e+00
   4.4680000e+00
   4.4760000e+00
   4.4830000e+00
   4.4920000e+00
   4.5000000e+00
   4.5090000e+00
   4.5180000e+00
   4.5260000e+00
   4.5350000e+00
   4.5440000e+00
   4.5520000e+00
   4.5600000e+00
   4.5680000e+00
   4.5750000e+00
   4.5820000e+00
   4.5890000e+00
   4.5960000e+00
   4.6020000e+00
   4.6080000e+00
   4.6130000e+00
   4.6180000e+00
   4.6230000e+00
   4.6270000e+00
   4.6320000e+00
   4.6360000e+00
   4.6390000e+00
   4.6420000e+00
   4.6450000e+00
   4.6470000e+00
   4.6480000e+00
   4.6500000e+00
   4.6500000e+00
   4.6510000e+00
   4.6510000e+00
   4.6510000e+00
   4.6510000e+00
   4.6510000e+00
   4.6500000e+00
   4.6490000e+00
   4.6490000e+00
   4.6480000e+00
   4.6470000e+00
   4.6460000e+00
   4.6460000e+00
   4.6450000e+00
   4.6450000e+00
   4.6440000e+00
   4.6440000e+00
   4.6440000e+00
   4.6430000e+00
   4.6430000e+00
   4.6430000e+00
   4.6430000e+00
   4.6430000e+00
   4.6430000e+00
   4.6440000e+00
   4.6440000e+00
   4.6440000e+00
   4.6440000e+00
   4.6450000e+00
   4.6450000e+00
   4.6460000e+00
   4.6460000e+00
   4.6460000e+00
   4.6460000e+00
   4.6450000e+00
   4.6450000e+00
   4.6440000e+00
   4.6440000e+00
   4.6430000e+00
   4.6420000e+00
   4.6400000e+00
   4.6390000e+00
   4.6380000e+00
   4.6360000e+00
   4.6340000e+00
   4.6320000e+00
   4.6300000e+00
   4.6280000e+00
   4.6260000e+00
   4.6230000e+00
   4.6210000e+00
   4.6190000e+00
   4.6170000e+00
   4.6140000e+00
   4.6120000e+00
   4.6100000e+00
   4.6070000e+00
   4.6050000e+00
   4.6020000e+00
   4.6000000e+00
   4.5980000e+00
   4.5960000e+00
   4.5940000e+00
   4.5920000e+00
   4.5900000e+00
   4.5880000e+00
   4.5860000e+00
   4.5840000e+00
   4.5820000e+00
   4.5800000e+00
   4.5780000e+00
   4.5750000e+00
   4.5730000e+00
   4.5710000e+00
   4.5690000e+00
   4.5670000e+00
   4.5650000e+00
   4.5630000e+00
   4.5610000e+00
   4.5590000e+00
   4.5570000e+00
   4.5550000e+00
   4.5530000e+00
   4.5510000e+00
   4.5490000e+00
   4.5470000e+00
   4.5460000e+00
   4.5440000e+00
   4.5430000e+00
   4.5410000e+00
   4.5390000e+00
   4.5380000e+00
   4.5360000e+00
   4.5350000e+00
   4.5330000e+00
   4.5320000e+00
   4.5300000e+00
   4.5290000e+00
   4.5280000e+00
   4.5270000e+00
   4.5260000e+00
   4.5240000e+00
   4.5230000e+00
   4.5220000e+00
   4.5210000e+00
   4.5190000e+00
   4.5180000e+00
   4.5170000e+00
   4.5160000e+00
   4.5150000e+00
   4.5140000e+00
   4.5130000e+00
   4.5110000e+00
   4.5100000e+00
   4.5090000e+00
   4.5080000e+00
   4.5070000e+00
   4.5060000e+00
   4.5050000e+00
   4.5040000e+00
   4.5030000e+00
   4.5020000e+00
   4.5010000e+00
   4.5000000e+00
   4.4990000e+00
   4.4990000e+00
   4.4980000e+00
   4.4970000e+00
   4.4960000e+00
   4.4960000e+00
   4.4950000e+00
   4.4950000e+00
   4.4940000e+00
   4.4940000e+00
   4.4930000e+00
   4.4930000e+00
   4.4930000e+00
   4.4920000e+00
   4.4920000e+00
   4.4920000e+00
   4.4920000e+00
   4.4910000e+00
   4.4910000e+00
   4.4910000e+00
   4.4910000e+00
   4.4910000e+00
   4.4900000e+00
   4.4910000e+00
   4.4900000e+00
   4.4900000e+00
   4.4900000e+00
   4.4900000e+00
   4.4900000e+00
   4.4900000e+00
   4.4900000e+00
   4.4900000e+00
   4.4900000e+00
   4.4890000e+00
   4.4890000e+00
   4.4890000e+00
   4.4890000e+00
   4.4890000e+00
   4.4880000e+00
   4.4880000e+00
   4.4880000e+00
   4.4870000e+00
   4.4870000e+00
   4.4870000e+00
   4.4860000e+00
   4.4860000e+00
   4.4850000e+00
   4.4850000e+00
   4.4840000e+00
   4.4840000e+00
   4.4830000e+00
   4.4820000e+00
   4.4820000e+00
   4.4810000e+00
   4.4810000e+00
   4.4800000e+00
   4.4800000e+00
   4.4790000e+00
   4.4790000e+00
   4.4780000e+00
   4.4770000e+00
   4.4770000e+00
   4.4760000e+00
   4.4750000e+00
   4.4750000e+00
   4.4740000e+00
   4.4730000e+00
   4.4720000e+00
   4.4720000e+00
   4.4710000e+00
   4.4700000e+00
   4.4700000e+00
   4.4690000e+00
   4.4680000e+00
   4.4670000e+00
   4.4670000e+00
   4.4660000e+00
   4.4650000e+00
   4.4650000e+00
   4.4640000e+00
   4.4630000e+00
   4.4630000e+00
   4.4620000e+00
   4.4620000e+00
   4.4610000e+00
   4.4610000e+00
   4.4610000e+00
   4.4600000e+00
   4.4600000e+00
   4.4590000e+00
   4.4590000e+00
   4.4590000e+00
   4.4580000e+00
   4.4580000e+00
   4.4570000e+00
   4.4570000e+00
   4.4570000e+00
   4.4570000e+00
   4.4560000e+00
   4.4560000e+00
   4.4560000e+00
   4.4550000e+00
   4.4550000e+00
   4.4550000e+00
   4.4550000e+00
   4.4540000e+00
   4.4540000e+00
   4.4540000e+00
   4.4540000e+00
   4.4530000e+00
   4.4530000e+00
   4.4530000e+00
   4.4520000e+00
   4.4520000e+00
   4.4510000e+00
   4.4510000e+00
   4.4510000e+00
   4.4500000e+00
   4.4500000e+00
   4.4490000e+00
   4.4490000e+00
   4.4490000e+00
   4.4480000e+00
   4.4480000e+00
   4.4470000e+00
   4.4470000e+00
   4.4460000e+00
   4.4460000e+00
   4.4450000e+00
   4.4450000e+00
   4.4450000e+00
   4.4440000e+00
   4.4440000e+00
   4.4440000e+00
   4.4430000e+00
   4.4430000e+00
   4.4430000e+00
   4.4430000e+00
   4.4430000e+00
   4.4430000e+00
   4.4430000e+00
   4.4430000e+00
   4.4430000e+00
   4.4430000e+00
   4.4440000e+00
   4.4440000e+00
   4.4450000e+00
   4.4450000e+00
   4.4450000e+00
   4.4460000e+00
   4.4460000e+00
   4.4470000e+00
   4.4480000e+00
   4.4490000e+00
   4.4490000e+00
   4.4500000e+00
   4.4510000e+00
   4.4510000e+00
   4.4520000e+00
   4.4530000e+00
   4.4540000e+00
   4.4540000e+00
   4.4550000e+00
   4.4560000e+00
   4.4570000e+00
   4.4570000e+00
   4.4580000e+00
   4.4590000e+00
   4.4600000e+00
   4.4600000e+00
   4.4610000e+00
   4.4620000e+00
   4.4620000e+00
   4.4630000e+00
   4.4630000e+00
   4.4640000e+00
   4.4640000e+00
   4.4640000e+00
   4.4650000e+00
   4.4650000e+00
   4.4660000e+00
   4.4660000e+00
   4.4660000e+00
   4.4660000e+00
   4.4660000e+00
   4.4660000e+00
   4.4660000e+00
   4.4660000e+00
   4.4660000e+00
   4.4660000e+00
   4.4660000e+00
   4.4660000e+00
   4.4650000e+00
   4.4650000e+00
   4.4650000e+00
   4.4650000e+00
   4.4650000e+00
   4.4640000e+00
   4.4640000e+00
   4.4630000e+00
   4.4630000e+00
   4.4630000e+00
   4.4620000e+00
   4.4620000e+00
   4.4610000e+00
   4.4610000e+00
   4.4600000e+00
   4.4600000e+00
   4.4590000e+00
   4.4590000e+00
   4.4580000e+00
   4.4580000e+00
   4.4570000e+00
   4.4560000e+00
   4.4560000e+00
   4.4550000e+00
   4.4540000e+00
   4.4530000e+00
   4.4530000e+00
   4.4520000e+00
   4.4510000e+00
   4.4500000e+00
   4.4490000e+00
   4.4490000e+00
   4.4480000e+00
   4.4470000e+00
   4.4460000e+00
   4.4450000e+00
   4.4440000e+00
   4.4440000e+00
   4.4430000e+00
   4.4420000e+00
   4.4410000e+00
   4.4400000e+00
   4.4400000e+00
   4.4390000e+00
   4.4380000e+00
   4.4370000e+00
   4.4370000e+00
   4.4360000e+00
   4.4350000e+00
   4.4340000e+00
   4.4340000e+00
   4.4330000e+00
   4.4320000e+00
   4.4320000e+00
   4.4310000e+00
   4.4300000e+00
   4.4300000e+00
   4.4290000e+00
   4.4280000e+00
   4.4280000e+00
   4.4270000e+00
   4.4260000e+00
   4.4260000e+00
   4.4250000e+00
   4.4250000e+00
   4.4240000e+00
   4.4230000e+00
   4.4230000e+00
   4.4220000e+00
   4.4220000e+00
   4.4210000e+00
   4.4210000e+00
   4.4200000e+00
   4.4190000e+00
   4.4190000e+00
   4.4180000e+00
   4.4180000e+00
   4.4170000e+00
   4.4170000e+00
   4.4160000e+00
   4.4160000e+00
   4.4150000e+00
   4.4150000e+00
   4.4150000e+00
   4.4140000e+00
   4.4140000e+00
   4.4130000e+00
   4.4130000e+00
   4.4120000e+00
   4.4120000e+00
   4.4110000e+00
   4.4110000e+00
   4.4100000e+00
   4.4100000e+00
   4.4100000e+00
   4.4090000e+00
   4.4090000e+00
   4.4080000e+00
   4.4080000e+00
   4.4070000e+00
   4.4070000e+00
   4.4070000e+00
   4.4070000e+00
   4.4060000e+00
   4.4060000e+00
   4.4060000e+00
   4.4060000e+00
   4.4060000e+00
   4.4060000e+00
   4.4060000e+00
   4.4060000e+00
   4.4070000e+00
   4.4070000e+00
   4.4080000e+00
   4.4080000e+00
   4.4090000e+00
   4.4100000e+00
   4.4110000e+00
   4.4130000e+00
   4.4140000e+00
   4.4160000e+00
   4.4180000e+00
   4.4200000e+00
   4.4230000e+00
   4.4250000e+00
   4.4280000e+00
   4.4300000e+00
   4.4330000e+00
   4.4350000e+00
   4.4380000e+00
   4.4410000e+00
   4.4440000e+00
   4.4480000e+00
   4.4510000e+00
   4.4550000e+00
   4.4580000e+00
   4.4610000e+00
   4.4640000e+00
   4.4680000e+00
   4.4710000e+00
   4.4740000e+00
   4.4770000e+00
   4.4800000e+00
   4.4830000e+00
   4.4860000e+00
   4.4880000e+00
   4.4910000e+00
   4.4930000e+00
   4.4950000e+00
   4.4980000e+00
   4.4990000e+00
   4.5010000e+00
   4.5030000e+00
   4.5040000e+00
   4.5060000e+00
   4.5070000e+00
   4.5080000e+00
   4.5090000e+00
   4.5100000e+00
   4.5110000e+00
   4.5120000e+00
   4.5120000e+00
   4.5130000e+00
   4.5130000e+00
   4.5130000e+00
   4.5130000e+00
   4.5130000e+00
   4.5130000e+00
   4.5130000e+00
   4.5120000e+00
   4.5120000e+00
   4.5110000e+00
   4.5100000e+00
   4.5090000e+00
   4.5090000e+00
   4.5070000e+00
   4.5070000e+00
   4.5050000e+00
   4.5040000e+00
   4.5030000e+00
   4.5020000e+00
   4.5010000e+00
   4.4990000e+00
   4.4990000e+00
   4.4970000e+00
   4.4960000e+00
   4.4950000e+00
   4.4930000e+00
   4.4920000e+00
   4.4910000e+00
   4.4890000e+00
   4.4880000e+00
   4.4870000e+00
   4.4850000e+00
   4.4840000e+00
   4.4830000e+00
   4.4810000e+00
   4.4800000e+00
   4.4780000e+00
   4.4770000e+00
   4.4760000e+00
   4.4740000e+00
   4.4730000e+00
   4.4720000e+00
   4.4710000e+00
   4.4690000e+00
   4.4680000e+00
   4.4670000e+00
   4.4660000e+00
   4.4650000e+00
   4.4640000e+00
   4.4630000e+00
   4.4620000e+00
   4.4610000e+00
   4.4600000e+00
   4.4590000e+00
   4.4580000e+00
   4.4570000e+00
   4.4560000e+00
   4.4550000e+00
   4.4550000e+00
   4.4540000e+00
   4.4530000e+00
   4.4530000e+00
   4.4520000e+00
   4.4510000e+00
   4.4510000e+00
   4.4500000e+00
   4.4500000e+00
   4.4490000e+00
   4.4490000e+00
   4.4480000e+00
   4.4480000e+00
   4.4470000e+00
   4.4470000e+00
   4.4470000e+00
   4.4460000e+00
   4.4460000e+00
   4.4460000e+00
   4.4460000e+00
   4.4450000e+00
   4.4450000e+00
   4.4450000e+00
   4.4440000e+00
   4.4450000e+00
   4.4440000e+00
   4.4440000e+00
   4.4440000e+00
   4.4440000e+00
   4.4440000e+00
   4.4430000e+00
   4.4430000e+00
   4.4430000e+00
   4.4430000e+00
   4.4420000e+00
   4.4420000e+00
   4.4420000e+00
   4.4410000e+00
   4.4410000e+00
   4.4400000e+00
   4.4400000e+00
   4.4400000e+00
   4.4390000e+00
   4.4390000e+00
   4.4380000e+00
   4.4380000e+00
   4.4370000e+00
   4.4370000e+00
   4.4360000e+00
   4.4360000e+00
   4.4350000e+00
   4.4340000e+00
   4.4340000e+00
   4.4330000e+00
   4.4330000e+00
   4.4320000e+00
   4.4310000e+00
   4.4310000e+00
   4.4300000e+00
   4.4290000e+00
   4.4290000e+00
   4.4280000e+00
   4.4280000e+00
   4.4270000e+00
   4.4270000e+00
   4.4260000e+00
   4.4260000e+00
   4.4250000e+00
   4.4240000e+00
   4.4240000e+00
   4.4230000e+00
   4.4230000e+00
   4.4220000e+00
   4.4210000e+00
   4.4210000e+00
   4.4200000e+00
   4.4200000e+00
   4.4190000e+00
   4.4190000e+00
   4.4180000e+00
   4.4170000e+00
   4.4170000e+00
   4.4160000e+00
   4.4160000e+00
   4.4150000e+00
   4.4150000e+00
   4.4140000e+00
   4.4140000e+00
   4.4130000e+00
   4.4130000e+00
   4.4120000e+00
   4.4110000e+00
   4.4110000e+00
   4.4110000e+00
   4.4100000e+00
   4.4100000e+00
   4.4090000e+00
   4.4090000e+00
   4.4080000e+00
   4.4080000e+00
   4.4070000e+00
   4.4070000e+00
   4.4060000e+00
   4.4060000e+00
   4.4050000e+00
   4.4050000e+00
   4.4040000e+00
   4.4040000e+00
   4.4030000e+00
   4.4030000e+00
   4.4030000e+00
   4.4020000e+00
   4.4020000e+00
   4.4010000e+00
   4.4010000e+00
   4.4000000e+00
   4.4000000e+00
   4.4000000e+00
   4.3990000e+00
   4.3990000e+00
   4.3980000e+00
   4.3980000e+00
   4.3970000e+00
   4.3970000e+00
   4.3970000e+00
   4.3970000e+00
   4.3960000e+00
   4.3960000e+00
   4.3950000e+00
   4.3950000e+00
   4.3950000e+00
   4.3940000e+00
   4.3940000e+00
   4.3930000e+00
   4.3930000e+00
   4.3930000e+00
   4.3920000e+00
   4.3920000e+00
   4.3910000e+00
   4.3910000e+00
   4.3910000e+00
   4.3900000e+00
   4.3900000e+00
   4.3900000e+00
   4.3890000e+00
   4.3890000e+00
   4.3880000e+00
   4.3880000e+00
   4.3880000e+00
   4.3870000e+00
   4.3870000e+00
   4.3870000e+00
   4.3860000e+00
   4.3860000e+00
   4.3860000e+00
   4.3850000e+00
   4.3850000e+00
   4.3850000e+00
   4.3840000e+00
   4.3840000e+00
   4.3840000e+00
   4.3830000e+00
   4.3830000e+00
   4.3830000e+00
   4.3820000e+00
   4.3820000e+00
   4.3820000e+00
   4.3810000e+00
   4.3810000e+00
   4.3800000e+00
   4.3800000e+00
   4.3800000e+00
   4.3800000e+00
   4.3790000e+00
   4.3790000e+00
   4.3780000e+00
   4.3780000e+00
   4.3780000e+00
   4.3770000e+00
   4.3770000e+00
   4.3770000e+00
   4.3770000e+00
   4.3770000e+00
   4.3760000e+00
   4.3760000e+00
   4.3760000e+00
   4.3750000e+00
   4.3750000e+00
   4.3750000e+00
   4.3740000e+00
   4.3740000e+00
   4.3740000e+00
   4.3740000e+00
   4.3730000e+00
   4.3730000e+00
   4.3730000e+00
   4.3720000e+00
   4.3720000e+00
   4.3720000e+00
   4.3720000e+00
   4.3710000e+00
   4.3710000e+00
   4.3700000e+00
   4.3700000e+00
   4.3700000e+00
   4.3700000e+00
   4.3700000e+00
   4.3690000e+00
   4.3690000e+00
   4.3690000e+00
   4.3690000e+00
   4.3680000e+00
   4.3680000e+00
   4.3680000e+00
   4.3680000e+00
   4.3670000e+00
   4.3670000e+00
   4.3670000e+00
   4.3660000e+00
   4.3660000e+00
   4.3660000e+00
   4.3660000e+00
   4.3660000e+00
   4.3650000e+00
   4.3650000e+00
   4.3650000e+00
   4.3640000e+00
   4.3640000e+00
   4.3640000e+00
   4.3630000e+00
   4.3630000e+00
   4.3630000e+00
   4.3630000e+00
   4.3620000e+00
   4.3620000e+00
   4.3620000e+00
   4.3620000e+00
   4.3620000e+00
   4.3620000e+00
   4.3610000e+00
   4.3610000e+00
   4.3610000e+00
   4.3610000e+00
   4.3600000e+00
   4.3600000e+00
   4.3600000e+00
   4.3600000e+00
   4.3600000e+00
   4.3590000e+00
   4.3590000e+00
   4.3590000e+00
   4.3590000e+00
   4.3580000e+00
   4.3580000e+00
   4.3580000e+00
   4.3580000e+00
   4.3580000e+00
   4.3580000e+00
   4.3580000e+00
   4.3570000e+00
   4.3580000e+00
   4.3580000e+00
   4.3580000e+00
   4.3580000e+00
   4.3580000e+00
   4.3580000e+00
   4.3590000e+00
   4.3590000e+00
   4.3590000e+00
   4.3600000e+00
   4.3600000e+00
   4.3610000e+00
   4.3610000e+00
   4.3620000e+00
   4.3620000e+00
   4.3630000e+00
   4.3630000e+00
   4.3640000e+00
   4.3640000e+00
   4.3650000e+00
   4.3660000e+00
   4.3660000e+00
   4.3670000e+00
   4.3680000e+00
   4.3680000e+00
   4.3690000e+00
   4.3700000e+00
   4.3700000e+00
   4.3710000e+00
   4.3720000e+00
   4.3730000e+00
   4.3740000e+00
   4.3740000e+00
   4.3760000e+00
   4.3760000e+00
   4.3780000e+00
   4.3790000e+00
   4.3800000e+00
   4.3810000e+00
   4.3820000e+00
   4.3840000e+00
   4.3850000e+00
   4.3870000e+00
   4.3880000e+00
   4.3900000e+00
   4.3910000e+00
   4.3920000e+00
   4.3940000e+00
   4.3950000e+00
   4.3970000e+00
   4.3980000e+00
   4.4000000e+00
   4.4020000e+00
   4.4040000e+00
   4.4060000e+00
   4.4070000e+00
   4.4090000e+00
   4.4100000e+00
   4.4110000e+00
   4.4120000e+00
   4.4130000e+00
   4.4140000e+00
   4.4140000e+00
   4.4150000e+00
   4.4150000e+00
   4.4160000e+00
   4.4160000e+00
   4.4160000e+00
   4.4160000e+00
   4.4160000e+00
   4.4160000e+00
   4.4160000e+00
   4.4160000e+00
   4.4160000e+00
   4.4170000e+00
   4.4170000e+00
   4.4170000e+00
   4.4170000e+00
   4.4170000e+00
   4.4170000e+00
   4.4170000e+00
   4.4170000e+00
   4.4170000e+00
   4.4170000e+00
   4.4160000e+00
   4.4160000e+00
   4.4160000e+00
   4.4160000e+00
   4.4150000e+00
   4.4150000e+00
   4.4150000e+00
   4.4150000e+00
   4.4140000e+00
   4.4140000e+00
   4.4140000e+00
   4.4130000e+00
   4.4130000e+00
   4.4120000e+00
   4.4120000e+00
   4.4120000e+00
   4.4110000e+00
   4.4110000e+00
   4.4100000e+00
   4.4100000e+00
   4.4090000e+00
   4.4090000e+00
   4.4090000e+00
   4.4080000e+00
   4.4080000e+00
   4.4080000e+00
   4.4070000e+00
   4.4070000e+00
   4.4060000e+00
   4.4060000e+00
   4.4050000e+00
   4.4050000e+00
   4.4040000e+00
   4.4040000e+00
   4.4030000e+00
   4.4030000e+00
   4.4020000e+00
   4.4020000e+00
   4.4010000e+00
   4.4010000e+00
   4.4000000e+00
   4.4000000e+00
   4.3990000e+00
   4.3990000e+00
   4.3980000e+00
   4.3980000e+00
   4.3970000e+00
   4.3970000e+00
   4.3960000e+00
   4.3960000e+00
   4.3960000e+00
   4.3960000e+00
   4.3950000e+00
   4.3950000e+00
   4.3950000e+00
   4.3950000e+00
   4.3940000e+00
   4.3940000e+00
   4.3940000e+00
   4.3930000e+00
   4.3930000e+00
   4.3930000e+00
   4.3930000e+00
   4.3930000e+00
   4.3920000e+00
   4.3920000e+00
   4.3920000e+00
   4.3920000e+00
   4.3920000e+00
   4.3920000e+00
   4.3920000e+00
   4.3920000e+00
   4.3920000e+00
   4.3920000e+00
   4.3910000e+00
   4.3920000e+00
   4.3920000e+00
   4.3920000e+00
   4.3920000e+00
   4.3920000e+00
   4.3920000e+00
   4.3920000e+00
   4.3930000e+00
   4.3920000e+00
   4.3930000e+00
   4.3920000e+00
   4.3930000e+00
   4.3920000e+00
   4.3920000e+00
   4.3920000e+00
   4.3920000e+00
   4.3920000e+00
   4.3920000e+00
   4.3920000e+00
   4.3920000e+00
   4.3920000e+00
   4.3910000e+00
   4.3910000e+00
   4.3910000e+00
   4.3910000e+00
   4.3910000e+00
   4.3910000e+00
   4.3910000e+00
   4.3900000e+00
   4.3900000e+00
   4.3900000e+00
   4.3900000e+00
   4.3900000e+00
   4.3900000e+00
   4.3900000e+00
   4.3900000e+00
   4.3900000e+00
   4.3900000e+00
   4.3900000e+00
   4.3900000e+00
   4.3900000e+00
   4.3900000e+00
   4.3900000e+00
   4.3900000e+00
   4.3900000e+00
   4.3900000e+00
   4.3900000e+00
   4.3900000e+00
   4.3900000e+00
   4.3900000e+00
   4.3900000e+00
   4.3900000e+00
   4.3910000e+00
   4.3900000e+00
   4.3910000e+00
   4.3900000e+00
   4.3900000e+00
   4.3900000e+00
   4.3900000e+00
   4.3900000e+00
   4.3900000e+00
   4.3900000e+00
   4.3890000e+00
   4.3890000e+00
   4.3890000e+00
   4.3890000e+00
   4.3880000e+00
   4.3880000e+00
   4.3880000e+00
   4.3880000e+00
   4.3880000e+00
   4.3870000e+00
   4.3870000e+00
   4.3860000e+00
   4.3860000e+00
   4.3860000e+00
   4.3860000e+00
   4.3860000e+00
   4.3860000e+00
   4.3860000e+00
   4.3860000e+00
   4.3870000e+00
   4.3860000e+00
   4.3870000e+00
   4.3870000e+00
   4.3880000e+00
   4.3880000e+00
   4.3890000e+00
   4.3890000e+00
   4.3900000e+00
   4.3910000e+00
   4.3910000e+00
   4.3920000e+00
   4.3930000e+00
   4.3940000e+00
   4.3950000e+00
   4.3960000e+00
   4.3970000e+00
   4.3980000e+00
   4.3990000e+00
   4.3990000e+00
   4.4000000e+00
   4.4010000e+00
   4.4010000e+00
   4.4020000e+00
   4.4030000e+00
   4.4040000e+00
   4.4040000e+00
   4.4050000e+00
   4.4050000e+00
   4.4060000e+00
   4.4060000e+00
   4.4060000e+00
   4.4070000e+00
   4.4070000e+00
   4.4070000e+00
   4.4070000e+00
   4.4070000e+00
   4.4060000e+00
   4.4060000e+00
   4.4060000e+00
   4.4060000e+00
   4.4050000e+00
   4.4050000e+00
   4.4040000e+00
   4.4040000e+00
   4.4040000e+00
   4.4030000e+00
   4.4020000e+00
   4.4020000e+00
   4.4010000e+00
   4.4000000e+00
   4.4000000e+00
   4.3990000e+00
   4.3980000e+00
   4.3980000e+00
   4.3970000e+00
   4.3960000e+00
   4.3960000e+00
   4.3950000e+00
   4.3950000e+00
   4.3940000e+00
   4.3940000e+00
   4.3930000e+00
   4.3930000e+00
   4.3920000e+00
   4.3910000e+00
   4.3900000e+00
   4.3900000e+00
   4.3900000e+00
   4.3890000e+00
   4.3880000e+00
   4.3870000e+00
   4.3870000e+00
   4.3860000e+00
   4.3860000e+00
   4.3850000e+00
   4.3850000e+00
   4.3840000e+00
   4.3830000e+00
   4.3830000e+00
   4.3820000e+00
   4.3820000e+00
   4.3810000e+00
   4.3810000e+00
   4.3800000e+00
   4.3800000e+00
   4.3790000e+00
   4.3790000e+00
