   3.3350000e+00
   3.3340000e+00
   3.3340000e+00
   3.3320000e+00
   3.3340000e+00
   3.3320000e+00
   3.3330000e+00
   3.3310000e+00
   3.3310000e+00
   3.3310000e+00
   3.3300000e+00
   3.3310000e+00
   3.3290000e+00
   3.3300000e+00
   3.3280000e+00
   3.3290000e+00
   3.3280000e+00
   3.3280000e+00
   3.3270000e+00
   3.3270000e+00
   3.3270000e+00
   3.3250000e+00
   3.3270000e+00
   3.3250000e+00
   3.3260000e+00
   3.3240000e+00
   3.3250000e+00
   3.3240000e+00
   3.3240000e+00
   3.3240000e+00
   3.3230000e+00
   3.3240000e+00
   3.3220000e+00
   3.3230000e+00
   3.3210000e+00
   3.3220000e+00
   3.3210000e+00
   3.3210000e+00
   3.3210000e+00
   3.3200000e+00
   3.3210000e+00
   3.3190000e+00
   3.3200000e+00
   3.3190000e+00
   3.3200000e+00
   3.3190000e+00
   3.3180000e+00
   3.3190000e+00
   3.3170000e+00
   3.3190000e+00
   3.3170000e+00
   3.3180000e+00
   3.3160000e+00
   3.3170000e+00
   3.3170000e+00
   3.3160000e+00
   3.3170000e+00
   3.3160000e+00
   3.3170000e+00
   3.3150000e+00
   3.3160000e+00
   3.3140000e+00
   3.3150000e+00
   3.3140000e+00
   3.3140000e+00
   3.3150000e+00
   3.3130000e+00
   3.3150000e+00
   3.3130000e+00
   3.3140000e+00
   3.3120000e+00
   3.3130000e+00
   3.3120000e+00
   3.3120000e+00
   3.3120000e+00
   3.3110000e+00
   3.3120000e+00
   3.3110000e+00
   3.3120000e+00
   3.3100000e+00
   3.3110000e+00
   3.3100000e+00
   3.3100000e+00
   3.3100000e+00
   3.3090000e+00
   3.3100000e+00
   3.3080000e+00
   3.3100000e+00
   3.3080000e+00
   3.3090000e+00
   3.3080000e+00
   3.3080000e+00
   3.3080000e+00
   3.3070000e+00
   3.3080000e+00
   3.3060000e+00
   3.3080000e+00
   3.3060000e+00
   3.3070000e+00
   3.3060000e+00
   3.3060000e+00
   3.3060000e+00
   3.3050000e+00
   3.3060000e+00
   3.3040000e+00
   3.3050000e+00
   3.3040000e+00
   3.3050000e+00
   3.3030000e+00
   3.3040000e+00
   3.3030000e+00
   3.3030000e+00
   3.3030000e+00
   3.3020000e+00
   3.3030000e+00
   3.3010000e+00
   3.3030000e+00
   3.3010000e+00
   3.3020000e+00
   3.3010000e+00
   3.3010000e+00
   3.3010000e+00
   3.3000000e+00
   3.3010000e+00
   3.2990000e+00
   3.3000000e+00
   3.2990000e+00
   3.3000000e+00
   3.2990000e+00
   3.2990000e+00
   3.2990000e+00
   3.2980000e+00
   3.2990000e+00
   3.2970000e+00
   3.2980000e+00
   3.2970000e+00
   3.2970000e+00
   3.2970000e+00
   3.2960000e+00
   3.2970000e+00
   3.2950000e+00
   3.2970000e+00
   3.2950000e+00
   3.2960000e+00
   3.2950000e+00
   3.2950000e+00
   3.2940000e+00
   3.2940000e+00
   3.2940000e+00
   3.2930000e+00
   3.2940000e+00
   3.2930000e+00
   3.2940000e+00
   3.2920000e+00
   3.2930000e+00
   3.2920000e+00
   3.2920000e+00
   3.2920000e+00
   3.2910000e+00
   3.2920000e+00
   3.2900000e+00
   3.2920000e+00
   3.2900000e+00
   3.2910000e+00
   3.2900000e+00
   3.2900000e+00
   3.2900000e+00
   3.2890000e+00
   3.2900000e+00
   3.2880000e+00
   3.2900000e+00
   3.2880000e+00
   3.2890000e+00
   3.2880000e+00
   3.2880000e+00
   3.2880000e+00
   3.2870000e+00
   3.2880000e+00
   3.2860000e+00
   3.2870000e+00
   3.2860000e+00
   3.2870000e+00
   3.2860000e+00
   3.2860000e+00
   3.2860000e+00
   3.2850000e+00
   3.2860000e+00
   3.2840000e+00
   3.2850000e+00
   3.2830000e+00
   3.2850000e+00
   3.2830000e+00
   3.2840000e+00
   3.2830000e+00
   3.2830000e+00
   3.2830000e+00
   3.2820000e+00
   3.2830000e+00
   3.2810000e+00
   3.2820000e+00
   3.2810000e+00
   3.2810000e+00
   3.2810000e+00
   3.2800000e+00
   3.2810000e+00
   3.2790000e+00
   3.2810000e+00
   3.2790000e+00
   3.2800000e+00
   3.2790000e+00
   3.2790000e+00
   3.2790000e+00
   3.2780000e+00
   3.2790000e+00
   3.2780000e+00
   3.2790000e+00
   3.2770000e+00
   3.2780000e+00
   3.2770000e+00
   3.2780000e+00
   3.2770000e+00
   3.2770000e+00
   3.2780000e+00
   3.2760000e+00
   3.2780000e+00
   3.2760000e+00
   3.2780000e+00
   3.2770000e+00
   3.2770000e+00
   3.2770000e+00
   3.2770000e+00
   3.2780000e+00
   3.2770000e+00
   3.2780000e+00
   3.2770000e+00
   3.2780000e+00
   3.2770000e+00
   3.2780000e+00
   3.2780000e+00
   3.2780000e+00
   3.2790000e+00
   3.2780000e+00
   3.2800000e+00
   3.2780000e+00
   3.2800000e+00
   3.2790000e+00
   3.2800000e+00
   3.2800000e+00
   3.2810000e+00
   3.2810000e+00
   3.2810000e+00
   3.2830000e+00
   3.2810000e+00
   3.2830000e+00
   3.2820000e+00
   3.2840000e+00
   3.2840000e+00
   3.2840000e+00
   3.2850000e+00
   3.2850000e+00
   3.2870000e+00
   3.2860000e+00
   3.2880000e+00
   3.2870000e+00
   3.2890000e+00
   3.2890000e+00
   3.2890000e+00
   3.2910000e+00
   3.2900000e+00
   3.2920000e+00
   3.2910000e+00
   3.2930000e+00
   3.2930000e+00
   3.2950000e+00
   3.2950000e+00
   3.2950000e+00
   3.2960000e+00
   3.2960000e+00
   3.2980000e+00
   3.2980000e+00
   3.3000000e+00
   3.2990000e+00
   3.3010000e+00
   3.3010000e+00
   3.3020000e+00
   3.3030000e+00
   3.3030000e+00
   3.3050000e+00
   3.3040000e+00
   3.3070000e+00
   3.3060000e+00
   3.3080000e+00
   3.3080000e+00
   3.3090000e+00
   3.3100000e+00
   3.3100000e+00
   3.3120000e+00
   3.3120000e+00
   3.3140000e+00
   3.3130000e+00
   3.3150000e+00
   3.3150000e+00
   3.3170000e+00
   3.3170000e+00
   3.3180000e+00
   3.3200000e+00
   3.3190000e+00
   3.3210000e+00
   3.3210000e+00
   3.3230000e+00
   3.3230000e+00
   3.3240000e+00
   3.3250000e+00
   3.3250000e+00
   3.3270000e+00
   3.3260000e+00
   3.3290000e+00
   3.3280000e+00
   3.3300000e+00
   3.3300000e+00
   3.3310000e+00
   3.3320000e+00
   3.3320000e+00
   3.3340000e+00
   3.3330000e+00
   3.3350000e+00
   3.3350000e+00
   3.3370000e+00
   3.3360000e+00
   3.3370000e+00
   3.3380000e+00
   3.3380000e+00
   3.3400000e+00
   3.3390000e+00
   3.3410000e+00
   3.3400000e+00
   3.3420000e+00
   3.3410000e+00
   3.3430000e+00
   3.3430000e+00
   3.3430000e+00
   3.3440000e+00
   3.3440000e+00
   3.3460000e+00
   3.3450000e+00
   3.3470000e+00
   3.3460000e+00
   3.3470000e+00
   3.3470000e+00
   3.3470000e+00
   3.3480000e+00
   3.3480000e+00
   3.3490000e+00
   3.3480000e+00
   3.3500000e+00
   3.3490000e+00
   3.3500000e+00
   3.3500000e+00
   3.3510000e+00
   3.3520000e+00
   3.3510000e+00
   3.3520000e+00
   3.3510000e+00
   3.3530000e+00
   3.3520000e+00
   3.3530000e+00
   3.3530000e+00
   3.3530000e+00
   3.3540000e+00
   3.3530000e+00
   3.3550000e+00
   3.3530000e+00
   3.3550000e+00
   3.3540000e+00
   3.3550000e+00
   3.3550000e+00
   3.3550000e+00
   3.3560000e+00
   3.3550000e+00
   3.3560000e+00
   3.3550000e+00
   3.3570000e+00
   3.3550000e+00
   3.3570000e+00
   3.3560000e+00
   3.3560000e+00
   3.3570000e+00
   3.3560000e+00
   3.3580000e+00
   3.3560000e+00
   3.3580000e+00
   3.3560000e+00
   3.3580000e+00
   3.3570000e+00
   3.3570000e+00
   3.3580000e+00
   3.3570000e+00
   3.3580000e+00
   3.3570000e+00
   3.3580000e+00
   3.3570000e+00
   3.3580000e+00
   3.3570000e+00
   3.3570000e+00
   3.3570000e+00
   3.3560000e+00
   3.3580000e+00
   3.3560000e+00
   3.3570000e+00
   3.3560000e+00
   3.3570000e+00
   3.3560000e+00
   3.3560000e+00
   3.3560000e+00
   3.3560000e+00
   3.3560000e+00
   3.3550000e+00
   3.3560000e+00
   3.3550000e+00
   3.3560000e+00
   3.3550000e+00
   3.3550000e+00
   3.3550000e+00
   3.3540000e+00
   3.3550000e+00
   3.3530000e+00
   3.3550000e+00
   3.3530000e+00
   3.3540000e+00
   3.3530000e+00
   3.3540000e+00
   3.3530000e+00
   3.3530000e+00
   3.3530000e+00
   3.3520000e+00
   3.3530000e+00
   3.3510000e+00
   3.3520000e+00
   3.3510000e+00
   3.3510000e+00
   3.3510000e+00
   3.3500000e+00
   3.3510000e+00
   3.3490000e+00
   3.3510000e+00
   3.3490000e+00
   3.3500000e+00
   3.3490000e+00
   3.3490000e+00
   3.3490000e+00
   3.3480000e+00
   3.3480000e+00
   3.3470000e+00
   3.3480000e+00
   3.3460000e+00
   3.3470000e+00
   3.3460000e+00
   3.3460000e+00
   3.3460000e+00
   3.3450000e+00
   3.3450000e+00
   3.3440000e+00
   3.3450000e+00
   3.3430000e+00
   3.3440000e+00
   3.3430000e+00
   3.3430000e+00
   3.3430000e+00
   3.3420000e+00
   3.3420000e+00
   3.3410000e+00
   3.3420000e+00
   3.3400000e+00
   3.3410000e+00
   3.3390000e+00
   3.3400000e+00
   3.3390000e+00
   3.3390000e+00
   3.3390000e+00
   3.3370000e+00
   3.3380000e+00
   3.3360000e+00
   3.3380000e+00
   3.3360000e+00
   3.3360000e+00
   3.3350000e+00
   3.3350000e+00
   3.3350000e+00
   3.3340000e+00
   3.3350000e+00
   3.3320000e+00
   3.3340000e+00
   3.3320000e+00
   3.3330000e+00
   3.3310000e+00
   3.3310000e+00
   3.3310000e+00
   3.3300000e+00
   3.3310000e+00
   3.3290000e+00
   3.3300000e+00
   3.3280000e+00
   3.3290000e+00
   3.3270000e+00
   3.3270000e+00
   3.3270000e+00
   3.3260000e+00
   3.3260000e+00
   3.3240000e+00
   3.3260000e+00
   3.3240000e+00
   3.3240000e+00
   3.3230000e+00
   3.3230000e+00
   3.3230000e+00
   3.3210000e+00
   3.3220000e+00
   3.3200000e+00
   3.3210000e+00
   3.3190000e+00
   3.3200000e+00
   3.3190000e+00
   3.3190000e+00
   3.3180000e+00
   3.3170000e+00
   3.3180000e+00
   3.3160000e+00
   3.3170000e+00
   3.3150000e+00
   3.3160000e+00
   3.3140000e+00
   3.3140000e+00
   3.3140000e+00
   3.3130000e+00
   3.3140000e+00
   3.3120000e+00
   3.3130000e+00
   3.3110000e+00
   3.3120000e+00
   3.3100000e+00
   3.3100000e+00
   3.3100000e+00
   3.3090000e+00
   3.3090000e+00
   3.3070000e+00
   3.3080000e+00
   3.3060000e+00
   3.3070000e+00
   3.3060000e+00
   3.3060000e+00
   3.3050000e+00
   3.3050000e+00
   3.3050000e+00
   3.3030000e+00
   3.3040000e+00
   3.3020000e+00
   3.3030000e+00
   3.3020000e+00
   3.3020000e+00
   3.3020000e+00
   3.3010000e+00
   3.3010000e+00
   3.3000000e+00
   3.3010000e+00
   3.2990000e+00
   3.3000000e+00
   3.2980000e+00
   3.2990000e+00
   3.2980000e+00
   3.2970000e+00
   3.2980000e+00
   3.2960000e+00
   3.2970000e+00
   3.2950000e+00
   3.2960000e+00
   3.2950000e+00
   3.2950000e+00
   3.2950000e+00
   3.2940000e+00
   3.2940000e+00
   3.2930000e+00
   3.2940000e+00
   3.2920000e+00
   3.2930000e+00
   3.2910000e+00
   3.2920000e+00
   3.2910000e+00
   3.2910000e+00
   3.2910000e+00
   3.2900000e+00
   3.2910000e+00
   3.2890000e+00
   3.2900000e+00
   3.2880000e+00
   3.2890000e+00
   3.2880000e+00
   3.2880000e+00
   3.2880000e+00
   3.2870000e+00
   3.2880000e+00
   3.2860000e+00
   3.2870000e+00
   3.2860000e+00
   3.2860000e+00
   3.2850000e+00
   3.2850000e+00
   3.2850000e+00
   3.2840000e+00
   3.2850000e+00
   3.2830000e+00
   3.2850000e+00
   3.2830000e+00
   3.2840000e+00
   3.2830000e+00
   3.2830000e+00
   3.2830000e+00
   3.2820000e+00
   3.2830000e+00
   3.2810000e+00
   3.2820000e+00
   3.2800000e+00
   3.2810000e+00
   3.2800000e+00
   3.2800000e+00
   3.2800000e+00
   3.2790000e+00
   3.2800000e+00
   3.2780000e+00
   3.2790000e+00
   3.2780000e+00
   3.2790000e+00
   3.2770000e+00
   3.2770000e+00
   3.2770000e+00
   3.2760000e+00
   3.2770000e+00
   3.2760000e+00
   3.2770000e+00
   3.2750000e+00
   3.2760000e+00
   3.2750000e+00
   3.2750000e+00
   3.2750000e+00
   3.2740000e+00
   3.2750000e+00
   3.2730000e+00
   3.2740000e+00
   3.2730000e+00
   3.2740000e+00
   3.2720000e+00
   3.2730000e+00
   3.2730000e+00
   3.2720000e+00
   3.2720000e+00
   3.2710000e+00
   3.2720000e+00
   3.2700000e+00
   3.2710000e+00
   3.2700000e+00
   3.2700000e+00
   3.2700000e+00
   3.2690000e+00
   3.2700000e+00
   3.2680000e+00
   3.2700000e+00
   3.2680000e+00
   3.2690000e+00
   3.2680000e+00
   3.2680000e+00
   3.2680000e+00
   3.2670000e+00
   3.2680000e+00
   3.2660000e+00
   3.2680000e+00
   3.2660000e+00
   3.2670000e+00
   3.2650000e+00
   3.2660000e+00
   3.2660000e+00
   3.2650000e+00
   3.2660000e+00
   3.2640000e+00
   3.2650000e+00
   3.2640000e+00
   3.2650000e+00
   3.2630000e+00
   3.2640000e+00
   3.2630000e+00
   3.2630000e+00
   3.2630000e+00
   3.2620000e+00
   3.2630000e+00
   3.2610000e+00
   3.2620000e+00
   3.2610000e+00
   3.2610000e+00
   3.2610000e+00
   3.2600000e+00
   3.2610000e+00
   3.2590000e+00
   3.2610000e+00
   3.2590000e+00
   3.2600000e+00
   3.2590000e+00
   3.2590000e+00
   3.2590000e+00
   3.2580000e+00
   3.2590000e+00
   3.2570000e+00
   3.2580000e+00
   3.2570000e+00
   3.2580000e+00
   3.2560000e+00
   3.2570000e+00
   3.2560000e+00
   3.2560000e+00
   3.2560000e+00
   3.2550000e+00
   3.2560000e+00
   3.2540000e+00
   3.2560000e+00
   3.2540000e+00
   3.2550000e+00
   3.2540000e+00
   3.2540000e+00
   3.2540000e+00
   3.2530000e+00
   3.2540000e+00
   3.2520000e+00
   3.2530000e+00
   3.2520000e+00
   3.2520000e+00
   3.2520000e+00
   3.2510000e+00
   3.2520000e+00
   3.2500000e+00
   3.2510000e+00
   3.2500000e+00
   3.2510000e+00
   3.2490000e+00
   3.2500000e+00
   3.2490000e+00
   3.2490000e+00
   3.2490000e+00
   3.2480000e+00
   3.2490000e+00
   3.2470000e+00
   3.2480000e+00
   3.2470000e+00
   3.2480000e+00
   3.2470000e+00
   3.2460000e+00
   3.2470000e+00
   3.2450000e+00
   3.2470000e+00
   3.2450000e+00
   3.2460000e+00
   3.2450000e+00
   3.2450000e+00
   3.2440000e+00
   3.2440000e+00
   3.2440000e+00
   3.2430000e+00
   3.2440000e+00
   3.2430000e+00
   3.2440000e+00
   3.2420000e+00
   3.2430000e+00
   3.2420000e+00
   3.2420000e+00
   3.2420000e+00
   3.2410000e+00
   3.2420000e+00
   3.2400000e+00
   3.2410000e+00
   3.2400000e+00
   3.2400000e+00
   3.2400000e+00
   3.2390000e+00
   3.2400000e+00
   3.2380000e+00
   3.2390000e+00
   3.2380000e+00
   3.2390000e+00
   3.2370000e+00
   3.2380000e+00
   3.2370000e+00
   3.2370000e+00
   3.2370000e+00
   3.2360000e+00
   3.2370000e+00
   3.2350000e+00
   3.2370000e+00
   3.2350000e+00
   3.2360000e+00
   3.2350000e+00
   3.2350000e+00
   3.2350000e+00
   3.2340000e+00
   3.2350000e+00
   3.2330000e+00
   3.2340000e+00
   3.2320000e+00
   3.2330000e+00
   3.2320000e+00
   3.2320000e+00
   3.2320000e+00
   3.2310000e+00
   3.2320000e+00
   3.2300000e+00
   3.2320000e+00
   3.2300000e+00
   3.2310000e+00
   3.2300000e+00
   3.2300000e+00
   3.2300000e+00
   3.2290000e+00
   3.2300000e+00
   3.2280000e+00
   3.2290000e+00
   3.2280000e+00
   3.2290000e+00
   3.2280000e+00
   3.2280000e+00
   3.2280000e+00
   3.2270000e+00
   3.2280000e+00
   3.2260000e+00
   3.2270000e+00
   3.2250000e+00
   3.2260000e+00
   3.2250000e+00
   3.2250000e+00
   3.2250000e+00
   3.2240000e+00
   3.2250000e+00
   3.2230000e+00
   3.2250000e+00
   3.2230000e+00
   3.2240000e+00
   3.2230000e+00
   3.2230000e+00
   3.2230000e+00
   3.2220000e+00
   3.2230000e+00
   3.2210000e+00
   3.2220000e+00
   3.2210000e+00
   3.2220000e+00
   3.2210000e+00
   3.2210000e+00
   3.2210000e+00
   3.2200000e+00
   3.2210000e+00
   3.2190000e+00
   3.2200000e+00
   3.2180000e+00
   3.2190000e+00
   3.2180000e+00
   3.2190000e+00
   3.2180000e+00
   3.2180000e+00
   3.2180000e+00
   3.2170000e+00
   3.2180000e+00
   3.2160000e+00
   3.2170000e+00
   3.2160000e+00
   3.2160000e+00
   3.2160000e+00
   3.2150000e+00
   3.2160000e+00
   3.2140000e+00
   3.2160000e+00
   3.2140000e+00
   3.2150000e+00
   3.2140000e+00
   3.2140000e+00
   3.2140000e+00
   3.2130000e+00
   3.2140000e+00
   3.2120000e+00
   3.2130000e+00
   3.2120000e+00
   3.2130000e+00
   3.2120000e+00
   3.2120000e+00
   3.2120000e+00
   3.2110000e+00
   3.2120000e+00
   3.2100000e+00
   3.2110000e+00
   3.2100000e+00
   3.2110000e+00
   3.2100000e+00
   3.2100000e+00
   3.2100000e+00
   3.2090000e+00
   3.2100000e+00
   3.2080000e+00
   3.2090000e+00
   3.2080000e+00
   3.2090000e+00
   3.2080000e+00
   3.2080000e+00
   3.2080000e+00
   3.2070000e+00
   3.2080000e+00
   3.2060000e+00
   3.2080000e+00
   3.2060000e+00
   3.2070000e+00
   3.2060000e+00
   3.2060000e+00
   3.2060000e+00
   3.2050000e+00
   3.2060000e+00
   3.2050000e+00
   3.2060000e+00
   3.2040000e+00
   3.2050000e+00
   3.2040000e+00
   3.2050000e+00
   3.2040000e+00
   3.2040000e+00
   3.2040000e+00
   3.2030000e+00
   3.2040000e+00
   3.2030000e+00
   3.2040000e+00
   3.2030000e+00
   3.2030000e+00
   3.2030000e+00
   3.2030000e+00
   3.2030000e+00
   3.2020000e+00
   3.2030000e+00
   3.2020000e+00
   3.2030000e+00
   3.2020000e+00
   3.2020000e+00
   3.2020000e+00
   3.2020000e+00
   3.2020000e+00
   3.2010000e+00
   3.2020000e+00
   3.2010000e+00
   3.2020000e+00
   3.2010000e+00
   3.2010000e+00
   3.2010000e+00
   3.2010000e+00
   3.2010000e+00
   3.2000000e+00
   3.2010000e+00
   3.2000000e+00
   3.2010000e+00
   3.2000000e+00
   3.2000000e+00
   3.2000000e+00
   3.2000000e+00
   3.2000000e+00
   3.1990000e+00
   3.2000000e+00
   3.1990000e+00
   3.2000000e+00
   3.1990000e+00
   3.1990000e+00
   3.1990000e+00
   3.1990000e+00
   3.1990000e+00
   3.1980000e+00
   3.1990000e+00
   3.1980000e+00
   3.1990000e+00
   3.1980000e+00
   3.1990000e+00
   3.1980000e+00
   3.1980000e+00
   3.1980000e+00
   3.1970000e+00
   3.1990000e+00
   3.1970000e+00
   3.1980000e+00
   3.1970000e+00
   3.1980000e+00
   3.1970000e+00
   3.1970000e+00
   3.1970000e+00
   3.1960000e+00
   3.1970000e+00
   3.1960000e+00
   3.1970000e+00
   3.1960000e+00
   3.1960000e+00
   3.1960000e+00
   3.1960000e+00
   3.1960000e+00
   3.1950000e+00
   3.1960000e+00
   3.1940000e+00
   3.1960000e+00
   3.1940000e+00
   3.1950000e+00
   3.1950000e+00
   3.1940000e+00
   3.1950000e+00
   3.1940000e+00
   3.1950000e+00
   3.1930000e+00
   3.1940000e+00
   3.1930000e+00
   3.1940000e+00
   3.1930000e+00
   3.1930000e+00
   3.1930000e+00
   3.1920000e+00
   3.1930000e+00
   3.1920000e+00
   3.1930000e+00
   3.1920000e+00
   3.1920000e+00
   3.1920000e+00
   3.1920000e+00
   3.1920000e+00
   3.1910000e+00
   3.1920000e+00
   3.1900000e+00
   3.1920000e+00
   3.1900000e+00
   3.1910000e+00
   3.1900000e+00
   3.1900000e+00
   3.1900000e+00
   3.1890000e+00
   3.1900000e+00
   3.1890000e+00
   3.1900000e+00
   3.1890000e+00
   3.1890000e+00
   3.1890000e+00
   3.1890000e+00
   3.1890000e+00
   3.1880000e+00
   3.1890000e+00
   3.1870000e+00
   3.1890000e+00
   3.1870000e+00
   3.1880000e+00
   3.1870000e+00
   3.1870000e+00
   3.1880000e+00
   3.1860000e+00
   3.1880000e+00
   3.1860000e+00
   3.1870000e+00
   3.1860000e+00
   3.1870000e+00
   3.1860000e+00
   3.1860000e+00
   3.1860000e+00
   3.1850000e+00
   3.1860000e+00
   3.1850000e+00
   3.1860000e+00
   3.1840000e+00
   3.1850000e+00
   3.1840000e+00
   3.1840000e+00
   3.1850000e+00
   3.1830000e+00
   3.1850000e+00
   3.1830000e+00
   3.1840000e+00
   3.1830000e+00
   3.1830000e+00
   3.1830000e+00
   3.1830000e+00
   3.1830000e+00
   3.1820000e+00
   3.1830000e+00
   3.1810000e+00
   3.1820000e+00
   3.1810000e+00
   3.1820000e+00
   3.1810000e+00
   3.1810000e+00
   3.1810000e+00
   3.1800000e+00
   3.1810000e+00
   3.1790000e+00
   3.1800000e+00
   3.1790000e+00
   3.1800000e+00
   3.1790000e+00
   3.1790000e+00
   3.1790000e+00
   3.1780000e+00
   3.1790000e+00
   3.1770000e+00
   3.1790000e+00
   3.1770000e+00
   3.1780000e+00
   3.1780000e+00
   3.1770000e+00
   3.1780000e+00
   3.1770000e+00
   3.1780000e+00
   3.1760000e+00
   3.1770000e+00
   3.1760000e+00
   3.1770000e+00
   3.1760000e+00
   3.1760000e+00
   3.1760000e+00
   3.1750000e+00
   3.1760000e+00
   3.1740000e+00
   3.1760000e+00
   3.1740000e+00
   3.1750000e+00
   3.1740000e+00
   3.1740000e+00
   3.1740000e+00
   3.1730000e+00
   3.1740000e+00
   3.1730000e+00
   3.1740000e+00
   3.1730000e+00
   3.1730000e+00
   3.1730000e+00
   3.1720000e+00
   3.1730000e+00
   3.1710000e+00
   3.1730000e+00
   3.1710000e+00
   3.1720000e+00
   3.1710000e+00
   3.1710000e+00
   3.1710000e+00
   3.1700000e+00
   3.1710000e+00
   3.1700000e+00
   3.1710000e+00
   3.1690000e+00
   3.1700000e+00
   3.1690000e+00
   3.1700000e+00
   3.1690000e+00
   3.1690000e+00
   3.1690000e+00
   3.1680000e+00
   3.1690000e+00
   3.1670000e+00
   3.1680000e+00
   3.1670000e+00
   3.1680000e+00
   3.1670000e+00
   3.1670000e+00
   3.1670000e+00
   3.1660000e+00
   3.1670000e+00
   3.1650000e+00
   3.1670000e+00
   3.1650000e+00
   3.1660000e+00
   3.1650000e+00
   3.1650000e+00
   3.1660000e+00
   3.1640000e+00
   3.1650000e+00
   3.1640000e+00
   3.1650000e+00
   3.1640000e+00
   3.1640000e+00
   3.1640000e+00
   3.1630000e+00
   3.1640000e+00
   3.1630000e+00
   3.1640000e+00
   3.1620000e+00
   3.1630000e+00
   3.1620000e+00
   3.1630000e+00
   3.1620000e+00
   3.1620000e+00
   3.1620000e+00
   3.1610000e+00
   3.1620000e+00
   3.1610000e+00
   3.1620000e+00
   3.1610000e+00
   3.1610000e+00
   3.1610000e+00
   3.1600000e+00
   3.1610000e+00
   3.1600000e+00
   3.1610000e+00
   3.1590000e+00
   3.1610000e+00
   3.1590000e+00
   3.1600000e+00
   3.1600000e+00
   3.1590000e+00
   3.1600000e+00
   3.1580000e+00
   3.1600000e+00
   3.1580000e+00
   3.1590000e+00
   3.1580000e+00
   3.1580000e+00
   3.1580000e+00
   3.1580000e+00
   3.1580000e+00
   3.1570000e+00
   3.1580000e+00
   3.1570000e+00
   3.1580000e+00
   3.1570000e+00
   3.1570000e+00
   3.1570000e+00
   3.1560000e+00
   3.1570000e+00
   3.1560000e+00
   3.1570000e+00
   3.1550000e+00
   3.1570000e+00
   3.1550000e+00
   3.1560000e+00
   3.1560000e+00
   3.1550000e+00
   3.1560000e+00
   3.1540000e+00
   3.1560000e+00
   3.1540000e+00
   3.1550000e+00
   3.1540000e+00
   3.1540000e+00
   3.1540000e+00
   3.1540000e+00
   3.1540000e+00
   3.1530000e+00
   3.1540000e+00
   3.1530000e+00
   3.1540000e+00
   3.1530000e+00
   3.1530000e+00
   3.1530000e+00
   3.1520000e+00
   3.1530000e+00
   3.1520000e+00
   3.1530000e+00
   3.1510000e+00
   3.1520000e+00
   3.1520000e+00
   3.1520000e+00
   3.1520000e+00
   3.1510000e+00
   3.1520000e+00
   3.1500000e+00
   3.1520000e+00
   3.1500000e+00
   3.1510000e+00
   3.1500000e+00
   3.1510000e+00
   3.1510000e+00
   3.1500000e+00
   3.1510000e+00
   3.1490000e+00
   3.1510000e+00
   3.1490000e+00
   3.1500000e+00
   3.1490000e+00
   3.1490000e+00
   3.1490000e+00
   3.1490000e+00
   3.1500000e+00
   3.1480000e+00
   3.1490000e+00
   3.1480000e+00
   3.1490000e+00
   3.1480000e+00
   3.1480000e+00
   3.1480000e+00
   3.1470000e+00
   3.1480000e+00
   3.1470000e+00
   3.1480000e+00
   3.1470000e+00
   3.1470000e+00
   3.1470000e+00
   3.1470000e+00
   3.1470000e+00
   3.1460000e+00
   3.1470000e+00
   3.1460000e+00
   3.1470000e+00
   3.1450000e+00
   3.1460000e+00
   3.1460000e+00
   3.1450000e+00
   3.1460000e+00
   3.1450000e+00
   3.1460000e+00
   3.1440000e+00
   3.1460000e+00
   3.1440000e+00
   3.1450000e+00
   3.1450000e+00
   3.1440000e+00
   3.1450000e+00
   3.1440000e+00
   3.1450000e+00
   3.1430000e+00
   3.1440000e+00
   3.1430000e+00
   3.1440000e+00
   3.1430000e+00
   3.1430000e+00
   3.1440000e+00
   3.1420000e+00
   3.1440000e+00
   3.1420000e+00
   3.1430000e+00
   3.1420000e+00
   3.1430000e+00
   3.1420000e+00
   3.1420000e+00
   3.1420000e+00
   3.1410000e+00
   3.1420000e+00
   3.1410000e+00
   3.1420000e+00
   3.1410000e+00
   3.1410000e+00
   3.1410000e+00
   3.1400000e+00
   3.1410000e+00
   3.1400000e+00
   3.1410000e+00
   3.1390000e+00
   3.1410000e+00
   3.1390000e+00
   3.1400000e+00
   3.1400000e+00
   3.1390000e+00
   3.1400000e+00
   3.1390000e+00
   3.1400000e+00
   3.1380000e+00
   3.1390000e+00
   3.1380000e+00
   3.1390000e+00
   3.1380000e+00
   3.1380000e+00
   3.1390000e+00
   3.1370000e+00
   3.1380000e+00
   3.1370000e+00
   3.1380000e+00
   3.1370000e+00
   3.1370000e+00
   3.1370000e+00
   3.1360000e+00
   3.1370000e+00
   3.1360000e+00
   3.1370000e+00
   3.1360000e+00
   3.1370000e+00
   3.1350000e+00
   3.1360000e+00
   3.1360000e+00
   3.1350000e+00
   3.1360000e+00
   3.1340000e+00
   3.1360000e+00
   3.1340000e+00
   3.1350000e+00
   3.1340000e+00
   3.1350000e+00
   3.1340000e+00
   3.1340000e+00
   3.1350000e+00
   3.1330000e+00
   3.1340000e+00
   3.1330000e+00
   3.1340000e+00
   3.1330000e+00
   3.1330000e+00
   3.1330000e+00
   3.1320000e+00
   3.1330000e+00
   3.1320000e+00
   3.1330000e+00
   3.1320000e+00
   3.1330000e+00
   3.1320000e+00
   3.1320000e+00
   3.1320000e+00
   3.1310000e+00
   3.1320000e+00
   3.1310000e+00
   3.1320000e+00
   3.1300000e+00
   3.1310000e+00
   3.1300000e+00
   3.1310000e+00
   3.1310000e+00
   3.1300000e+00
   3.1310000e+00
   3.1290000e+00
   3.1300000e+00
   3.1290000e+00
   3.1300000e+00
   3.1290000e+00
   3.1290000e+00
   3.1290000e+00
   3.1280000e+00
   3.1290000e+00
   3.1280000e+00
   3.1290000e+00
   3.1280000e+00
   3.1280000e+00
   3.1280000e+00
   3.1280000e+00
   3.1280000e+00
   3.1270000e+00
   3.1280000e+00
   3.1260000e+00
   3.1280000e+00
   3.1260000e+00
   3.1270000e+00
   3.1260000e+00
   3.1260000e+00
   3.1260000e+00
   3.1260000e+00
   3.1270000e+00
   3.1250000e+00
   3.1260000e+00
   3.1250000e+00
   3.1260000e+00
   3.1250000e+00
   3.1250000e+00
   3.1250000e+00
   3.1240000e+00
   3.1250000e+00
   3.1240000e+00
   3.1250000e+00
   3.1240000e+00
   3.1250000e+00
   3.1240000e+00
   3.1240000e+00
   3.1240000e+00
   3.1230000e+00
   3.1240000e+00
   3.1220000e+00
   3.1240000e+00
   3.1220000e+00
   3.1230000e+00
   3.1230000e+00
   3.1220000e+00
   3.1230000e+00
   3.1220000e+00
   3.1230000e+00
   3.1210000e+00
   3.1220000e+00
   3.1210000e+00
   3.1220000e+00
   3.1210000e+00
   3.1210000e+00
   3.1210000e+00
   3.1200000e+00
   3.1210000e+00
   3.1200000e+00
   3.1210000e+00
   3.1200000e+00
   3.1200000e+00
   3.1200000e+00
   3.1200000e+00
   3.1200000e+00
   3.1190000e+00
   3.1200000e+00
   3.1180000e+00
   3.1200000e+00
   3.1180000e+00
   3.1190000e+00
   3.1190000e+00
   3.1180000e+00
   3.1190000e+00
   3.1180000e+00
   3.1190000e+00
   3.1170000e+00
   3.1180000e+00
   3.1170000e+00
   3.1180000e+00
   3.1170000e+00
   3.1170000e+00
   3.1180000e+00
   3.1160000e+00
   3.1180000e+00
   3.1160000e+00
   3.1170000e+00
   3.1160000e+00
   3.1170000e+00
   3.1160000e+00
   3.1160000e+00
   3.1170000e+00
   3.1150000e+00
   3.1170000e+00
   3.1150000e+00
   3.1160000e+00
   3.1150000e+00
   3.1160000e+00
   3.1150000e+00
   3.1150000e+00
   3.1160000e+00
   3.1150000e+00
   3.1160000e+00
   3.1140000e+00
   3.1160000e+00
   3.1150000e+00
   3.1150000e+00
   3.1150000e+00
   3.1140000e+00
   3.1150000e+00
   3.1140000e+00
   3.1150000e+00
   3.1140000e+00
   3.1150000e+00
   3.1140000e+00
   3.1140000e+00
   3.1140000e+00
   3.1140000e+00
   3.1140000e+00
   3.1130000e+00
   3.1150000e+00
   3.1130000e+00
   3.1140000e+00
   3.1130000e+00
   3.1140000e+00
   3.1140000e+00
   3.1130000e+00
   3.1140000e+00
   3.1130000e+00
   3.1140000e+00
   3.1130000e+00
   3.1140000e+00
   3.1130000e+00
   3.1140000e+00
   3.1140000e+00
   3.1130000e+00
   3.1140000e+00
   3.1130000e+00
   3.1140000e+00
   3.1130000e+00
   3.1140000e+00
   3.1130000e+00
   3.1130000e+00
   3.1130000e+00
   3.1130000e+00
   3.1140000e+00
   3.1130000e+00
   3.1140000e+00
   3.1130000e+00
   3.1140000e+00
   3.1130000e+00
   3.1130000e+00
   3.1130000e+00
   3.1130000e+00
   3.1140000e+00
   3.1120000e+00
   3.1140000e+00
   3.1120000e+00
   3.1140000e+00
   3.1130000e+00
   3.1130000e+00
   3.1130000e+00
   3.1130000e+00
   3.1140000e+00
   3.1130000e+00
   3.1140000e+00
   3.1130000e+00
   3.1140000e+00
   3.1130000e+00
   3.1130000e+00
   3.1130000e+00
   3.1130000e+00
   3.1140000e+00
   3.1130000e+00
   3.1140000e+00
   3.1130000e+00
   3.1140000e+00
   3.1130000e+00
   3.1140000e+00
   3.1140000e+00
   3.1130000e+00
   3.1150000e+00
   3.1130000e+00
   3.1150000e+00
   3.1140000e+00
   3.1150000e+00
   3.1140000e+00
   3.1150000e+00
   3.1150000e+00
   3.1140000e+00
   3.1160000e+00
   3.1140000e+00
   3.1160000e+00
   3.1150000e+00
   3.1160000e+00
   3.1150000e+00
   3.1160000e+00
   3.1160000e+00
   3.1160000e+00
   3.1170000e+00
   3.1160000e+00
   3.1170000e+00
   3.1160000e+00
   3.1170000e+00
   3.1170000e+00
   3.1170000e+00
   3.1180000e+00
   3.1170000e+00
   3.1180000e+00
   3.1170000e+00
   3.1190000e+00
   3.1180000e+00
   3.1190000e+00
   3.1190000e+00
   3.1190000e+00
   3.1200000e+00
   3.1190000e+00
   3.1200000e+00
   3.1190000e+00
   3.1210000e+00
   3.1200000e+00
   3.1210000e+00
   3.1210000e+00
   3.1210000e+00
   3.1220000e+00
   3.1210000e+00
   3.1220000e+00
   3.1210000e+00
   3.1230000e+00
   3.1220000e+00
   3.1230000e+00
   3.1230000e+00
   3.1230000e+00
   3.1240000e+00
   3.1230000e+00
   3.1250000e+00
   3.1240000e+00
   3.1250000e+00
   3.1240000e+00
   3.1260000e+00
   3.1250000e+00
   3.1260000e+00
   3.1260000e+00
   3.1260000e+00
   3.1270000e+00
   3.1260000e+00
   3.1280000e+00
   3.1270000e+00
   3.1280000e+00
   3.1280000e+00
   3.1280000e+00
   3.1290000e+00
   3.1280000e+00
   3.1300000e+00
   3.1290000e+00
   3.1300000e+00
   3.1290000e+00
   3.1310000e+00
   3.1300000e+00
   3.1310000e+00
   3.1310000e+00
   3.1310000e+00
   3.1320000e+00
   3.1310000e+00
   3.1330000e+00
   3.1320000e+00
   3.1330000e+00
   3.1330000e+00
   3.1330000e+00
   3.1340000e+00
   3.1330000e+00
   3.1350000e+00
   3.1340000e+00
   3.1360000e+00
   3.1350000e+00
   3.1360000e+00
   3.1360000e+00
   3.1360000e+00
   3.1370000e+00
   3.1360000e+00
   3.1380000e+00
   3.1370000e+00
   3.1390000e+00
   3.1380000e+00
   3.1390000e+00
   3.1390000e+00
   3.1390000e+00
   3.1400000e+00
   3.1390000e+00
   3.1410000e+00
   3.1400000e+00
   3.1410000e+00
   3.1410000e+00
   3.1420000e+00
   3.1420000e+00
   3.1420000e+00
   3.1430000e+00
   3.1420000e+00
   3.1430000e+00
   3.1420000e+00
   3.1440000e+00
   3.1430000e+00
   3.1440000e+00
   3.1440000e+00
   3.1440000e+00
   3.1450000e+00
   3.1440000e+00
   3.1460000e+00
   3.1450000e+00
   3.1460000e+00
   3.1460000e+00
   3.1470000e+00
   3.1470000e+00
   3.1470000e+00
   3.1470000e+00
   3.1470000e+00
   3.1480000e+00
   3.1470000e+00
   3.1480000e+00
   3.1480000e+00
   3.1480000e+00
   3.1480000e+00
   3.1480000e+00
   3.1490000e+00
   3.1480000e+00
   3.1500000e+00
   3.1480000e+00
   3.1500000e+00
   3.1490000e+00
   3.1500000e+00
   3.1500000e+00
   3.1500000e+00
   3.1510000e+00
   3.1500000e+00
   3.1510000e+00
   3.1500000e+00
   3.1510000e+00
   3.1500000e+00
   3.1510000e+00
   3.1510000e+00
   3.1510000e+00
   3.1520000e+00
   3.1510000e+00
   3.1520000e+00
   3.1510000e+00
   3.1520000e+00
   3.1510000e+00
   3.1520000e+00
   3.1520000e+00
   3.1520000e+00
   3.1530000e+00
   3.1520000e+00
   3.1530000e+00
   3.1520000e+00
   3.1530000e+00
   3.1520000e+00
   3.1530000e+00
   3.1530000e+00
   3.1520000e+00
   3.1530000e+00
   3.1520000e+00
   3.1540000e+00
   3.1520000e+00
   3.1540000e+00
   3.1530000e+00
   3.1530000e+00
   3.1530000e+00
   3.1530000e+00
   3.1540000e+00
   3.1530000e+00
   3.1540000e+00
   3.1530000e+00
   3.1540000e+00
   3.1530000e+00
   3.1540000e+00
   3.1540000e+00
   3.1530000e+00
   3.1540000e+00
   3.1530000e+00
   3.1540000e+00
   3.1530000e+00
   3.1540000e+00
   3.1530000e+00
   3.1540000e+00
   3.1540000e+00
   3.1530000e+00
   3.1540000e+00
   3.1530000e+00
   3.1550000e+00
   3.1530000e+00
   3.1550000e+00
   3.1540000e+00
   3.1540000e+00
   3.1540000e+00
   3.1540000e+00
   3.1550000e+00
   3.1540000e+00
   3.1550000e+00
   3.1540000e+00
   3.1550000e+00
   3.1540000e+00
   3.1550000e+00
   3.1550000e+00
   3.1540000e+00
   3.1550000e+00
   3.1540000e+00
   3.1560000e+00
   3.1540000e+00
   3.1550000e+00
   3.1550000e+00
   3.1550000e+00
   3.1550000e+00
   3.1550000e+00
   3.1560000e+00
   3.1550000e+00
   3.1560000e+00
   3.1550000e+00
   3.1560000e+00
   3.1550000e+00
   3.1560000e+00
   3.1560000e+00
   3.1550000e+00
   3.1560000e+00
   3.1550000e+00
   3.1560000e+00
   3.1550000e+00
   3.1560000e+00
   3.1550000e+00
   3.1550000e+00
   3.1560000e+00
   3.1550000e+00
   3.1560000e+00
   3.1540000e+00
   3.1560000e+00
   3.1540000e+00
   3.1560000e+00
   3.1550000e+00
   3.1550000e+00
   3.1550000e+00
   3.1550000e+00
   3.1560000e+00
   3.1540000e+00
   3.1560000e+00
   3.1540000e+00
   3.1550000e+00
   3.1550000e+00
   3.1550000e+00
   3.1550000e+00
   3.1550000e+00
   3.1560000e+00
   3.1540000e+00
   3.1560000e+00
   3.1550000e+00
   3.1560000e+00
   3.1550000e+00
   3.1560000e+00
   3.1560000e+00
   3.1550000e+00
   3.1560000e+00
   3.1550000e+00
   3.1570000e+00
   3.1550000e+00
   3.1570000e+00
   3.1560000e+00
   3.1560000e+00
   3.1570000e+00
   3.1560000e+00
   3.1570000e+00
   3.1560000e+00
   3.1580000e+00
   3.1560000e+00
   3.1580000e+00
   3.1570000e+00
   3.1570000e+00
   3.1580000e+00
   3.1570000e+00
   3.1580000e+00
   3.1570000e+00
   3.1590000e+00
   3.1570000e+00
   3.1590000e+00
   3.1580000e+00
   3.1580000e+00
   3.1590000e+00
   3.1580000e+00
   3.1590000e+00
   3.1580000e+00
   3.1600000e+00
   3.1590000e+00
   3.1600000e+00
   3.1590000e+00
   3.1600000e+00
   3.1600000e+00
   3.1590000e+00
   3.1610000e+00
   3.1590000e+00
   3.1610000e+00
   3.1600000e+00
   3.1610000e+00
   3.1600000e+00
   3.1610000e+00
   3.1610000e+00
   3.1600000e+00
   3.1620000e+00
   3.1600000e+00
   3.1620000e+00
   3.1610000e+00
   3.1620000e+00
   3.1610000e+00
   3.1620000e+00
   3.1620000e+00
   3.1610000e+00
   3.1630000e+00
   3.1610000e+00
   3.1630000e+00
   3.1620000e+00
   3.1630000e+00
   3.1630000e+00
   3.1630000e+00
   3.1630000e+00
   3.1630000e+00
   3.1640000e+00
   3.1630000e+00
   3.1640000e+00
   3.1630000e+00
   3.1640000e+00
   3.1640000e+00
   3.1640000e+00
   3.1640000e+00
   3.1640000e+00
   3.1650000e+00
   3.1640000e+00
   3.1650000e+00
   3.1640000e+00
   3.1650000e+00
   3.1650000e+00
   3.1650000e+00
   3.1650000e+00
   3.1640000e+00
   3.1660000e+00
   3.1640000e+00
   3.1660000e+00
   3.1640000e+00
   3.1650000e+00
   3.1650000e+00
   3.1650000e+00
   3.1650000e+00
   3.1650000e+00
   3.1660000e+00
   3.1640000e+00
   3.1660000e+00
   3.1650000e+00
   3.1660000e+00
   3.1650000e+00
   3.1650000e+00
   3.1660000e+00
   3.1650000e+00
   3.1660000e+00
   3.1640000e+00
   3.1660000e+00
   3.1650000e+00
   3.1660000e+00
   3.1650000e+00
   3.1650000e+00
   3.1650000e+00
   3.1650000e+00
   3.1660000e+00
   3.1640000e+00
   3.1660000e+00
   3.1640000e+00
   3.1650000e+00
   3.1650000e+00
   3.1650000e+00
   3.1650000e+00
   3.1640000e+00
   3.1650000e+00
   3.1640000e+00
   3.1650000e+00
   3.1640000e+00
   3.1650000e+00
   3.1640000e+00
   3.1640000e+00
   3.1650000e+00
   3.1640000e+00
   3.1650000e+00
   3.1630000e+00
   3.1640000e+00
   3.1630000e+00
   3.1640000e+00
   3.1630000e+00
   3.1630000e+00
   3.1640000e+00
   3.1630000e+00
   3.1640000e+00
   3.1620000e+00
   3.1640000e+00
   3.1620000e+00
   3.1630000e+00
   3.1630000e+00
   3.1630000e+00
   3.1630000e+00
   3.1620000e+00
   3.1630000e+00
   3.1620000e+00
   3.1630000e+00
   3.1610000e+00
   3.1620000e+00
   3.1620000e+00
   3.1620000e+00
   3.1620000e+00
   3.1610000e+00
   3.1620000e+00
   3.1610000e+00
   3.1620000e+00
   3.1600000e+00
   3.1610000e+00
   3.1610000e+00
   3.1610000e+00
   3.1610000e+00
   3.1600000e+00
   3.1610000e+00
   3.1590000e+00
   3.1610000e+00
   3.1590000e+00
   3.1600000e+00
   3.1590000e+00
   3.1590000e+00
   3.1600000e+00
   3.1590000e+00
   3.1600000e+00
   3.1580000e+00
   3.1590000e+00
   3.1580000e+00
   3.1590000e+00
   3.1580000e+00
   3.1580000e+00
   3.1580000e+00
   3.1570000e+00
   3.1580000e+00
   3.1570000e+00
   3.1580000e+00
   3.1570000e+00
   3.1580000e+00
   3.1570000e+00
   3.1560000e+00
   3.1560000e+00
   3.1540000e+00
   3.1540000e+00
   3.1520000e+00
   3.1540000e+00
   3.1520000e+00
   3.1540000e+00
   3.1530000e+00
   3.1530000e+00
   3.1540000e+00
   3.1530000e+00
   3.1540000e+00
   3.1520000e+00
   3.1540000e+00
   3.1520000e+00
   3.1530000e+00
   3.1530000e+00
   3.1520000e+00
   3.1530000e+00
   3.1520000e+00
   3.1530000e+00
   3.1510000e+00
   3.1530000e+00
   3.1510000e+00
   3.1520000e+00
   3.1510000e+00
   3.1510000e+00
   3.1520000e+00
   3.1500000e+00
   3.1520000e+00
   3.1500000e+00
   3.1510000e+00
   3.1490000e+00
   3.1500000e+00
   3.1500000e+00
   3.1490000e+00
   3.1500000e+00
   3.1480000e+00
   3.1500000e+00
   3.1480000e+00
   3.1490000e+00
   3.1480000e+00
   3.1490000e+00
   3.1480000e+00
   3.1470000e+00
   3.1480000e+00
   3.1460000e+00
   3.1480000e+00
   3.1460000e+00
   3.1470000e+00
   3.1460000e+00
   3.1470000e+00
   3.1460000e+00
   3.1460000e+00
   3.1460000e+00
   3.1450000e+00
   3.1460000e+00
   3.1440000e+00
   3.1460000e+00
   3.1440000e+00
   3.1460000e+00
   3.1450000e+00
   3.1450000e+00
   3.1460000e+00
   3.1450000e+00
   3.1450000e+00
   3.1440000e+00
   3.1450000e+00
   3.1430000e+00
   3.1440000e+00
   3.1430000e+00
   3.1430000e+00
   3.1440000e+00
   3.1420000e+00
   3.1430000e+00
   3.1420000e+00
   3.1430000e+00
   3.1410000e+00
   3.1420000e+00
   3.1410000e+00
   3.1410000e+00
   3.1420000e+00
   3.1410000e+00
   3.1420000e+00
   3.1410000e+00
   3.1420000e+00
   3.1410000e+00
   3.1420000e+00
   3.1410000e+00
   3.1420000e+00
   3.1420000e+00
   3.1410000e+00
   3.1430000e+00
   3.1410000e+00
   3.1430000e+00
   3.1420000e+00
   3.1430000e+00
   3.1430000e+00
   3.1430000e+00
   3.1440000e+00
   3.1430000e+00
   3.1440000e+00
   3.1430000e+00
   3.1440000e+00
   3.1430000e+00
   3.1440000e+00
   3.1430000e+00
   3.1430000e+00
   3.1440000e+00
   3.1430000e+00
   3.1450000e+00
   3.1430000e+00
   3.1450000e+00
   3.1440000e+00
   3.1450000e+00
   3.1450000e+00
   3.1450000e+00
   3.1460000e+00
   3.1450000e+00
   3.1470000e+00
   3.1460000e+00
   3.1470000e+00
   3.1460000e+00
   3.1480000e+00
   3.1470000e+00
   3.1480000e+00
   3.1480000e+00
   3.1480000e+00
   3.1490000e+00
   3.1480000e+00
   3.1500000e+00
   3.1490000e+00
   3.1500000e+00
   3.1500000e+00
   3.1500000e+00
   3.1510000e+00
   3.1500000e+00
   3.1520000e+00
   3.1510000e+00
   3.1530000e+00
   3.1520000e+00
   3.1530000e+00
   3.1530000e+00
   3.1530000e+00
   3.1540000e+00
   3.1530000e+00
   3.1550000e+00
   3.1540000e+00
   3.1560000e+00
   3.1550000e+00
   3.1560000e+00
   3.1560000e+00
   3.1560000e+00
   3.1570000e+00
   3.1560000e+00
   3.1580000e+00
   3.1570000e+00
   3.1590000e+00
   3.1580000e+00
   3.1590000e+00
   3.1590000e+00
   3.1590000e+00
   3.1600000e+00
   3.1590000e+00
   3.1610000e+00
   3.1600000e+00
   3.1610000e+00
   3.1600000e+00
   3.1620000e+00
   3.1610000e+00
   3.1620000e+00
   3.1620000e+00
   3.1620000e+00
   3.1630000e+00
   3.1620000e+00
   3.1640000e+00
   3.1630000e+00
   3.1640000e+00
   3.1640000e+00
   3.1640000e+00
   3.1650000e+00
   3.1640000e+00
   3.1660000e+00
   3.1650000e+00
   3.1660000e+00
   3.1650000e+00
   3.1660000e+00
   3.1660000e+00
   3.1660000e+00
   3.1670000e+00
   3.1660000e+00
   3.1680000e+00
   3.1670000e+00
   3.1680000e+00
   3.1670000e+00
   3.1690000e+00
   3.1680000e+00
   3.1690000e+00
   3.1690000e+00
   3.1690000e+00
   3.1700000e+00
   3.1690000e+00
   3.1700000e+00
   3.1690000e+00
   3.1710000e+00
   3.1700000e+00
   3.1700000e+00
   3.1710000e+00
   3.1700000e+00
   3.1720000e+00
   3.1700000e+00
   3.1720000e+00
   3.1710000e+00
   3.1720000e+00
   3.1720000e+00
   3.1720000e+00
   3.1730000e+00
   3.1720000e+00
   3.1730000e+00
   3.1720000e+00
   3.1740000e+00
   3.1720000e+00
   3.1730000e+00
   3.1730000e+00
   3.1730000e+00
   3.1740000e+00
   3.1730000e+00
   3.1740000e+00
   3.1730000e+00
   3.1750000e+00
   3.1740000e+00
   3.1750000e+00
   3.1740000e+00
   3.1740000e+00
   3.1750000e+00
   3.1740000e+00
   3.1760000e+00
   3.1740000e+00
   3.1760000e+00
   3.1740000e+00
   3.1760000e+00
   3.1750000e+00
   3.1750000e+00
   3.1760000e+00
   3.1750000e+00
   3.1760000e+00
   3.1750000e+00
   3.1760000e+00
   3.1750000e+00
   3.1760000e+00
   3.1760000e+00
   3.1760000e+00
   3.1760000e+00
   3.1750000e+00
   3.1770000e+00
   3.1750000e+00
   3.1770000e+00
   3.1760000e+00
   3.1770000e+00
   3.1760000e+00
   3.1760000e+00
   3.1770000e+00
   3.1760000e+00
   3.1770000e+00
   3.1760000e+00
   3.1770000e+00
   3.1760000e+00
   3.1770000e+00
   3.1770000e+00
   3.1770000e+00
   3.1770000e+00
   3.1760000e+00
   3.1780000e+00
   3.1760000e+00
   3.1780000e+00
   3.1770000e+00
   3.1780000e+00
   3.1770000e+00
   3.1770000e+00
   3.1780000e+00
   3.1770000e+00
   3.1780000e+00
   3.1770000e+00
   3.1780000e+00
   3.1770000e+00
   3.1780000e+00
   3.1770000e+00
   3.1770000e+00
   3.1780000e+00
   3.1770000e+00
   3.1780000e+00
   3.1770000e+00
   3.1780000e+00
   3.1770000e+00
   3.1780000e+00
   3.1770000e+00
   3.1770000e+00
   3.1780000e+00
   3.1770000e+00
   3.1780000e+00
   3.1770000e+00
   3.1780000e+00
   3.1770000e+00
   3.1780000e+00
   3.1770000e+00
   3.1770000e+00
   3.1780000e+00
   3.1770000e+00
   3.1780000e+00
   3.1770000e+00
   3.1780000e+00
   3.1770000e+00
   3.1780000e+00
   3.1770000e+00
   3.1770000e+00
   3.1780000e+00
   3.1770000e+00
   3.1780000e+00
   3.1760000e+00
   3.1780000e+00
   3.1760000e+00
   3.1770000e+00
   3.1770000e+00
   3.1770000e+00
   3.1780000e+00
   3.1770000e+00
   3.1780000e+00
   3.1770000e+00
   3.1780000e+00
   3.1770000e+00
   3.1780000e+00
   3.1780000e+00
   3.1790000e+00
   3.1790000e+00
   3.1790000e+00
   3.1800000e+00
   3.1790000e+00
   3.1810000e+00
   3.1790000e+00
   3.1800000e+00
   3.1800000e+00
   3.1800000e+00
   3.1810000e+00
   3.1800000e+00
   3.1810000e+00
   3.1790000e+00
   3.1810000e+00
   3.1790000e+00
   3.1800000e+00
   3.1800000e+00
   3.1800000e+00
   3.1800000e+00
   3.1790000e+00
   3.1800000e+00
   3.1780000e+00
   3.1800000e+00
   3.1780000e+00
   3.1790000e+00
   3.1780000e+00
   3.1780000e+00
   3.1780000e+00
   3.1770000e+00
   3.1780000e+00
   3.1770000e+00
   3.1780000e+00
   3.1760000e+00
   3.1770000e+00
   3.1760000e+00
   3.1760000e+00
   3.1760000e+00
   3.1750000e+00
   3.1760000e+00
   3.1740000e+00
   3.1760000e+00
   3.1740000e+00
   3.1750000e+00
   3.1740000e+00
   3.1740000e+00
   3.1740000e+00
   3.1730000e+00
   3.1740000e+00
   3.1720000e+00
   3.1730000e+00
   3.1720000e+00
   3.1730000e+00
   3.1720000e+00
   3.1710000e+00
   3.1720000e+00
   3.1710000e+00
   3.1720000e+00
   3.1700000e+00
   3.1710000e+00
   3.1690000e+00
   3.1700000e+00
   3.1690000e+00
   3.1690000e+00
   3.1690000e+00
   3.1680000e+00
   3.1690000e+00
   3.1670000e+00
   3.1690000e+00
   3.1670000e+00
   3.1680000e+00
   3.1670000e+00
   3.1670000e+00
   3.1670000e+00
   3.1660000e+00
   3.1670000e+00
   3.1650000e+00
   3.1660000e+00
   3.1650000e+00
   3.1650000e+00
   3.1650000e+00
   3.1640000e+00
   3.1640000e+00
   3.1630000e+00
   3.1640000e+00
   3.1620000e+00
   3.1640000e+00
   3.1620000e+00
   3.1630000e+00
   3.1620000e+00
   3.1620000e+00
   3.1620000e+00
   3.1610000e+00
   3.1620000e+00
   3.1600000e+00
   3.1610000e+00
   3.1600000e+00
   3.1600000e+00
   3.1600000e+00
   3.1590000e+00
   3.1600000e+00
   3.1580000e+00
   3.1590000e+00
   3.1570000e+00
   3.1590000e+00
   3.1570000e+00
   3.1580000e+00
   3.1570000e+00
   3.1570000e+00
   3.1570000e+00
   3.1560000e+00
   3.1570000e+00
   3.1550000e+00
   3.1560000e+00
   3.1550000e+00
   3.1560000e+00
   3.1550000e+00
   3.1550000e+00
   3.1550000e+00
   3.1540000e+00
   3.1550000e+00
   3.1530000e+00
   3.1540000e+00
   3.1530000e+00
   3.1540000e+00
   3.1530000e+00
   3.1530000e+00
   3.1530000e+00
   3.1520000e+00
   3.1530000e+00
   3.1510000e+00
   3.1530000e+00
   3.1510000e+00
   3.1520000e+00
   3.1510000e+00
   3.1510000e+00
   3.1510000e+00
   3.1500000e+00
   3.1510000e+00
   3.1500000e+00
   3.1510000e+00
   3.1500000e+00
   3.1500000e+00
   3.1500000e+00
   3.1500000e+00
   3.1500000e+00
   3.1490000e+00
   3.1500000e+00
   3.1480000e+00
   3.1500000e+00
   3.1480000e+00
   3.1490000e+00
   3.1490000e+00
   3.1480000e+00
   3.1490000e+00
   3.1480000e+00
   3.1490000e+00
   3.1470000e+00
   3.1490000e+00
   3.1470000e+00
   3.1480000e+00
   3.1470000e+00
   3.1470000e+00
   3.1480000e+00
   3.1470000e+00
   3.1480000e+00
   3.1460000e+00
   3.1470000e+00
   3.1460000e+00
   3.1470000e+00
   3.1460000e+00
   3.1460000e+00
   3.1470000e+00
   3.1460000e+00
   3.1470000e+00
   3.1450000e+00
   3.1470000e+00
   3.1450000e+00
   3.1460000e+00
   3.1450000e+00
   3.1450000e+00
   3.1460000e+00
   3.1450000e+00
   3.1460000e+00
   3.1440000e+00
   3.1460000e+00
   3.1440000e+00
   3.1450000e+00
   3.1450000e+00
   3.1440000e+00
   3.1450000e+00
   3.1440000e+00
   3.1450000e+00
   3.1430000e+00
   3.1450000e+00
   3.1430000e+00
   3.1440000e+00
   3.1440000e+00
   3.1430000e+00
   3.1440000e+00
   3.1430000e+00
   3.1440000e+00
   3.1430000e+00
   3.1440000e+00
   3.1430000e+00
   3.1430000e+00
   3.1430000e+00
   3.1430000e+00
   3.1430000e+00
   3.1420000e+00
   3.1430000e+00
   3.1420000e+00
   3.1430000e+00
   3.1420000e+00
   3.1430000e+00
   3.1420000e+00
   3.1420000e+00
   3.1430000e+00
   3.1420000e+00
   3.1430000e+00
   3.1410000e+00
   3.1430000e+00
   3.1410000e+00
   3.1420000e+00
   3.1420000e+00
   3.1420000e+00
   3.1420000e+00
   3.1410000e+00
   3.1420000e+00
   3.1410000e+00
   3.1420000e+00
   3.1410000e+00
   3.1410000e+00
   3.1410000e+00
   3.1410000e+00
   3.1410000e+00
   3.1400000e+00
   3.1410000e+00
   3.1400000e+00
   3.1410000e+00
   3.1400000e+00
   3.1410000e+00
   3.1400000e+00
   3.1400000e+00
   3.1400000e+00
   3.1390000e+00
   3.1400000e+00
   3.1390000e+00
   3.1400000e+00
   3.1390000e+00
   3.1400000e+00
   3.1390000e+00
   3.1390000e+00
   3.1390000e+00
   3.1380000e+00
   3.1400000e+00
   3.1380000e+00
   3.1390000e+00
   3.1380000e+00
   3.1390000e+00
   3.1380000e+00
   3.1380000e+00
   3.1390000e+00
   3.1380000e+00
   3.1390000e+00
   3.1370000e+00
   3.1390000e+00
   3.1380000e+00
   3.1380000e+00
   3.1380000e+00
   3.1380000e+00
   3.1380000e+00
   3.1370000e+00
   3.1380000e+00
   3.1370000e+00
   3.1380000e+00
   3.1370000e+00
   3.1380000e+00
   3.1370000e+00
   3.1370000e+00
   3.1370000e+00
   3.1360000e+00
   3.1370000e+00
   3.1360000e+00
   3.1370000e+00
   3.1360000e+00
   3.1360000e+00
   3.1360000e+00
   3.1360000e+00
   3.1360000e+00
   3.1350000e+00
   3.1360000e+00
   3.1340000e+00
   3.1360000e+00
   3.1340000e+00
   3.1350000e+00
   3.1340000e+00
   3.1340000e+00
   3.1350000e+00
   3.1340000e+00
   3.1350000e+00
   3.1330000e+00
   3.1340000e+00
   3.1330000e+00
   3.1340000e+00
   3.1330000e+00
   3.1330000e+00
   3.1330000e+00
   3.1320000e+00
   3.1330000e+00
   3.1320000e+00
   3.1330000e+00
   3.1320000e+00
   3.1330000e+00
   3.1320000e+00
   3.1320000e+00
   3.1320000e+00
   3.1310000e+00
   3.1330000e+00
   3.1310000e+00
   3.1320000e+00
   3.1310000e+00
   3.1320000e+00
   3.1310000e+00
   3.1310000e+00
   3.1310000e+00
   3.1300000e+00
   3.1310000e+00
   3.1300000e+00
   3.1310000e+00
   3.1300000e+00
   3.1310000e+00
   3.1300000e+00
   3.1300000e+00
   3.1300000e+00
   3.1290000e+00
   3.1300000e+00
   3.1290000e+00
   3.1300000e+00
   3.1290000e+00
   3.1300000e+00
   3.1290000e+00
   3.1290000e+00
   3.1290000e+00
   3.1280000e+00
   3.1290000e+00
   3.1280000e+00
   3.1290000e+00
   3.1280000e+00
   3.1290000e+00
   3.1280000e+00
   3.1280000e+00
   3.1280000e+00
   3.1270000e+00
   3.1280000e+00
   3.1270000e+00
   3.1280000e+00
   3.1270000e+00
   3.1270000e+00
   3.1270000e+00
   3.1270000e+00
   3.1270000e+00
   3.1260000e+00
   3.1270000e+00
   3.1250000e+00
   3.1270000e+00
   3.1250000e+00
   3.1260000e+00
   3.1250000e+00
   3.1250000e+00
   3.1260000e+00
   3.1250000e+00
   3.1260000e+00
   3.1240000e+00
   3.1260000e+00
   3.1240000e+00
   3.1250000e+00
   3.1240000e+00
   3.1240000e+00
   3.1250000e+00
   3.1230000e+00
   3.1250000e+00
   3.1230000e+00
   3.1240000e+00
   3.1230000e+00
   3.1240000e+00
   3.1230000e+00
   3.1230000e+00
   3.1230000e+00
   3.1220000e+00
   3.1230000e+00
   3.1220000e+00
   3.1230000e+00
   3.1210000e+00
   3.1220000e+00
   3.1220000e+00
   3.1220000e+00
   3.1220000e+00
   3.1210000e+00
   3.1220000e+00
   3.1200000e+00
   3.1220000e+00
   3.1200000e+00
   3.1210000e+00
   3.1200000e+00
   3.1200000e+00
   3.1210000e+00
   3.1200000e+00
   3.1210000e+00
   3.1190000e+00
   3.1210000e+00
   3.1190000e+00
   3.1200000e+00
   3.1190000e+00
   3.1190000e+00
   3.1200000e+00
   3.1190000e+00
   3.1200000e+00
   3.1180000e+00
   3.1190000e+00
   3.1180000e+00
   3.1190000e+00
   3.1180000e+00
   3.1180000e+00
   3.1190000e+00
   3.1170000e+00
   3.1190000e+00
   3.1170000e+00
   3.1180000e+00
   3.1170000e+00
   3.1180000e+00
   3.1170000e+00
   3.1170000e+00
   3.1170000e+00
   3.1160000e+00
   3.1180000e+00
   3.1160000e+00
   3.1170000e+00
   3.1160000e+00
   3.1170000e+00
   3.1160000e+00
   3.1160000e+00
   3.1170000e+00
   3.1160000e+00
   3.1170000e+00
   3.1150000e+00
   3.1170000e+00
   3.1150000e+00
   3.1160000e+00
   3.1150000e+00
   3.1150000e+00
   3.1160000e+00
   3.1150000e+00
   3.1160000e+00
   3.1150000e+00
   3.1160000e+00
   3.1140000e+00
   3.1150000e+00
   3.1150000e+00
   3.1150000e+00
   3.1150000e+00
   3.1140000e+00
   3.1150000e+00
   3.1140000e+00
   3.1150000e+00
   3.1140000e+00
   3.1150000e+00
   3.1140000e+00
   3.1140000e+00
   3.1140000e+00
   3.1130000e+00
   3.1150000e+00
   3.1130000e+00
   3.1140000e+00
   3.1130000e+00
   3.1140000e+00
   3.1130000e+00
   3.1130000e+00
   3.1140000e+00
   3.1130000e+00
   3.1140000e+00
   3.1120000e+00
   3.1140000e+00
   3.1120000e+00
   3.1130000e+00
   3.1130000e+00
   3.1130000e+00
   3.1130000e+00
   3.1120000e+00
   3.1130000e+00
   3.1120000e+00
   3.1130000e+00
   3.1120000e+00
   3.1130000e+00
   3.1120000e+00
   3.1120000e+00
   3.1120000e+00
   3.1110000e+00
   3.1120000e+00
   3.1110000e+00
   3.1120000e+00
   3.1110000e+00
   3.1120000e+00
   3.1110000e+00
   3.1110000e+00
   3.1120000e+00
   3.1110000e+00
   3.1120000e+00
   3.1100000e+00
   3.1120000e+00
   3.1100000e+00
   3.1110000e+00
   3.1100000e+00
   3.1100000e+00
   3.1110000e+00
   3.1100000e+00
   3.1110000e+00
   3.1090000e+00
   3.1110000e+00
   3.1090000e+00
   3.1100000e+00
   3.1100000e+00
   3.1100000e+00
   3.1100000e+00
   3.1090000e+00
   3.1100000e+00
   3.1090000e+00
   3.1100000e+00
   3.1090000e+00
   3.1090000e+00
   3.1090000e+00
   3.1090000e+00
   3.1090000e+00
   3.1080000e+00
   3.1090000e+00
   3.1080000e+00
   3.1090000e+00
   3.1080000e+00
   3.1090000e+00
   3.1080000e+00
   3.1080000e+00
   3.1090000e+00
   3.1090000e+00
   3.1110000e+00
   3.1110000e+00
   3.1150000e+00
   3.1160000e+00
   3.1200000e+00
   3.1220000e+00
   3.1250000e+00
   3.1280000e+00
   3.1280000e+00
   3.1300000e+00
   3.1290000e+00
   3.1300000e+00
   3.1280000e+00
   3.1280000e+00
   3.1270000e+00
   3.1250000e+00
   3.1240000e+00
   3.1210000e+00
   3.1200000e+00
   3.1170000e+00
   3.1170000e+00
   3.1150000e+00
   3.1150000e+00
   3.1130000e+00
   3.1130000e+00
   3.1130000e+00
   3.1120000e+00
   3.1130000e+00
   3.1110000e+00
   3.1120000e+00
   3.1110000e+00
   3.1120000e+00
   3.1130000e+00
   3.1150000e+00
   3.1180000e+00
   3.1190000e+00
   3.1240000e+00
   3.1250000e+00
   3.1280000e+00
   3.1270000e+00
   3.1300000e+00
   3.1290000e+00
   3.1260000e+00
   3.1210000e+00
   3.1150000e+00
   3.1130000e+00
   3.1100000e+00
   3.1100000e+00
   3.1070000e+00
   3.1070000e+00
   3.1060000e+00
   3.1060000e+00
   3.1050000e+00
   3.1030000e+00
   3.1030000e+00
   3.1010000e+00
   3.1020000e+00
   3.1000000e+00
   3.1010000e+00
   3.1010000e+00
   3.1010000e+00
   3.1020000e+00
   3.1010000e+00
   3.1020000e+00
   3.1000000e+00
   3.1010000e+00
   3.0990000e+00
   3.0990000e+00
   3.0990000e+00
   3.0980000e+00
   3.0980000e+00
   3.0970000e+00
   3.0980000e+00
   3.0960000e+00
   3.0970000e+00
   3.0960000e+00
   3.0970000e+00
   3.0970000e+00
   3.0970000e+00
   3.0970000e+00
   3.0960000e+00
   3.0980000e+00
   3.0960000e+00
   3.0980000e+00
   3.0970000e+00
   3.0980000e+00
   3.0970000e+00
   3.0970000e+00
   3.0980000e+00
   3.0960000e+00
   3.0980000e+00
   3.0960000e+00
   3.0980000e+00
   3.0970000e+00
   3.0980000e+00
   3.0970000e+00
   3.0970000e+00
   3.0980000e+00
   3.0970000e+00
   3.0980000e+00
   3.0970000e+00
   3.0980000e+00
   3.0970000e+00
   3.0980000e+00
   3.0980000e+00
   3.0970000e+00
   3.0980000e+00
   3.0970000e+00
   3.0980000e+00
   3.0970000e+00
   3.0980000e+00
   3.0970000e+00
   3.0970000e+00
   3.0970000e+00
   3.0970000e+00
   3.0980000e+00
   3.0970000e+00
   3.0980000e+00
   3.0960000e+00
   3.0980000e+00
   3.0970000e+00
   3.0970000e+00
   3.0970000e+00
   3.0970000e+00
   3.0970000e+00
   3.0960000e+00
   3.0980000e+00
   3.0960000e+00
   3.0970000e+00
   3.0960000e+00
   3.0970000e+00
   3.0970000e+00
   3.0960000e+00
   3.0970000e+00
   3.0960000e+00
   3.0970000e+00
   3.0960000e+00
   3.0970000e+00
   3.0960000e+00
   3.0960000e+00
   3.0960000e+00
   3.0960000e+00
   3.0970000e+00
   3.0950000e+00
   3.0970000e+00
   3.0950000e+00
   3.0960000e+00
   3.0950000e+00
   3.0960000e+00
   3.0960000e+00
   3.0950000e+00
   3.0960000e+00
   3.0950000e+00
   3.0960000e+00
   3.0950000e+00
   3.0960000e+00
   3.0950000e+00
   3.0950000e+00
   3.0950000e+00
   3.0950000e+00
   3.0960000e+00
   3.0950000e+00
   3.0960000e+00
   3.0940000e+00
   3.0960000e+00
   3.0950000e+00
   3.0950000e+00
   3.0950000e+00
   3.0950000e+00
   3.0950000e+00
   3.0940000e+00
   3.0950000e+00
   3.0940000e+00
   3.0950000e+00
   3.0940000e+00
   3.0950000e+00
   3.0950000e+00
   3.0940000e+00
   3.0950000e+00
   3.0940000e+00
   3.0950000e+00
   3.0930000e+00
   3.0950000e+00
   3.0940000e+00
   3.0940000e+00
   3.0940000e+00
   3.0930000e+00
   3.0940000e+00
   3.0930000e+00
   3.0940000e+00
   3.0930000e+00
   3.0940000e+00
   3.0930000e+00
   3.0930000e+00
   3.0930000e+00
   3.0930000e+00
   3.0940000e+00
   3.0920000e+00
   3.0940000e+00
   3.0920000e+00
   3.0930000e+00
   3.0930000e+00
   3.0930000e+00
   3.0930000e+00
   3.0920000e+00
   3.0930000e+00
   3.0920000e+00
   3.0930000e+00
   3.0920000e+00
   3.0930000e+00
   3.0920000e+00
   3.0920000e+00
   3.0920000e+00
   3.0920000e+00
   3.0930000e+00
   3.0910000e+00
   3.0930000e+00
   3.0910000e+00
   3.0920000e+00
   3.0920000e+00
   3.0920000e+00
   3.0920000e+00
   3.0910000e+00
   3.0920000e+00
   3.0910000e+00
   3.0920000e+00
   3.0910000e+00
   3.0920000e+00
   3.0910000e+00
   3.0910000e+00
   3.0920000e+00
   3.0910000e+00
   3.0920000e+00
   3.0900000e+00
   3.0920000e+00
   3.0900000e+00
   3.0910000e+00
   3.0910000e+00
   3.0910000e+00
   3.0910000e+00
   3.0900000e+00
   3.0910000e+00
   3.0900000e+00
   3.0910000e+00
   3.0900000e+00
   3.0900000e+00
   3.0900000e+00
   3.0900000e+00
   3.0900000e+00
   3.0890000e+00
   3.0900000e+00
   3.0890000e+00
   3.0900000e+00
   3.0890000e+00
   3.0900000e+00
   3.0890000e+00
   3.0890000e+00
   3.0900000e+00
   3.0890000e+00
   3.0900000e+00
   3.0890000e+00
   3.0900000e+00
   3.0890000e+00
   3.0890000e+00
   3.0890000e+00
   3.0890000e+00
   3.0890000e+00
   3.0880000e+00
   3.0900000e+00
   3.0880000e+00
   3.0890000e+00
   3.0880000e+00
   3.0890000e+00
   3.0890000e+00
   3.0880000e+00
   3.0890000e+00
   3.0880000e+00
   3.0890000e+00
   3.0880000e+00
   3.0890000e+00
   3.0880000e+00
   3.0890000e+00
   3.0890000e+00
   3.0880000e+00
   3.0890000e+00
   3.0880000e+00
   3.0890000e+00
   3.0880000e+00
   3.0890000e+00
   3.0880000e+00
   3.0890000e+00
   3.0880000e+00
   3.0880000e+00
   3.0890000e+00
   3.0880000e+00
   3.0890000e+00
   3.0880000e+00
   3.0890000e+00
   3.0880000e+00
   3.0880000e+00
   3.0880000e+00
   3.0880000e+00
   3.0880000e+00
   3.0870000e+00
   3.0880000e+00
   3.0870000e+00
   3.0880000e+00
   3.0870000e+00
   3.0880000e+00
   3.0880000e+00
   3.0870000e+00
   3.0880000e+00
   3.0870000e+00
   3.0880000e+00
   3.0870000e+00
   3.0880000e+00
   3.0870000e+00
   3.0870000e+00
   3.0870000e+00
   3.0870000e+00
   3.0870000e+00
   3.0860000e+00
   3.0880000e+00
   3.0860000e+00
   3.0870000e+00
   3.0860000e+00
   3.0870000e+00
   3.0870000e+00
   3.0860000e+00
   3.0870000e+00
   3.0860000e+00
   3.0870000e+00
   3.0850000e+00
   3.0870000e+00
   3.0860000e+00
   3.0860000e+00
   3.0860000e+00
   3.0860000e+00
   3.0870000e+00
   3.0850000e+00
   3.0870000e+00
   3.0850000e+00
   3.0860000e+00
   3.0850000e+00
   3.0860000e+00
   3.0860000e+00
   3.0850000e+00
   3.0860000e+00
   3.0850000e+00
   3.0860000e+00
   3.0850000e+00
   3.0860000e+00
   3.0850000e+00
   3.0850000e+00
   3.0850000e+00
   3.0840000e+00
   3.0850000e+00
   3.0840000e+00
   3.0850000e+00
   3.0840000e+00
   3.0850000e+00
   3.0840000e+00
   3.0840000e+00
   3.0850000e+00
   3.0840000e+00
   3.0850000e+00
   3.0830000e+00
   3.0850000e+00
   3.0830000e+00
   3.0840000e+00
   3.0840000e+00
   3.0840000e+00
   3.0840000e+00
   3.0830000e+00
   3.0840000e+00
   3.0830000e+00
   3.0840000e+00
   3.0830000e+00
   3.0840000e+00
   3.0830000e+00
   3.0830000e+00
   3.0840000e+00
   3.0830000e+00
   3.0840000e+00
   3.0820000e+00
   3.0840000e+00
   3.0820000e+00
   3.0830000e+00
   3.0830000e+00
   3.0830000e+00
   3.0830000e+00
   3.0820000e+00
   3.0830000e+00
   3.0820000e+00
   3.0830000e+00
   3.0820000e+00
   3.0830000e+00
   3.0820000e+00
   3.0820000e+00
   3.0830000e+00
   3.0820000e+00
   3.0830000e+00
   3.0810000e+00
   3.0830000e+00
   3.0810000e+00
   3.0820000e+00
   3.0820000e+00
   3.0820000e+00
   3.0820000e+00
   3.0810000e+00
   3.0820000e+00
   3.0810000e+00
   3.0820000e+00
   3.0810000e+00
   3.0820000e+00
   3.0810000e+00
   3.0810000e+00
   3.0820000e+00
   3.0800000e+00
   3.0820000e+00
   3.0800000e+00
   3.0820000e+00
   3.0800000e+00
   3.0810000e+00
   3.0810000e+00
   3.0800000e+00
   3.0810000e+00
   3.0800000e+00
   3.0810000e+00
   3.0800000e+00
   3.0810000e+00
   3.0800000e+00
   3.0810000e+00
   3.0800000e+00
   3.0800000e+00
   3.0810000e+00
   3.0800000e+00
   3.0810000e+00
   3.0790000e+00
   3.0810000e+00
   3.0800000e+00
   3.0800000e+00
   3.0800000e+00
   3.0800000e+00
   3.0800000e+00
   3.0790000e+00
   3.0810000e+00
   3.0790000e+00
   3.0800000e+00
   3.0790000e+00
   3.0800000e+00
   3.0800000e+00
   3.0790000e+00
   3.0800000e+00
   3.0790000e+00
   3.0800000e+00
   3.0790000e+00
   3.0800000e+00
   3.0790000e+00
   3.0790000e+00
   3.0800000e+00
   3.0790000e+00
   3.0800000e+00
   3.0790000e+00
   3.0800000e+00
   3.0790000e+00
   3.0800000e+00
   3.0790000e+00
   3.0790000e+00
   3.0790000e+00
   3.0790000e+00
   3.0800000e+00
   3.0780000e+00
   3.0800000e+00
   3.0790000e+00
   3.0800000e+00
   3.0790000e+00
   3.0790000e+00
   3.0790000e+00
   3.0790000e+00
   3.0800000e+00
   3.0780000e+00
   3.0800000e+00
   3.0780000e+00
   3.0790000e+00
   3.0790000e+00
   3.0790000e+00
   3.0790000e+00
   3.0780000e+00
   3.0790000e+00
   3.0780000e+00
   3.0790000e+00
   3.0780000e+00
   3.0790000e+00
   3.0780000e+00
   3.0790000e+00
   3.0790000e+00
   3.0780000e+00
   3.0790000e+00
   3.0780000e+00
   3.0790000e+00
   3.0780000e+00
   3.0790000e+00
   3.0780000e+00
   3.0780000e+00
   3.0790000e+00
   3.0780000e+00
   3.0790000e+00
   3.0780000e+00
   3.0790000e+00
   3.0780000e+00
   3.0790000e+00
   3.0780000e+00
   3.0780000e+00
   3.0790000e+00
   3.0780000e+00
   3.0790000e+00
   3.0780000e+00
   3.0790000e+00
   3.0780000e+00
   3.0790000e+00
   3.0790000e+00
   3.0790000e+00
   3.0790000e+00
   3.0780000e+00
   3.0800000e+00
   3.0780000e+00
   3.0800000e+00
   3.0790000e+00
   3.0790000e+00
   3.0790000e+00
   3.0790000e+00
   3.0800000e+00
   3.0790000e+00
   3.0800000e+00
   3.0790000e+00
   3.0800000e+00
   3.0790000e+00
   3.0800000e+00
   3.0800000e+00
   3.0800000e+00
   3.0800000e+00
   3.0800000e+00
   3.0810000e+00
   3.0800000e+00
   3.0810000e+00
   3.0800000e+00
   3.0810000e+00
   3.0810000e+00
   3.0810000e+00
   3.0820000e+00
   3.0810000e+00
   3.0820000e+00
   3.0810000e+00
   3.0820000e+00
   3.0810000e+00
   3.0820000e+00
   3.0820000e+00
   3.0820000e+00
   3.0830000e+00
   3.0820000e+00
   3.0830000e+00
   3.0820000e+00
   3.0830000e+00
   3.0820000e+00
   3.0830000e+00
   3.0830000e+00
   3.0830000e+00
   3.0840000e+00
   3.0830000e+00
   3.0840000e+00
   3.0830000e+00
   3.0850000e+00
   3.0840000e+00
   3.0850000e+00
   3.0850000e+00
   3.0840000e+00
   3.0850000e+00
   3.0840000e+00
   3.0860000e+00
   3.0850000e+00
   3.0860000e+00
   3.0850000e+00
   3.0860000e+00
   3.0860000e+00
   3.0860000e+00
   3.0870000e+00
   3.0860000e+00
   3.0870000e+00
   3.0860000e+00
   3.0870000e+00
   3.0870000e+00
   3.0870000e+00
   3.0870000e+00
   3.0870000e+00
   3.0880000e+00
   3.0870000e+00
   3.0880000e+00
   3.0870000e+00
   3.0880000e+00
   3.0880000e+00
   3.0880000e+00
   3.0880000e+00
   3.0880000e+00
   3.0890000e+00
   3.0880000e+00
   3.0890000e+00
   3.0880000e+00
   3.0890000e+00
   3.0890000e+00
   3.0890000e+00
   3.0890000e+00
   3.0890000e+00
   3.0900000e+00
   3.0890000e+00
   3.0900000e+00
   3.0890000e+00
   3.0900000e+00
   3.0890000e+00
   3.0900000e+00
   3.0900000e+00
   3.0890000e+00
   3.0900000e+00
   3.0890000e+00
   3.0910000e+00
   3.0890000e+00
   3.0900000e+00
   3.0900000e+00
   3.0900000e+00
   3.0910000e+00
   3.0900000e+00
   3.0910000e+00
   3.0900000e+00
   3.0910000e+00
   3.0900000e+00
   3.0910000e+00
   3.0900000e+00
   3.0910000e+00
   3.0910000e+00
   3.0900000e+00
   3.0910000e+00
   3.0900000e+00
   3.0910000e+00
   3.0900000e+00
   3.0910000e+00
   3.0910000e+00
   3.0910000e+00
   3.0910000e+00
   3.0900000e+00
   3.0920000e+00
   3.0900000e+00
   3.0920000e+00
   3.0910000e+00
   3.0920000e+00
   3.0910000e+00
   3.0910000e+00
   3.0920000e+00
   3.0910000e+00
   3.0920000e+00
   3.0910000e+00
   3.0920000e+00
   3.0910000e+00
   3.0920000e+00
   3.0910000e+00
   3.0910000e+00
   3.0920000e+00
   3.0910000e+00
   3.0920000e+00
   3.0910000e+00
   3.0920000e+00
   3.0910000e+00
   3.0920000e+00
   3.0920000e+00
   3.0910000e+00
   3.0920000e+00
   3.0910000e+00
   3.0920000e+00
   3.0910000e+00
   3.0920000e+00
   3.0910000e+00
   3.0920000e+00
   3.0920000e+00
   3.0910000e+00
   3.0920000e+00
   3.0910000e+00
   3.0930000e+00
   3.0910000e+00
   3.0920000e+00
   3.0910000e+00
   3.0920000e+00
   3.0920000e+00
   3.0910000e+00
   3.0920000e+00
   3.0910000e+00
   3.0930000e+00
   3.0910000e+00
   3.0920000e+00
   3.0910000e+00
   3.0920000e+00
   3.0920000e+00
   3.0910000e+00
   3.0920000e+00
   3.0910000e+00
   3.0920000e+00
   3.0910000e+00
   3.0920000e+00
   3.0910000e+00
   3.0920000e+00
   3.0920000e+00
   3.0910000e+00
   3.0920000e+00
   3.0910000e+00
   3.0920000e+00
   3.0910000e+00
   3.0920000e+00
   3.0910000e+00
   3.0910000e+00
   3.0920000e+00
   3.0910000e+00
   3.0920000e+00
   3.0910000e+00
   3.0920000e+00
   3.0910000e+00
   3.0920000e+00
   3.0910000e+00
   3.0910000e+00
   3.0910000e+00
   3.0910000e+00
   3.0920000e+00
   3.0900000e+00
   3.0920000e+00
   3.0900000e+00
   3.0910000e+00
   3.0910000e+00
   3.0910000e+00
   3.0910000e+00
   3.0900000e+00
   3.0910000e+00
   3.0900000e+00
   3.0920000e+00
   3.0900000e+00
   3.0910000e+00
   3.0910000e+00
   3.0910000e+00
   3.0910000e+00
   3.0900000e+00
   3.0910000e+00
   3.0900000e+00
   3.0910000e+00
   3.0900000e+00
   3.0910000e+00
   3.0900000e+00
   3.0900000e+00
   3.0910000e+00
   3.0900000e+00
   3.0910000e+00
   3.0900000e+00
   3.0910000e+00
   3.0900000e+00
   3.0910000e+00
   3.0900000e+00
   3.0900000e+00
   3.0910000e+00
   3.0900000e+00
   3.0910000e+00
   3.0890000e+00
   3.0910000e+00
   3.0890000e+00
   3.0900000e+00
   3.0900000e+00
   3.0900000e+00
   3.0900000e+00
   3.0890000e+00
   3.0900000e+00
   3.0890000e+00
   3.0900000e+00
   3.0890000e+00
   3.0900000e+00
   3.0890000e+00
   3.0890000e+00
   3.0900000e+00
   3.0890000e+00
   3.0900000e+00
   3.0890000e+00
   3.0900000e+00
   3.0890000e+00
   3.0890000e+00
   3.0890000e+00
   3.0890000e+00
   3.0890000e+00
   3.0880000e+00
   3.0900000e+00
   3.0880000e+00
   3.0890000e+00
   3.0880000e+00
   3.0890000e+00
   3.0890000e+00
   3.0880000e+00
   3.0890000e+00
   3.0880000e+00
   3.0890000e+00
   3.0880000e+00
   3.0890000e+00
   3.0880000e+00
   3.0880000e+00
   3.0880000e+00
   3.0880000e+00
   3.0890000e+00
   3.0870000e+00
   3.0890000e+00
   3.0870000e+00
   3.0880000e+00
   3.0870000e+00
   3.0880000e+00
   3.0880000e+00
   3.0870000e+00
   3.0880000e+00
   3.0870000e+00
   3.0880000e+00
   3.0870000e+00
   3.0880000e+00
   3.0870000e+00
   3.0870000e+00
   3.0870000e+00
   3.0870000e+00
   3.0880000e+00
   3.0860000e+00
   3.0880000e+00
   3.0860000e+00
   3.0870000e+00
   3.0870000e+00
   3.0870000e+00
   3.0870000e+00
   3.0860000e+00
   3.0870000e+00
   3.0860000e+00
   3.0870000e+00
   3.0860000e+00
   3.0870000e+00
   3.0860000e+00
   3.0860000e+00
   3.0860000e+00
   3.0860000e+00
   3.0870000e+00
   3.0850000e+00
   3.0870000e+00
   3.0850000e+00
   3.0860000e+00
   3.0850000e+00
   3.0860000e+00
   3.0860000e+00
   3.0850000e+00
   3.0860000e+00
   3.0850000e+00
   3.0860000e+00
   3.0850000e+00
   3.0860000e+00
   3.0850000e+00
   3.0850000e+00
   3.0850000e+00
   3.0850000e+00
   3.0860000e+00
   3.0840000e+00
   3.0860000e+00
   3.0840000e+00
   3.0850000e+00
   3.0850000e+00
   3.0850000e+00
   3.0850000e+00
   3.0840000e+00
   3.0850000e+00
   3.0840000e+00
   3.0850000e+00
   3.0840000e+00
   3.0850000e+00
   3.0840000e+00
   3.0840000e+00
   3.0850000e+00
   3.0840000e+00
   3.0850000e+00
   3.0830000e+00
   3.0850000e+00
   3.0840000e+00
   3.0840000e+00
   3.0840000e+00
   3.0840000e+00
   3.0840000e+00
   3.0830000e+00
   3.0850000e+00
   3.0830000e+00
   3.0840000e+00
   3.0830000e+00
   3.0840000e+00
   3.0840000e+00
   3.0840000e+00
   3.0840000e+00
   3.0830000e+00
   3.0850000e+00
   3.0830000e+00
   3.0840000e+00
   3.0830000e+00
   3.0840000e+00
   3.0840000e+00
   3.0840000e+00
   3.0840000e+00
   3.0830000e+00
