1.0231918
1.0397643
1.0898816
1.1428281
1.1713235
1.1675399
1.1423413
1.1149281
1.1011127
1.1054629
1.1199905000000001
1.1302927
1.1272207
1.1108706
1.0888118
1.0691779
1.0590558
1.0591028
1.064884
1.0695824
1.0702728
1.0666319
1.0597267
1.050501
1.0406653
1.0310706
1.0220156
1.0150096
1.0129702
1.0178666
1.0288017
1.0439465
1.060652
1.0763678
1.0880565
1.0979803
1.1073456
1.1168283
1.1257605
1.1354023
1.1446932
1.1515828
1.1553025
1.1579445
1.1602357
1.1607225
1.1590154
1.1548127
1.1471571
1.134501
1.1203111
1.1078459
1.098785
1.090392
1.0827329
1.0730491
1.0592731
1.0409768
1.0232007
1.0092743
0.99930051
0.99067396
0.980553
0.96517306
0.94251472
0.91624416
0.89258904
0.87547541
0.86323908
0.85329103
0.84149494
0.82690717
0.81339795
0.81445998
0.84191388
0.90068707
0.9842104
1.0780209
1.1611156
1.2153159
1.2339117
1.2245193
1.2020019
1.1808398
1.1717682
1.1771047
1.190602
1.2014761
1.2048836
1.2001693
1.1903416
1.177556
1.1671391
1.1592776
1.1512977
1.1393203
1.1242415
1.1069908
1.0884808
1.0697581
1.0525585
1.0358454
1.0165898
0.99408865
0.96962736
0.94484429
0.92015293
0.89801755
0.8785354
0.85946767
0.83612254
0.80924027
0.78169523
0.76058293
0.75557974
0.77849329
0.83427787
0.91798386
1.015935
1.1100722
1.1815646
1.2178406
1.2195413
1.1978578
1.1682884
1.1431825
1.1319
1.1348276
1.1458358
1.1548867
1.1594925
1.1590738
1.1557891
1.1517637
1.1509126
1.1523591
1.1519758
1.1459005
1.1339134
1.1168516
1.0961398
1.0756179
1.058557
1.0449242
1.0307513
1.0142654
0.9940082
0.97023568
0.94351221
0.91922662
0.8995381
0.88288229
0.8637268
0.83831214
0.80427013
0.76430979
0.72817019
0.71099048
0.72525128
0.77504435
0.85606275
0.95479342
1.0520939
1.1293752
1.1785048
1.199686
1.1999788
1.1877165
1.1741063
1.1640876
1.1576983
1.1517012
1.1463606
1.1413491
1.1365753
1.1327955
1.1318334
1.1325046
1.1310986
1.1258797
1.1166528
1.1035085
1.085796
1.066562
1.0478956
1.0306475
1.0127618
0.99581467
0.9788339
0.96007277
0.93735217
0.91259286
0.88774935
0.86517916
0.84759038
0.83758171
0.83344493
0.82925672
0.81965493
0.80262705
0.78137335
0.7641787
0.76603143
0.79896741
0.86622652
0.95758488
1.0569523
1.142131
1.1949722
1.2081113
1.190242
1.1573342
1.1258814
1.1072771
1.1054452
1.1145856
1.1239225
1.1267641
1.1223096
1.1135958
1.1036735
1.0973974
1.0952588
1.0940176
1.087361
1.0751565
1.0579785
1.0380867
1.0174889
1.0002423
0.98680071
0.9750702
0.96281344
0.95013495
0.93695936
0.92278117
0.90877123
0.89615509
0.88454464
0.87157628
0.85761251
0.84354551
0.83146219
0.82335643
0.82577061
0.84299639
0.87665467
0.92442819
0.98324106
1.0454469
1.1017664
1.1451396
1.1732472
1.1860977
1.18553
1.1770355
1.1665311
1.1575602
1.1497535
1.144336
1.1405122
1.1364288
1.1282296
1.1175379
1.1046346
1.0898998
1.0731941
1.0575105
1.0433988
1.0295084
1.0142793
0.99801722
0.98035113
0.96065477
0.94097329
0.92416195
0.91133653
0.90051683
0.89125052
0.88213472
0.8721084
0.85980735
0.84880961
0.84096031
0.83631247
0.83260748
0.82963603
0.82716002
0.82720554
0.83553315
0.86024002
0.90533012
0.96769607
1.0393881
1.1081341
1.1607925
1.1877805
1.1905052
1.1765837
1.1565156
1.1375203
1.1266592
1.1233967
1.1231261
1.12016
1.114079
1.105456
1.0955458
1.0859216
1.0783479
1.0713521
1.0612208
1.046675
1.0287521
1.0092551
0.98904725
0.97141187
0.95740396
0.94563908
0.93150152
0.91440507
0.89330524
0.8687125
0.84220496
0.8187351
0.80089939
0.78846815
0.77963367
0.77340184
0.76885007
0.76650681
0.77101628
0.78805702
0.82026289
0.86423614
0.91460728
0.96200575
0.99724735
1.0139391
1.0157624
1.0093349
1.0026199
1.0012964
1.0096613
1.0258568
1.0444197
1.0604972
1.0730412
1.0817414
1.0859683
1.0869056
1.0855099
1.0810003
1.0708947
1.056792
1.0404907
1.0234081
1.0041456
0.98468405
0.96442279
0.94247479
0.9181597
0.89502163
0.87551011
0.86046685
0.84943601
0.84193882
0.83535981
0.82606104
0.81289094
0.79662715
0.77838951
0.75845527
0.73984662
0.72527116
0.71758177
0.71866923
0.73432036999999994
0.76745652
0.81818713
0.88279341
0.95661739
1.0309588
1.0957476
1.1433958
1.1717263
1.1815964
1.1760591
1.1622416
1.1479301
1.1379305
1.1321354
1.1308771
1.1317681
1.1313384
1.1248085
1.1135936
1.0984798
1.0803219
1.0588746
1.0363875
1.0129221
0.98763008
0.96066534
0.9348036
0.91181541
0.8915521
0.8742211
0.85948536
0.84558634
0.82948658
0.81163802
0.79294936
0.77452981
0.7562324
0.74207514
0.73577504
0.74195093
0.76507079
0.81069765
0.87897953
0.9633416
1.0521828
1.1325452
1.1916327
1.2212718
1.2232588
1.2066388
1.1827868
1.1602728
1.146115
1.14079
1.1402238
1.1373321
1.1315315
1.1229694
1.1133342
1.1037967
1.097519
1.09384
1.0896931
1.0824012
1.0722495
1.0594835
1.0438156
1.0266557
1.0094737
0.99217623
0.97277109
0.95251666
0.93288213
0.91542206
0.89981228
0.88891078
0.88281413
0.8798693
0.87665466
0.8719754
0.86371419
0.85010438
0.83167375
0.81256879
0.79744532
0.79045444
0.79698986
0.82038873
0.85962964
0.90885006
0.96287447
1.0148697
1.0587123
1.0892627
1.1085086
1.1186223
1.1221077
1.1203584
1.1171081
1.113174
1.1077179
1.1004786
1.0936182
1.0881059
1.0832857
1.0797256
1.0776077
1.0751738
1.0684933
1.0571713
1.0412863
1.0218488
0.99900398
0.97736001
0.95873229
0.94267945
0.92635559
0.9094052
0.89098327
0.87136279
0.8528698
0.83949589
0.8317958
0.82569873
0.81618911
0.79951358
0.77557425
0.74942365
0.73431283
0.74387885
0.78621389
0.85790949
0.94898388
1.0408658
1.1148421
1.1587675
1.1735249
1.1671993
1.1509977
1.1351083
1.125889
1.1224196
1.1190024
1.1122326
1.1021333
1.0906935
1.0793023
1.0717133
1.0685565
1.0676806
1.064037
1.0577622
1.0485596
1.0369929
1.0233924
1.0107899
0.99981732
0.98950391
0.9789772
0.96908901
0.95945208
0.94828896
0.93514019
0.9200846
0.90269509
0.88165892
0.85873117
0.8354584
0.81298511
0.7908961
0.77258117
0.76078705
0.75889056
0.77029368
0.80003413
0.84876722
0.91241312
0.98366692
1.0539416
1.1130712
1.1523141
1.1692922
1.1667427
1.1501895
1.1251668
1.0996945
1.0787341
1.063942
1.0526672
1.0454227
1.0403662
1.0354751
1.0285687
1.0210275
1.0126704
1.0023812
0.9896375
0.97597169
0.96200526
0.94734448
0.9331938
0.92054901
0.90825272
0.89240551
0.87171023
0.84534407
0.8142272
0.77992499
0.74921835
0.72660914
0.71348206
0.7070087
0.70451665
0.70200316
0.6973205
0.69284062
0.69574277
0.7124718
0.74528958
0.79316082
0.85029247
0.90732698
0.95434512
0.98823063
1.0093881
1.0208205
1.0244929
1.0254105
1.0246481
1.0214957
1.0146146
1.0070025
1.0009394
0.99767904
0.99772067
1.0016316
1.0070924
1.0100018
1.0089064
1.0045578
0.99811555
0.98952691
0.98129076
0.97435658
0.96824373
0.96009453
0.95114255
0.94136881
0.93066058
0.91823778
0.90595382
0.89416004
0.88221055
0.86963538
0.85759171
0.84636418
0.83541971
0.82605407
0.82073295
0.82177819
0.83022859
0.84913765
0.87929428
0.91883314
0.96204945
1.0056652
1.0444131
1.0739523
1.0918385
1.101012
1.1045063
1.1047427
1.1037594
1.1038953
1.1046208
1.1031299
1.0985491
1.0914409
1.0823883
1.0708951
1.0596871
1.0502452
1.04257
1.0337151
1.0245697
1.0141305
1.0013659
0.98516346
0.96799373
0.95090597
0.93381076
0.91660737
0.90057717
0.88569542
0.87085518
0.85664869
0.84413372
0.83316499
0.82171267
0.81042235
0.80024378
0.79325055
0.79140322
0.80117512
0.82622114
0.86683048
0.91878313
0.9770285
1.032985
1.0779697
1.1070531
1.1209579
1.1226459
1.1157439
1.105735
1.0969327
1.0905673
1.0843722
1.0787246
1.0733181999999999
1.0676466
1.0593143
1.0505447
1.0413766
1.0312795
1.0191191
1.0072348
0.99634949
0.98597465
0.9755855
0.96606081
0.95690997
0.9466704
0.93596093
0.92619518
0.91763222
0.90834839
0.89851754
0.88776868
0.87598315
0.86235767
0.85020077
0.84080996
0.83376548
0.82679983
0.82005744
0.81395314
0.81105838
0.81721721
0.84004036
0.88283655
0.94208635
1.0098342
1.0743373
1.1233593
1.1481792
1.1504076
1.1372919
1.1184964
1.1001664
1.0886521
1.0832879
1.0797858
1.0728765
1.0627381
1.0503808
1.0372487
1.0248648
1.0149433
1.0060739
0.9947509
0.97980824
0.96213558
0.94312537
0.92312993
0.90487637
0.88923842
0.87534977
0.85989524
0.84369905
0.82673286
0.80944735
0.79199936
0.77670235
0.76321491
0.74918843
0.73249498
0.71406384
0.6968518
0.68622633
0.69121948
0.72023636
0.77624061
0.85364834
0.94293315
1.0296053
1.0993752
1.1414613
1.1569901
1.1518548
1.1349218
1.1137923
1.0958256
1.0823212
1.0706055
1.0578507
1.0442942
1.0305259
1.0168071
1.0049698
0.99620043
0.98937827
0.98105043
0.97105619
0.95962875
0.94758008
0.93437514
0.92308959
0.91401716
0.90578568
0.89560969
0.8835305
0.86927959
0.85330789
0.83755039
0.82548578
0.81838028
0.81461503
0.81241232
0.81050069
0.8087454
0.80858906
0.81608158
0.83676401
0.87298355
0.92062325
0.97440131
1.0243086
1.0608314
1.0783729
1.0799042
1.0712289
1.0588243
1.0481993
1.0430639
1.0421801
1.0409904
1.0370331
1.0301278
1.0209427
1.009268
0.99758746
0.98650064
0.97495167
0.95959893
0.9418417
0.92229691
0.90204874
0.88181451
0.86476117
0.85154002
0.84081851
0.83084822
0.8212249
0.81060668
0.79709731
0.7810772
0.7641401
0.7475128
0.73114355
0.71760705
0.709002
0.70711482
0.71208374
0.72743093
0.7540827
0.79100351
0.83483302
0.88344286
0.93230328
0.97640816
1.0126553
1.0409753
1.0612616
1.0729164
1.0772099
1.0755552
1.0684127
1.0549863
1.0381621
1.0206193
1.0045382
0.9894534
0.97817311
0.97040427
0.96450109
0.95780248
0.95111535
0.94435837
0.93711883
0.92960036
0.92366028
0.91948194
0.91540549
0.91088747
0.90592544
0.89990576
0.89110696
0.88087408
0.87047147
0.86078103
0.85061871
0.8416843
0.83348881
0.82461047
0.81299687
0.79991596
0.78664037
0.77512377
0.76886462
0.77282367
0.78947631
0.81791134
0.85644284
0.90155119
0.94778981
0.98866421
1.0220408
1.0468601
1.0633145
1.0710272
1.073971
1.0739736
1.0717928
1.0669658
1.0617613
1.0566762
1.0511004
1.044655
1.0385347
1.0323583
1.0242545
1.014153
1.0029297
0.99093737
0.97713167
0.96335034
0.95051906
0.93855335
0.92497792
0.91099725
0.89614535
0.87987078
0.8614841
0.84358063
0.82759725
0.81398494
0.80295471
0.7954428
0.79055431
0.78598951
0.78130583
0.77763581
0.77678599
0.78027694
0.79249672
0.81592238
0.85027778
0.89095956
0.93513571
0.97726413
1.0122871
1.0369103
1.0530424
1.0626595
1.0672068
1.0680606
1.0673834
1.0650024
1.0590409
1.0498975
1.0393207
1.0286494
1.0175256
1.0080754
1.00068
0.99411343
0.98461278
0.97284602
0.95867236
0.94283351
0.92628997
0.91276614
0.90303928
0.8949063
0.88497552
0.87168516
0.85445487
0.83463665
0.81725602
0.80745225
0.80611069
0.80777799
0.80609299
0.79494714
0.77337795
0.74690038
0.73115517
0.74090316
0.78401564
0.8563715
0.94507372
1.0295698
1.0906809
1.1191898
1.1191974
1.10225
1.0809065
1.0653913
1.058945
1.0576097
1.0536205
1.0445407
1.0314147
1.0179353
1.006096
0.99985271
0.99801523
0.99692264
0.99242699
0.98530169
0.97663378
0.9672318
0.95748527
0.94811347
0.93785008
0.92476408
0.90996987
0.89637963
0.88600361
0.87785688
0.87144975
0.86447924
0.85465036
0.84003815
0.82450316
0.81162039
0.80395699
0.80148494
0.80446893
0.811045
0.81946145
0.8305744
0.84818223
0.874475
0.90816966
0.94644646
0.98409137
1.0145785
1.032245
1.0382904
1.0367022
1.0325684
1.028082
1.0271166
1.0286657
1.0295102
1.0258257
1.0185809
1.0088789
0.997816
0.98664367
0.97723523
0.96869996
0.95800372
0.94403654
0.92733174
0.9087971
0.8885968
0.86979752
0.85409685
0.84147291
0.82898168
0.81725659
0.80576987
0.79464191
0.78424345
0.77770918
0.77566357
0.77605829
0.77573615
0.77311547
0.76756175
0.7607556
0.75913808
0.77062973
0.80017443
0.84635172
0.90475931
0.96602298
1.019649
1.0566092
1.0771767
1.0847672
1.0849458
1.0821569
1.0811029
1.0815059
1.0800359
1.0738384
1.0635224
1.0504009
1.0357227
1.0224248
1.0128146
1.006655
1.0008588
0.99487174
0.98793978
0.97957459
0.96808367
0.95596877
0.94390841
0.93175555
0.91831745
0.90502152
0.89208317
0.87918165
0.8664876
0.85553253
0.84621103
0.83667194
0.8261475
0.81480772
0.80341114
0.79317049
0.7890754
0.79563028
0.81536672
0.84632986
0.88698557
0.93151366
0.97307208
1.0057845
1.0289202
1.0427132
1.0483524
1.0482567
1.0457844
1.0420823
1.036243
1.0291557
1.0224632
1.0167352
1.010229
1.0036455
0.99652186
0.98803509
0.97617053
0.96404897
0.95308376
0.94343862
0.93321063
0.92239259
0.90939164
0.89291839
0.8738016
0.85558445
0.84007632
0.82604106
0.81187324
0.7960264
0.77775865
0.75859739
0.74322894
0.7347441
0.73280517
0.73286537
0.73004007
0.71979992
0.70274508
0.68657589
0.68495607
0.71028016
0.76877988
0.85756919
0.9632609
1.0641304
1.1375261
1.1694916
1.1585055
1.1164202
1.0642464
1.025496
1.0133549
1.025343
1.0445408
1.0510052
1.0307823
0.9869232
0.94042514
0.92033106
0.94408767
1.0037765
1.0643308
1.0754989
