0.69311295
0.70783864
0.73925469
0.75707843
0.74998513
0.72766986
0.70816118
0.70507797
0.7182642
0.73664983
0.74920327
0.75361037
0.75466962
0.75805161
0.76750103
0.78124977
0.79392503
0.80273753
0.80838541
0.81268893
0.81670163
0.82106558
0.82490338
0.8263828
0.82655982
0.82693929
0.82770148
0.82878359
0.82995452
0.8299239
0.8278331
0.82498996
0.82180219
0.81706183
0.81348758
0.81178635
0.8108597
0.81090638
0.81219783
0.81356881
0.81354209
0.81326681
0.81264864
0.80985389
0.80641724
0.8027279
0.79789875
0.79236146
0.78741094
0.78285023
0.7773672
0.77240434
0.76778118
0.76185116
0.75622225
0.75198619
0.74899095
0.74781016
0.75008097
0.75571299
0.76296109
0.77324669
0.78602678
0.79914739
0.81274934
0.82655903
0.83893603
0.84866395
0.85658425
0.86258511
0.86519324
0.86684109
0.86802317
0.86769868000000006
0.8663923
0.86472391
0.86217333
0.85831478
0.85518746
0.85315525
0.8503503
0.84781906
0.84513536
0.84082688
0.83529096
0.83017756
0.82573936
0.82088485
0.81685342
0.8130786
0.80764414
0.80203553
0.79748402
0.79383123
0.79101187
0.78943041
0.78752461
0.78232307
0.77482545
0.76532197
0.75357641
0.74230842
0.73380651
0.72833581
0.72568212
0.72691168
0.73149833
0.73721246
0.74594901
0.75749934
0.76990519
0.78262377
0.79504134
0.80548885
0.81283107
0.81885329
0.8240005
0.82675026
0.82849549
0.82911391
0.82760637
0.82505163
0.82361728
0.82365266
0.82360775
0.82386797
0.82294401
0.81846457
0.81239739
0.80704674
0.80342734
0.80230892
0.80433162
0.80757665
0.80842278
0.80729175
0.80396788
0.79761468
0.78993919
0.78227123
0.77427375
0.76555571
0.75749761
0.75043031
0.74309197
0.73785207
0.73509424
0.73365304
0.73393498
0.73649175
0.74080716
0.74652673
0.75565305
0.76844163
0.78282719
0.79916187
0.81575484
0.8295428
0.83937413
0.84571655
0.84860629
0.84795981
0.84662687
0.84570365
0.84441833
0.84416139
0.84463572
0.84344297
0.83865798
0.8300646
0.81754915
0.80147921
0.78649652
0.77514522
0.76681021
0.76114553
0.75635667
0.74964703
0.74003985
0.73031503
0.72273976
0.71694394
0.71495241
0.71579548
0.71690876
0.71823757
0.72099219
0.72518932
0.72971146
0.73477579
0.73861019000000006
0.73815851
0.73517242
0.7312661
0.72703127
0.72381089
0.72261145
0.72216695
0.72035505
0.71876615
0.71822912
0.71850202
0.72231508
0.73101343
0.74382622
0.76009489
0.77990242
0.8014408
0.82122325
0.83917557
0.85405307
0.86402551
0.87038404
0.87464565
0.87690308
0.87691563
0.87573179
0.87305924
0.86716474
0.86052433
0.85429954
0.84824946
0.84338703
0.84050684
0.83869953
0.83658419
0.83533912
0.83475858
0.83266127
0.8301765
0.82734878
0.82322559
0.81859572
0.81553956
0.81459809
0.8146139
0.81651429
0.81908786
0.81938087
0.81779895
0.81482839
0.810175
0.80449935
0.79967605
0.79579505
0.79117195
0.78762611
0.78526628
0.78294399
0.78233543
0.78486015
0.79032141
0.79842476
0.81021492
0.82478992
0.83905242
0.85371509
0.86764686
0.87870118
0.88707485
0.89362124
0.8981855
0.90053871
0.90265493
0.90461299
0.90431912
0.90283788
0.89993254
0.89440494
0.88704386
0.88000023
0.87409679
0.86882598
0.86604677
0.86520981
0.86357294
0.86147392
0.85884957
0.85464959
0.84887617
0.84303777
0.83701205
0.82889432
0.8202748
0.81120456
0.80059656
0.79025202
0.78201814
0.77614807
0.77250424
0.772065
0.77365813
0.77383104
0.77372242
0.77346767
0.77295746
0.77485466
0.78185608
0.79405238
0.80969508
0.82817091
0.84676161
0.86153271
0.87331337
0.88256259
0.88895202
0.89352403
0.89761913
0.90082834
0.90197454
0.90295543
0.90404104
0.90367274
0.90289494
0.90156744
0.89821958
0.89270091
0.88684637
0.88140529
0.87553383
0.87146831
0.86909791
0.86634894
0.86355068
0.8610356
0.85784419
0.85318755
0.84830281
0.84310228
0.83556296
0.82790594
0.82058385
0.81252128
0.80433605
0.79691175
0.78977387
0.78229173
0.77651008
0.77282519
0.76950646
0.76829014
0.76941297
0.77187079
0.776366
0.78434266
0.79526641
0.80707492
0.82029072
0.83371512
0.84511666
0.85613481
0.86782136
0.87951396
0.89064618
0.90116514
0.90946616
0.91332009
0.91491239
0.91537144
0.91446654
0.91379549
0.9136718
0.91239564
0.90860779
0.90345105
0.89741211
0.88943016
0.88254591
0.8774809
0.8729661
0.86914605
0.86629561
0.86328702
0.85879305
0.8542708
0.84993509
0.84419904
0.83879351
0.83384828
0.82774892
0.82004021
0.81133925
0.80138091
0.78961814
0.77882194
0.76998254
0.76195103
0.75606499
0.75242891
0.74986045
0.7486627
0.75112122
0.7583033
0.76952092
0.78670689
0.80852006
0.83093511
0.85203576
0.86979814
0.88171473
0.88696998
0.88792663
0.88641144
0.88268516
0.88056969
0.88087438
0.88187311
0.88288049
0.88316196
0.88111669
0.87583893
0.86954263
0.86297734
0.8545832
0.84594184
0.83734203
0.82829031
0.8204273
0.81647204
0.81672576
0.81882905
0.82222128
0.82471585
0.82370492
0.82137558
0.82021918
0.82064342
0.82190752
0.82312754
0.82179942
0.81528222
0.80663515
0.79834763
0.79086155
0.78552336
0.78176243
0.77722615
0.77105063
0.7660802
0.76466101
0.7667394
0.77501457
0.78882608
0.80562759
0.82512606
0.84745565
0.87084942
0.89226511
0.91023026
0.9221765
0.92575746
0.92442294
0.92182026
0.92011233
0.92101928
0.92472504
0.92871384
0.92985899
0.92903294
0.92670701
0.92219875
0.91740625
0.91271185
0.90668251
0.89888448
0.89086169
0.88299402
0.87397251
0.86580969
0.85864567
0.85125788
0.84515117
0.84146194
0.8389615
0.83535089
0.82978073
0.82067371
0.80608744
0.7900155
0.77545639
0.76335935
0.75500131
0.75032464
0.74718587
0.74372604
0.74165937
0.74162973
0.74230445
0.74553805
0.75152068
0.7596153
0.7716005
0.79017505
0.81524744
0.84349766
0.87242283
0.89696663
0.9118732
0.91800487
0.91821054
0.91540225
0.91287739
0.91332817
0.91608583
0.91816751
0.91989363
0.92029918
0.91753934
0.91252404
0.90607978
0.89803617
0.88891229
0.8811824
0.87537255
0.86896744
0.86263027
0.85517407
0.84493317
0.83352373
0.82407372
0.81828625
0.81623808
0.81885982
0.82432213
0.82848259
0.83115647
0.83172968
0.82876422
0.82239939
0.81377674
0.80282167
0.78901788
0.77547676
0.76364391
0.75288894
0.74514571
0.74083093
0.73875424
0.73897851
0.74340894
0.75265904
0.76564715
0.78416681
0.80710614
0.83107719
0.85488066
0.87696512
0.89477855
0.90679825
0.91412473
0.91726793
0.91562445
0.91285795
0.91065688
0.90895754
0.90878679
0.91047297
0.9122455
0.91179567
0.90957959
0.90527702
0.89748685
0.88898024
0.88112719
0.87332788
0.86565894
0.8587491
0.8519616
0.84423358
0.83805103
0.83424712
0.83115355
0.8289713
0.82651576
0.82128381
0.81239268
0.80175197
0.79089566
0.78002454
0.77218981
0.76754994
0.76376178
0.76068849
0.75810907
0.75508983
0.75202944
0.7521645
0.75771881
0.76867341
0.78792296
0.81415233
0.84236202
0.86819869
0.88782184
0.89814417
0.89910866
0.8958294
0.89278708
0.89162954
0.89508435
0.9020409
0.90886362
0.91363069
0.91629832
0.91643738
0.91315716
0.90851343
0.90267355
0.89411024
0.88474516
0.8759647
0.86752087
0.85936052
0.8524026
0.84606317
0.83865443
0.83266262
0.82911814
0.82704272
0.82685032
0.82780494
0.82733966
0.82346512
0.81729263
0.8098254
0.80070709
0.79344911
0.78865888
0.78435812
0.78000596
0.77568711
0.77128767
0.76797015
0.77029945
0.78070224
0.79789311
0.8217481
0.84861142
0.87280105
0.89111292
0.90309084
0.90895532
0.90958957
0.90903049
0.90885423
0.90799136
0.90749738
0.90714827
0.90548858
0.90232096
0.89908683
0.89598706
0.89177856
0.888552
0.88636743
0.88347537
0.88059719
0.87827779
0.87566038
0.87208998
0.86890485
0.86595949
0.86100151
0.85599463
0.8511525
0.84525531
0.83876289
0.83224303
0.82461612
0.81443239
0.80315837
0.79138569
0.77838548
0.76735556
0.75988057
0.75546791
0.75423314
0.7562676
0.75972662
0.76223455
0.7656558
0.77147549
0.78042852
0.79610059
0.81927849
0.84653894
0.87303327
0.8947146
0.90788843
0.91093142
0.90905767
0.90701431
0.90692163
0.91059077
0.91662957
0.92095422
0.92062608
0.91675158
0.91092208
0.90334248
0.89759503
0.89386565
0.88982763
0.88504252
0.88014565
0.87511733
0.86984906
0.86656279
0.86526988
0.8633729
0.86153266
0.85924941
0.85487378
0.84843019
0.84135623
0.83397557
0.82570813
0.81898787
0.81430496
0.80993674
0.806975
0.80563682
0.80478158
0.80435711
0.80589475
0.80937098
0.81316354
0.81930107
0.82779176
0.8370058
0.84794814
0.86111965
0.87523924
0.8889845
0.90266485
0.91496238
0.92286309
0.92809528
0.9312011
0.93211197
0.93301425
0.93584382
0.94009551
0.94392252
0.94725927
0.9486656
0.94580202
0.94108432
0.93617952
0.93111111
0.92649687
0.92301082
0.91940207
0.9136198
0.90746729
0.90160585
0.89495533
0.88924299
0.88500166
0.88095925
0.87653609
0.8727814
0.86925788
0.86375395
0.85762037
0.85044306
0.84058411
0.82966702
0.8195571
0.81065545
0.80318714
0.79869617
0.796598
0.79416149
0.79357142
0.79577868
0.80100317
0.81158827
0.8290838
0.85179054
0.87606258
0.89985373
0.91986068
0.93266037
0.94052156
0.94558743
0.94884061
0.9518651
0.95558225
0.95852653
0.95845093
0.95671141
0.95369065
0.94850428
0.94326613
0.9387703
0.93396637
0.92856499
0.92383844
0.91958028
0.91388076
0.90842126
0.90301452
0.89608702
0.8889424
0.88282624
0.87721092
0.87109363
0.86493001
0.85766558
0.84663239
0.83410934
0.8211992
0.80777365
0.79539715
0.7854384
0.77734208
0.7700753
0.76526638
0.76291448
0.7611464
0.762054
0.76643637
0.77397149
0.78601642
0.80416043
0.82715888
0.85144145
0.87554764
0.89637445
0.91059688
0.91981226
0.92574963
0.92871328
0.92909396
0.92770384
0.92399584
0.9171965
0.91111166
0.90784019
0.90686841
0.90841627
0.91102358
0.91181524
0.90949084
0.90627483
0.90355003
0.89995699
0.89696259
0.89335406
0.88696856
0.87889924
0.87179296
0.86679027
0.86314946
0.86075401
0.85697518
0.84782985
0.83454814
0.8189457
0.80233245
0.78697419
0.77482979
0.76539671
0.75695349
0.75097106
0.74744233
0.74481702
0.74462265
0.747427
0.7527012
0.76127171
0.77519671
0.7942741
0.81565201
0.8385772
0.85983254
0.87542626
0.88535745
0.89079378
0.89265061
0.89248233
0.89293960000000006
0.89433973
0.89453372
0.89494058
0.89507128
0.89340413
0.89055893
0.88723446
0.88245284
0.87481819
0.86565902
0.85529385
0.84275538
0.83103968
0.82147284
0.81304153
0.80512156
0.79778468
0.79025747
0.78174613
0.77506211
0.77096525
0.76703373
0.76226915
0.75458488
0.74172439
0.72456609
0.70766887
0.69490884
0.68740958
0.6873856
0.69274694
0.69880135
0.70416351
0.70892675
0.71358618
0.71997906
0.73172415
0.75000648
0.77280723
0.80085621
0.8318019
0.86132022
0.88695967
0.90695717
0.91933821
0.92349418
0.92256295
0.91896824
0.91343126
0.90926072
0.90726942
0.90588721
0.9043679
0.90289969
0.90072148
0.89661243
0.89272251
0.88954514
0.88546025
0.88133763
0.8770678
0.87111544
0.86290673
0.85398345
0.84498277
0.83497104
0.82613202
0.8184252
0.80971928
0.80016212
0.7903306
0.780171
0.77028593
0.76321454
0.75944961
0.75641395
0.75492002
0.75389594
0.75183517
0.75082951
0.75439912
0.76466048
0.78215856
0.80760216
0.83744193
0.86468347
0.88638404
0.90030937
0.90598624
0.90716806
0.90937814
0.91541244
0.92452628
0.93622883
0.94692953
0.95206205
0.95212992
0.9488406
0.94352124
0.93785574
0.93338498
0.92894494
0.92165505
0.91284813
0.90323751
0.89273166
0.88371306
0.87773274
0.87397547
0.87104198
0.86936205
0.86815514
0.86488894
0.86159644
0.85892079
0.85624126
0.85465538
0.85516156
0.85644673
0.85599685
0.85377583
0.84865494
0.83855534
0.82645121
0.81452184
0.80336648
0.7943495
0.78870997
0.78538992
0.78235801
0.78147642
0.78368757
0.78884129
0.79999803
0.81812295
0.8408902
0.86525803
0.8888741
0.90839544
0.92063693
0.92807697
0.93262494
0.93491515
0.93745796
0.94133671
0.94534469
0.94835547
0.95145623
0.95466867
0.95612977
0.9578088
0.9592438
0.95825573
0.95474994
0.94934269
0.94168845
0.93151055
0.9214631
0.91259693
0.90373333
0.89700175
0.8927309
0.88932546
0.88628033
0.88415606
0.88229826
0.87928434
0.87712394
0.87615074
0.87453331
0.87317532
0.87176539
0.86825918
0.86175102
0.85367679
0.84502489
0.83608282
0.83104192
0.8309935
0.83365176
0.83814223
0.84314009
0.84709678
0.85076292
0.85816562
0.87122273
0.88764661
0.90697801
0.92525983999999994
0.93788198
0.94469974
0.94813807
0.95018303
0.95195967
0.95552498
0.96010795
0.96303701
0.96598739
0.96966256
0.97292702
0.97502119
0.97518727
0.97148738
0.9625813
0.95209272
0.94267764
0.93441378
0.92887656
0.92527042
0.92090029
0.91479202
0.90891976
0.90430512
0.89962205
0.89616285
0.89233982
0.88486416
0.87421662
0.86213083
0.84961012
0.83768313
0.82868505
0.82255003
0.81647105
0.81262208
0.81134521
0.81145012
0.81361788
0.81849863
0.82514837
0.83263785
0.84289685
0.85561989
0.86764791
0.87912417
0.88916589
0.89720377
0.90602725
0.91936208
0.93750024
0.95703695
0.97569482
0.99018188
0.99865128
1.0052843
1.0133725
1.0215513
1.0253053
1.020298
1.0045111
0.98156541
0.96462337
0.96437657
0.9821302
1.0110126
1.0367125
1.0444963
1.0287504
0.99736681
0.96344334
0.93630015
0.92195413
0.91612981
0.9092011
0.89573001
0.87615206
0.8536606
0.83167127
0.81418391
0.80098797
0.78902162
0.77990756
0.77470371
0.77259224
0.77296445
0.775382
0.77917706
0.78594927
0.79963648
0.82154359
0.84972112
0.88130639
0.91012333
0.9298333
0.93853408
0.93904738
0.93773041
0.94296316
0.96194733
0.99223797
1.0219705
1.0378208
1.0315512
1.0082389
0.98678263
0.98707541
1.0127579
1.045242
1.0562326
1.0260738
0.96394456
0.90855854
0.90083543
0.95001553
1.0173074
