0.92062256
0.91551067
0.94998648
1.0012955
1.042732
1.0605424
1.0564439
1.0437625
1.0365157
1.0441372
1.0652172
1.0904654
1.1079116
1.1125682
1.1061696
1.095356
1.0859562
1.0823732
1.083701
1.0855159
1.081965
1.0717489
1.0565753
1.0402329
1.0255787
1.0158795
1.0119687
1.012919
1.0162049
1.0213528
1.0279632
1.0355552
1.0425071
1.0487832
1.054102
1.0581687
1.0602954
1.062926
1.066814
1.0717791
1.0764225
1.0820213
1.0882117
1.0941971
1.0987866
1.1038817
1.1096666
1.1152569
1.1187403
1.1208408
1.1207809
1.1175886
1.1106137
1.102622
1.0949279
1.0877591
1.0803822
1.0739471
1.0675376
1.0594951
1.0485527
1.0366397
1.0247373
1.0132294
1.0022234
0.99350012
0.98676912
0.98063387
0.97402597
0.96864852
0.96571625
0.96629692
0.97179681
0.98483351
1.0052557
1.0303723
1.056534
1.0813952
1.1018717
1.1155242
1.1224088
1.1259762
1.1290667
1.1330954
1.1387723
1.146842
1.1554714
1.1614223
1.1627905
1.1603739
1.1548472
1.1465565
1.1368778
1.1282557
1.1211523
1.1142831
1.1070513
1.1002664
1.0937021
1.0861989
1.0778027
1.0697847
1.0621425
1.053637
1.0442034
1.0349926
1.0262215
1.0170793
1.0080256
1.0003848
0.99426584
0.98845381
0.9830465
0.97916693
0.97735013
0.97729177
0.98028185
0.98789268
0.9998092
1.0132766
1.0263522
1.0374266
1.044622
1.0462416
1.0442674
1.0424152
1.0436323
1.0484835
1.0578747
1.0712638
1.0860074
1.0979104
1.1058029
1.1099975
1.1109734
1.1082775
1.1036632
1.0986103
1.0933877
1.0867039
1.0797066
1.0736271
1.0687524
1.0634841
1.0580599
1.0522652
1.0452954
1.0355326
1.0246619
1.0148252
1.0076079
1.0026014
1.0009585
1.0025836
1.0062069
1.0090865
1.0116606
1.0147062
1.0189188
1.0234416
1.029846
1.0385548
1.0488232
1.0578945
1.0660318
1.073089
1.0787234
1.0812025
1.0820842
1.0821734
1.0817093
1.0791078
1.0759320000000001
1.0726285
1.0690123
1.0630755
1.0561952
1.0487624
1.0409617
1.0315402
1.0228434
1.0159516
1.0112444
1.0069579
1.0043667
1.0032183
1.0029565
1.0016017
1.0011121
1.0023375
1.0058078
1.0099955
1.0165738
1.0253531
1.0356065
1.0447213
1.0539605
1.0631454
1.0718887
1.0778198
1.0824598
1.0856228
1.0870489
1.0847619
1.081189
1.0770284
1.072735
1.0665277
1.0605835
1.0548148
1.0488901
1.0407639
1.0327045
1.025145
1.0182948
1.0104993
1.0037406
0.99780925
0.99214688
0.98480453
0.97791711
0.9721993
0.96840266
0.96590751
0.96728437
0.97263559
0.98092518
0.98917165
0.99758843
1.0049927
1.0106555
1.0136221
1.0169605
1.0221426
1.0297009
1.0380663
1.0479634
1.0577548
1.0653832
1.0683909
1.0686022
1.0668748
1.0639139
1.0592983
1.0552095
1.0514635
1.0470401
1.0402475
1.0328973
1.0255412
1.0183719
1.0107578
1.0046414
0.99991076
0.99563423
0.9903315
0.98554131
0.98142583
0.97759397
0.97310485
0.96951554
0.96682142
0.96447398
0.96174376
0.96041348
0.96066651
0.96169484
0.96218805
0.96315524
0.96461354
0.96660776
0.96974611
0.97693548
0.98892552
1.0043026
1.0201317
1.0345869
1.0445691
1.0475498
1.0432802
1.0355014
1.0276103
1.021924
1.0196691
1.0221272
1.0277082
1.0334139
1.0371069
1.0394942
1.0409919
1.0416238
1.041701
1.0425488
1.0434966
1.042597
1.0386802
1.0328085
1.0255407
1.0169524
1.0078509
1.0002268
0.99434359
0.98897248
0.98341272
0.97844554
0.97402434
0.96942844
0.96502705
0.96241482
0.96171322
0.96145338
0.96076026
0.95989615
0.95840042
0.95533411
0.95156752
0.94938805
0.94975187
0.95167022
0.95452151
0.95798549
0.96067279
0.96072803
0.95878154
0.95719034
0.95759252
0.95994045
0.96468522
0.97191387
0.98019856
0.98707228
0.99243108
0.99752117
1.0030865
1.0084827
1.0141724
1.020301
1.0257594
1.0284341
1.028724
1.0280946
1.0276333
1.0271204
1.0277053
1.030058
1.0335976
1.036415
1.0389097
1.0420189
1.0461429
1.0501526
1.0545382
1.0592429
1.0630773
1.0634139
1.0602506
1.0541945
1.0458435
1.0348031
1.0232342
1.0130265
1.0050134
0.99795838
0.99263723
0.9891946
0.98692966
0.98355046
0.97950257
0.97507286
0.97017267
0.96332045
0.9559017
0.94887062
0.94265554
0.93607162
0.93065305
0.92702936
0.92500024
0.92254976
0.92058411
0.919451
0.91948085
0.91994468
0.92335864
0.93103966
0.94305361
0.95680612
0.97189588
0.98649661
0.99875038
1.006218
1.0110491
1.0152459
1.0207286
1.0272162
1.0367705
1.0489275
1.061979
1.072232
1.0799307
1.0846871
1.0865453
1.0842694
1.0803362
1.0756056
1.0703764
1.0629298
1.0551934
1.0476079
1.0404138
1.0319504
1.0241869
1.0172187
1.0106946
1.0022697
0.99343271
0.98412652
0.97437339
0.96264153
0.95150537
0.94193067
0.9347194
0.92877691
0.92629484
0.92721413
0.93076103
0.93421939
0.93843054
0.94275077
0.94676877
0.94907458
0.95215344
0.95668403
0.96272819
0.9684598
0.97504333
0.98161213
0.98709756
0.98961626
0.99129315
0.99292611
0.99514453
0.99723985
1.0014106
1.0074213
1.0141092
1.018969
1.0229403
1.0255231
1.0262069
1.0238242
1.0206432
1.0171601
1.0131807
1.0073338
1.001273
0.99499842
0.98815211
0.97977144
0.97214292
0.96603825
0.96156095
0.95775181
0.95612548
0.95623301
0.95672295
0.95551624
0.95348939
0.95045295
0.9461129
0.94007546
0.93471269
0.93074964
0.92787428
0.92500603
0.92333193
0.92273644
0.92286654
0.92363345
0.92746735
0.9351041
0.94588116
0.95817871
0.97186208
0.98528434
0.99660417
1.0049701
1.012436
1.0200961
1.0280719
1.035962
1.0444669
1.0525149
1.0584572
1.0616375
1.0639643
1.0664997
1.0693723
1.0724415
1.0763988
1.0801265
1.0816693
1.0800617
1.0766578
1.0721988
1.0666888
1.0603787
1.0544908
1.0486222
1.041306
1.0319695
1.0219635
1.0118564
1.0013205
0.99056912
0.98088178
0.97213009
0.96304758
0.95334539
0.94433527
0.93643906
0.928977
0.92204001
0.91667502
0.91259555
0.9082525
0.90330851
0.89875563
0.89472944
0.89034327
0.88604571
0.88320676
0.88203831
0.88144727
0.88165622
0.88355866
0.88689087
0.89012662
0.89333869
0.89742248
0.90257985
0.90812416
0.91519994
0.92529529
0.9384872
0.95300777
0.96825943
0.98369462
0.99799681
1.0091913
1.0178981
1.0256332
1.0333541
1.0406446
1.0485044
1.0575136
1.0670268
1.075012
1.0815484
1.0870866
1.091554
1.0936155
1.0938802
1.0928441
1.0902291
1.0844864
1.0764391
1.0671604
1.0572676
1.046016
1.0346986
1.0241733
1.0143653
1.0035591
0.99235127
0.98127535
0.970507
0.95891507
0.94791607
0.9385141
0.93090704
0.92345410000000006
0.91688477
0.91141489
0.90683817
0.90160475
0.89711976
0.89424249
0.89317527
0.89223688
0.89238058
0.89365169
0.89574048
0.89710166
0.8996445
0.90455456
0.91241342
0.92168947
0.93330695
0.94641383
0.95934296
0.96888329
0.97562312
0.97966426
0.98145548
0.98036974
0.97937115
0.9799697
0.98294516
0.98695918
0.99359199
1.0025759
1.0129731
1.0219759
1.0302426
1.0371377
1.0420433
1.0429773
1.0419189
1.0395923
1.0365429
1.0314051
1.0262724
1.0214346
1.016789
1.0102662
1.0036119
0.99695499
0.99027655
0.98161925
0.97299363
0.96470336
0.95695265
0.94818187
0.94059607
0.93450815
0.92975931
0.92423772
0.91933636
0.91475997
0.91020755
0.9041719
0.89899864
0.89534141
0.89339794
0.89164821
0.89173383
0.89344362
0.89639484
0.89924865
0.90426911
0.91203473
0.92245662
0.9337205
0.94663542
0.95992762
0.97202024
0.98085132
0.98830279
0.99526867
1.0026076
1.0101536
1.0201756
1.0324034
1.045298
1.0560225
1.064622
1.0699329
1.0710209
1.0670243
1.0605249
1.0528429
1.0447099
1.0358389
1.0281896
1.0216968
1.0153766
1.007556
0.99942917
0.99105943
0.9822659
0.97259592
0.96424455
0.95776364
0.95268366
0.94772016
0.94384324
0.94060929
0.93708191
0.93230741
0.92796748
0.9244705
0.92140779
0.91797173
0.91539982
0.91352419
0.91156143
0.90893912
0.90738371
0.90725823
0.90795392
0.90870319
0.91052311
0.9131128
0.91566848
0.91811023
0.92256002
0.92979148
0.93935234
0.95057779
0.96393386
0.97820287
0.99139294
1.0024993
1.0127308
1.0224243
1.0310984
1.0386469
1.04611
1.0530298
1.0580061
1.0605704
1.0620212
1.0627376
1.0621545
1.0602762
1.0581582
1.0555278
1.0510871
1.0445938
1.0373759
1.0299232
1.0217487
1.0131902
1.0055094
0.99870203
0.99156131
0.98396364
0.97698806
0.97082918
0.96459285
0.95849109
0.95361673
0.95000135
0.9464774
0.94313597
0.94090218
0.93971545
0.93828281
0.93664766
0.93556535
0.93501989
0.93401749
0.93327431
0.93403089
0.93642951
0.9390992
0.94211603
0.94588698
0.95016953
0.95391492
0.95830239
0.96481399
0.97367893
0.98314704
0.992704
1.0015851
1.008415
1.0113279
1.0115896
1.0113437
1.0121985
1.0140068
1.0178782
1.0239245
1.0309161
1.0362153
1.0398234
1.0421583
1.0432829
1.0418453
1.0385779
1.0337795
1.0270975
1.0170678
1.0051818
0.99310894
0.98201793
0.9712348
0.96205015
0.95476932
0.9487185
0.94163122
0.9342488
0.92732355
0.92142673
0.91561296
0.91148561
0.90959853
0.90948348
0.90873548
0.90781724
0.90680264
0.90582594
0.90392674
0.903336
0.90517719
0.90949351
0.91396782
0.91890495
0.9236499
0.92776547
0.93011811
0.9334927
0.9395703
0.94885319
0.95889687
0.9694127
0.97846589
0.98449026
0.98585134
0.98602443
0.98806334
0.99439527
1.0042885
1.0184281
1.0343686
1.0488477
1.0577277
1.0619771
1.0627177
1.0617549
1.0590636
1.0571817
1.0558616
1.0538537
1.0481374
1.0400222
1.0301068
1.019506
1.007633
0.99730592
0.98891169
0.98207266
0.97439444
0.96739559
0.96121904
0.95611124
0.95067981
0.9470554
0.94520809
0.94439214
0.94192469
0.93884112
0.93476077
0.92953272
0.92199883
0.91494943
0.90941139
0.90571443
0.90223347
0.90030346000000006
0.89925459
0.89819655
0.89547643
0.89332825
0.89261786
0.89379412
0.89584669
0.90046436
0.90715634
0.91488819
0.92190092
0.92990946
0.93914943
0.94936683
0.95921154
0.96990287
0.98075906
0.99071169
0.99840993
1.0057598
1.0133793
1.0213474
1.0288284
1.0371678
1.045867
1.0538405
1.0597156
1.0649265
1.0695668
1.0730155
1.0739245
1.0731773
1.0702298
1.0642545
1.0546452
1.0438888
1.0333013
1.0232914
1.0133732
1.0047884
0.99700642
0.98882056
0.97925229
0.97016585
0.96238894
0.95585369
0.94988007
0.94539349
0.94164079
0.93712568
0.93080568
0.92428655
0.91823022
0.91245982
0.90667519
0.90222662
0.89906418
0.89645683
0.89430481
0.89447801
0.89728582
0.90153596
0.90589282
0.91052771
0.91487445
0.91859298
0.92317305
0.93219224999999994
0.94738701
0.96788963
0.99147096
1.0156424
1.0363052
1.0495742
1.0547043
1.054599
1.0524977
1.0507657
1.0515107
1.0561356
1.0633019
1.0699457000000001
1.0743498
1.0768395
1.077716
1.0768185
1.075012
1.0735987
1.0722819
1.069395
1.0646054
1.0589135
1.0527782
1.0457024
1.0382975
1.0316054
1.0253261
1.0177813
1.0087416
0.99904437
0.98904959
0.97821301
0.96756533
0.95861833
0.95164285
0.94518975
0.93909591
0.93364298
0.92842303
0.92206904
0.91543208
0.9100818
0.90677464
0.90461607
0.90423825
0.9060193
0.90918898
0.91161013
0.91353267
0.9156825
0.9183047
0.92042748
0.92325786
0.92776863
0.93397644
0.94039645
0.9477914
0.95663162
0.96651687
0.97549535
0.98388631
0.99167267
0.99833348
1.0023387
1.0050848
1.0079007
1.0115871
1.0153811
1.0206545
1.0277873
1.0361571
1.0435095
1.0501867
1.0561176
1.0608958
1.0628436
1.0630689
1.0621104
1.0600312
1.0554014
1.0495568
1.0431064
1.0361366
1.0271022
1.0172669
1.0071192
0.99679569
0.984932
0.97325027
0.96257931
0.9532302
0.94362894
0.93515354
0.9280348
0.92210235
0.91549752
0.90977352
0.90535975
0.90224965
0.89845491
0.8953399
0.89290818
0.89093472
0.88756325
0.88485224
0.8835536
0.88409694
0.88483674
0.88757167
0.89220341
0.89819482
0.90315522
0.90869376
0.91489787
0.9217968
0.92760393
0.93439734
0.94217668
0.95052995
0.957065
0.96341646
0.96942929
0.97504595
0.97879577
0.98319343
0.98880394
0.99571017
1.0020553
1.009311
1.0170041
1.0245009
1.029958
1.0352636
1.0406908
1.0461181
1.0497888
1.0530617
1.0555802
1.0568549
1.0554003
1.0534079
1.0515013
1.0496614
1.0460581
1.041831
1.0364239
1.0292239
1.0190238
1.0085435
0.99919818
0.99170566
0.98495127
0.98015101
0.97635359
0.97206059
0.96524942
0.95764426
0.95005595
0.94308572
0.93636342
0.93192021
0.92968963
0.92871687
0.92731737
0.92673081
0.92689588999999994
0.92734991
0.92711458
0.92776682
0.92928758
0.93113203
0.93260454
0.9358973
0.94196308
0.95117925
0.96337354
0.98021389
1.0010196
1.0236208
1.0451523
1.0650406
1.0816464
1.0934317
1.0997416
1.1029407
1.1042249
1.1038221
1.1014432
1.098425
1.0943063
1.0878304
1.0782089
1.0673045
1.0560158
1.0444865
1.0328177
1.0227218
1.0141876
1.0060921
0.9976166
0.99011007
0.98382609
0.978117
0.97255467
0.96830853
0.96515207
0.96191877
0.95810222
0.95508453
0.95323232
0.95195416
0.95109449
0.95172725
0.95357012
0.95530095
0.95645317
0.95812827
0.96051809
0.96341786
0.96729963
0.97234496
0.97798025
0.98385143
0.99147388
1.0024704
1.0166824
1.0318041
1.0451203
1.0535775
1.0551925
1.05115
1.0472681
1.0501592
1.0630192
1.0833796
1.1048893
1.1192186
1.1206175
1.1100294
1.0964361
1.0904957
1.0972327
1.1116124
1.12117
1.1116346
1.0766082
1.0246043
0.97911538
0.96612397
0.99845053
1.0640915
1.1270036
1.1379067
