1.0748792
1.0412801
1.052349
1.0946098
1.1442921
1.1796853
1.1911515
1.1817363
1.1631387
1.1475309
1.1440063
1.153249
1.1693205
1.1826882
1.1876634
1.1835287
1.1740433
1.1641154
1.1578981
1.1574238
1.1612169
1.16559
1.1664276
1.1630215
1.1562399
1.1480023
1.1386025
1.1293809
1.120007
1.1094906
1.0960163
1.0794569
1.0611689
1.0429382
1.0259743
1.010804
0.99846784
0.98912869
0.98233319
0.97659101
0.97363584
0.97383152
0.9777811
0.98474076
0.99698228
1.0151587
1.0386533
1.0647016
1.0912591
1.1165315
1.138087
1.1537037
1.1622328
1.1662051
1.1674619
1.167915
1.1670266
1.1677209
1.1699619
1.1729036
1.1739041
1.1730718
1.1707638
1.1671007
1.161505
1.1541521
1.1467045
1.1393254
1.1315929
1.1219252
1.1121362
1.1023249
1.0924626
1.0807685
1.0686453
1.0564321
1.0442008
1.0311161
1.0180179
1.0064885
0.99713406
0.98969007
0.98339025
0.97940313
0.977635
0.97816448
0.9797784
0.98513366
0.99514785
1.0101746
1.0284588
1.0495949
1.0722903
1.0944331
1.1133464
1.1278719
1.1393277
1.1485711
1.1563864
1.1623052
1.1686934
1.175462
1.1818517
1.1850918
1.1859645
1.1844688
1.1806068
1.1734597
1.163947
1.1537736
1.143627
1.1334063
1.1226359
1.1131221
1.1048125
1.0971189
1.0871564
1.0760728
1.0633551
1.0489585
1.0321704
1.0151439
1.0000303
0.98801022
0.97867739
0.97141052
0.9664669
0.96303802
0.96054482
0.95834467
0.95948103
0.96572799
0.97824174
0.99547615
1.0174598
1.0420984
1.0664862
1.0869545
1.1024573
1.1139338
1.1225027
1.1291141
1.1343626
1.1406505
1.1480419
1.1558442
1.1611153
1.1654253
1.1687134
1.1711927
1.1717318
1.1716449
1.1716911
1.1715166
1.1695016
1.164621
1.1575479
1.1480066
1.1356845
1.1195604
1.1021353
1.0844075
1.0673179
1.0501122
1.0349441
1.0226558
1.0133605
1.0057625
0.99972415
0.99566386
0.99328451
0.99195559
0.99116163
0.99272601
0.99726187
1.0051293
1.0146514
1.027367
1.0427071
1.0597168
1.075952
1.0913811
1.1059788
1.119329
1.1302908
1.1385802
1.1455892
1.1514992
1.1560394
1.1577338
1.158461
1.1582146
1.1567788
1.1521134
1.1457462
1.1383003
1.1302809
1.1211988
1.1122639
1.1051519
1.1000286
1.0956944
1.0901466
1.0835421
1.0747363
1.0631162
1.0471213
1.0300167
1.0137029
0.99990654
0.98843007
0.98040934
0.975973
0.97416481
0.97322909
0.97251048
0.97343907
0.97696164
0.98389018
0.99382865
1.0086216
1.0277378
1.0498022
1.0714682
1.0924855
1.1119696
1.1292502
1.1430242
1.1539604
1.1635228
1.172054
1.1788477
1.1826255
1.1845037
1.184103
1.1811866
1.173847
1.1649848
1.1557269
1.1470775
1.1382302
1.1303891
1.1240399
1.1185552
1.1121674
1.1038517
1.0944423
1.083941
1.0722883
1.0585665
1.0451409
1.0326836
1.0216357
1.0106918
1.0013814
0.99407828
0.98860523
0.98358264
0.97898043
0.97553435
0.97349852
0.97298654
0.97433636
0.98014696
0.99152141
1.0088688
1.0300059
1.0556262
1.0839368
1.1127414
1.1385636
1.1608886
1.179651
1.1947108
1.205319
1.2115527
1.2150101
1.2158499
1.2137163
1.2071773
1.1984684
1.1882656
1.1773184
1.1646706
1.1527019
1.1424846
1.1343894
1.1272224
1.120994
1.1160479
1.1114582
1.1054415
1.0960327
1.0839707
1.0691655
1.0521545
1.0323718
1.0133828
0.99689583
0.98399171
0.97369617
0.96642729
0.96198918
0.95964559
0.9583438
0.95835716
0.96192965
0.97045813
0.98461833
1.0032456
1.0270045
1.0539749
1.0815134
1.1053239
1.1249914
1.1400754
1.1508846
1.1573677
1.1614696
1.1655239
1.1701318
1.1742993
1.1761699
1.1761609
1.1734742
1.167979
1.1585122
1.1487482
1.1403939
1.1344079
1.129215
1.1244898
1.1188899
1.1103355
1.0965712
1.0773127
1.055131
1.0324009
1.0113874
0.99286988
0.97952436
0.97121904
0.96680423
0.96333243
0.96104225
0.95993474
0.96042505
0.96237839
0.96706072
0.97595109
0.98905868
1.0051017
1.0220933
1.0399808
1.0574698
1.0734295
1.0852251
1.094658
1.1019858
1.107575
1.110391
1.1117857
1.1126769
1.1130616
1.1118192
1.1085291
1.1044459
1.0997915
1.0946064
1.0879855
1.0822496
1.0776702
1.0739832
1.0688469
1.0629123
1.0557064
1.0466083
1.0343242
1.0196946
1.0047534
0.9909739
0.97924512
0.96992681
0.96490389
0.96387059
0.96563036
0.96685911
0.96791712
0.96814311
0.96781948
0.96704946
0.96871585
0.97550079
0.98867604
1.0072519
1.0292656
1.052902
1.0748603
1.0920065
1.1014852
1.1052538
1.1049886
1.1029184
1.0993529
1.0970999
1.0968138
1.0978559
1.0979348
1.0964801
1.0941445
1.0911438
1.0873002
1.0821771
1.077581
1.0735624
1.069884
1.0643642
1.0590067
1.0539608
1.0491455
1.042818
1.0353257
1.0268456
1.0172302
1.0060166
0.99389433
0.98327162
0.97521479
0.96970978
0.96487587
0.96111773
0.95736949
0.95323621
0.94810231
0.94539583
0.94816558
0.9586661
0.97668817
1.0014914
1.0311742
1.0620729
1.0900902
1.1121501
1.1291066
1.1418514
1.1519062
1.1587545
1.1652529
1.1714199
1.1765206
1.1782337
1.1770618
1.1739237
1.1695085
1.1636202
1.1564255
1.1492321
1.1418091
1.1334973
1.1228327
1.1119853
1.1017437
1.0927405
1.0835624
1.0753811
1.0678487
1.0600179
1.0499729
1.037703
1.0244387
1.0110042
0.99780173
0.98490582
0.97418939
0.96586133
0.95979088
0.95417892
0.95100475
0.95091673
0.95471979
0.96196984
0.97401487
0.99139957
1.0132749
1.0371476
1.0607052
1.0830222
1.1024618
1.1178007
1.1276787
1.1347835
1.1403572
1.1453111
1.1482016
1.150292
1.1511997
1.150056
1.1451676
1.1371877
1.1281739
1.119611
1.1122
1.1058496
1.1020252
1.0998416
1.0977503
1.0922433
1.0842693
1.0735736
1.060521
1.044628
1.0279913
1.0124846
0.99907539
0.98750246
0.97772771
0.9707838
0.96637978
0.96376948
0.96131488
0.96037885
0.96113259
0.9639581
0.96801248
0.97535132
0.98692771
1.0029139
1.0217241
1.0425735
1.0648038
1.0865773
1.1053942
1.1189053
1.1279718
1.132792
1.1342098
1.1315279
1.1284348
1.1262397
1.1254312
1.1241894
1.1226381
1.120554
1.1173498
1.1121321
1.1053726
1.0995279
1.0956445
1.0936385
1.0913219
1.0889277
1.0846426
1.0769015
1.0634405
1.0463994
1.0278904
1.0100278
0.99347873
0.97945556
0.9688531
0.96109584
0.95500833
0.94981188
0.94774169
0.95046697
0.95971141
0.97494292
0.99807225
1.0279254
1.0620038
1.0957838
1.126902
1.1533603
1.1734753
1.1856887
1.1901224
1.1892904
1.1850656
1.1791566
1.172045
1.1670958
1.1651392
1.1659527
1.1667141
1.1674824
1.1672304
1.1650054
1.1594095
1.1514041
1.1431569
1.1359129
1.1297841
1.1238821
1.1188725
1.1133894
1.1058396
1.0931995
1.0772967
1.0591421
1.0405241
1.0223114
1.0073163
0.99728235
0.99207455
0.98953394
0.98740689
0.98495167
0.98142203
0.97729783
0.97364169
0.97510335
0.98448367
1.0029304000000001
1.0278022
1.0572922
1.0872601
1.1132977
1.1312993
1.1410656
1.1452305
1.1467914
1.1480747
1.1500594
1.15442
1.1597187
1.1636485
1.1622439
1.1569424
1.1485467
1.1387269
1.1278677
1.1183329
1.1112879
1.1062472
1.1012167
1.0948634
1.0877747
1.0797354
1.0704047
1.0584179
1.0455673
1.0319236
1.0176185
1.0015639
0.98611439
0.9728046
0.96261336
0.95492962
0.94982614
0.94740328
0.94677982
0.94682699
0.94692871
0.94921747
0.95494099
0.96511606
0.97844996
0.99631668
1.0174459
1.0398741
1.0601565
1.0776772
1.0923266
1.1040983
1.1125882
1.1183503
1.1234881
1.1285839
1.1334607
1.1365208
1.1393995
1.1418521
1.1434949
1.1422158
1.13942
1.1355834
1.1309475
1.124613
1.117236
1.1100107
1.1027933
1.0943189
1.0827818
1.0688998
1.0523827
1.0335641
1.0116267
0.99036401
0.97179651
0.95730835
0.94596424
0.93800391
0.93290115
0.9295304
0.92657797
0.92434206
0.92551012
0.93213909
0.9455526
0.96497439
0.99112393
1.0218834
1.0542623
1.0836233
1.1090923
1.1297663
1.1453239
1.1549223
1.1596732
1.1615845
1.1618635
1.1611712
1.1600108
1.1611872
1.1654112
1.1723381
1.1786238
1.1845256
1.1883374
1.1890277
1.1853788
1.1798653
1.1753586
1.1736662
1.1743707
1.1759923
1.1771189
1.1746371
1.1657574
1.1483789
1.1255727
1.1004921
1.0768414
1.056253
1.0417872
1.0338078
1.0309089
1.0300299
1.0297087
1.0299971
1.0311994
1.0337683
1.0381144
1.0463025
1.0583656
1.0734296
1.0882654
1.103368
1.1176088
1.1301704
1.1391992
1.145733
1.1508189
1.1548468
1.1571184
1.1574516
1.1570673
1.1557423
1.1527578
1.1463423
1.1383699
1.1292216
1.1194492
1.1080243
1.0973386
1.0884214
1.0815255
1.0752616
1.069504
1.0645497
1.0596251
1.0533588
1.0444475
1.0343542
1.0234336
1.0122822
0.99990731
0.98916116
0.98075699
0.97484053
0.96982879
0.96618607
0.96440128
0.9649394
0.96813458
0.9754225
0.98947072
1.0109465
1.0386579
1.0688007
1.0994634
1.1268488
1.1478776
1.1594479
1.1637578
1.163476
1.161491
1.1589848
1.1574835
1.1577165
1.1583613
1.1571429
1.1521666
1.1451426
1.1372879
1.1301828
1.1231727
1.1189237
1.1170601
1.1162308
1.1133119
1.1078342
1.0998151
1.0893546
1.0761874
1.0609325
1.045717
1.0313668
1.0181851
1.0053468
0.99489638
0.98707887
0.98171604
0.97684324
0.97327987
0.97114166
0.97074927
0.97204978
0.97679628
0.98724459
1.0040737
1.0260664
1.0504331
1.0755616
1.0983075
1.1161814
1.1262594
1.1314394
1.1339075
1.1361331
1.1385267
1.1427832
1.1489785
1.1554709
1.1593509
1.158938
1.1552493
1.1491102
1.1416266
1.1328618
1.1258316
1.1210297
1.1180665
1.1143146
1.1102443
1.1053166
1.0988055
1.0890702
1.0762659
1.0615368
1.045504
1.0285663
1.0112073
0.9961447
0.9843674
0.97607881
0.96904046
0.96418353
0.96077435
0.95856108
0.9569264
0.95814612
0.96456496
0.97742637
0.99594933
1.018525
1.043739
1.0686728
1.0905558
1.1068551
1.119798
1.1310586
1.1425152
1.1536227
1.1661219
1.1793403
1.1912724
1.1983759
1.1993841
1.1949748
1.1859762
1.1733029
1.1578575
1.1429519
1.12976
1.1186677
1.1074551
1.0978975
1.0896237
1.0820711
1.0731523
1.0632199
1.0525768
1.0411313
1.0282732
1.0143807
1.0015072
0.99045923
0.98129919
0.97261718
0.96557705
0.95980372
0.95519079
0.95077709
0.94912198
0.95220904
0.96152471
0.97683845
0.99838838
1.0261481
1.0586921
1.0938037
1.1292478
1.1653874
1.2011981
1.2352852
1.2638597
1.2870504
1.3031571
1.3111163
1.3095846
1.3010982
1.2888725
1.2755729
1.2622298
1.2493993
1.2379936
1.2268705
1.2144238
1.1985618
1.1813384
1.1637523
1.1468092
1.1294155
1.1129743
1.0972778
1.0816328
1.0646413
1.0471055
1.0311112
1.0179991
1.0080248
1.0003562
0.99545784
0.99208785
0.98921294
0.98503617
0.98249251
0.98363935
0.99045124
1.0027485
1.0209891
1.0438888
1.06848
1.0906639
1.1076876
1.1195829
1.1266499
1.1298758
1.129628
1.1295001
1.1305711
1.1329845
1.1344006
1.1357343
1.1365603
1.1361831
1.1329621
1.1273758
1.1209238
1.1143421
1.1078047
1.1012482
1.0967402
1.0942089
1.0927951
1.0892233
1.084144
1.0765639
1.0661159
1.0520027
1.0365486
1.0222121
1.0105417
1.0014623
0.99454653
0.98998548
0.98665002
0.98346546
0.97928826
0.97676487
0.9775926
0.98327056
0.99305349
1.0079191
1.0267378
1.0473072
1.0662328
1.0821733
1.0953044
1.1057822
1.1136514
1.1188837
1.1236404
1.1281766
1.1322475
1.1334488
1.1335649
1.1325236
1.1302531
1.1252691
1.1185939
1.1111019
1.1031091
1.0941694
1.0846527
1.0764542
1.0700096
1.0649015
1.0591331
1.0535104
1.0470605
1.0389607
1.0273142
1.0140656
1.0006896
0.98850635
0.97754682
0.9687398
0.96298949
0.9597922
0.95780347
0.95565655
0.95465153
0.95543945
0.95910124
0.96518504
0.97659116
0.99374579
1.0159287
1.0400184
1.0644552
1.0872856
1.1063243
1.1193335
1.1259098
1.1283249
1.1283282
1.127385
1.1253891
1.1248302
1.1255288
1.1264865
1.1246525
1.120668
1.1147536
1.1075222
1.0989732
1.0908899
1.085505
1.0833832
1.0834913
1.0837205
1.0838563
1.0822581
1.0776626
1.0677742
1.0551879
1.0414334
1.0282853
1.0160188000000001
1.0064747
1.0004626
0.99734747
0.99515839
0.99251342
0.98993277
0.98781059
0.98716057
0.98870119
0.99597865
1.0103371
1.0317081
1.0569935
1.0847898
1.1121313
1.1360029
1.1533338
1.1641425
1.1705472
1.1746448
1.1779508
1.1810971
1.1859689
1.1917732
1.1967962
1.1972256
1.19391
1.1866504
1.1761016
1.1621802
1.1474974
1.1342959
1.1236383
1.1149875
1.1077823
1.1023979
1.0976128
1.0916363
1.0817541
1.0689051
1.0531389
1.0352979
1.0154132
0.99694148
0.9821233
0.97202136
0.96548977
0.96171089
0.95990414
0.95865091
0.95684164
0.95443083
0.95448534
0.95912744
0.969832
0.98508405
1.0055296
1.0287921
1.0518884
1.0708075
1.0850908
1.0953807
1.102691
1.1074815
1.1106929
1.1141976
1.1178406
1.1207158
1.1215649
1.1206375
1.117203
1.1112213
1.1030859
1.0957759
1.0910813
1.089654
1.0903349
1.0917944
1.0917987
1.0880467
1.0797505
1.0686156
1.0582764
1.0506562
1.0453051
1.0385156
1.0269767
1.0072269
0.97973104
0.94974351
0.9273438
0.92123405
0.93407525
0.95980658
0.98597919999999994
0.99886762
0.9902695
0.96419971
0.9376522
0.93545093
0.97637202
1.0623526
1.1717565
1.2647181
1.2931329
