0.79937982
0.8421326
0.87122046
0.86502466
0.83794714
0.81579119
0.8109627
0.81309489
0.80432366
0.78151131
0.75569948
0.73861089
0.73392109
0.73423596
0.73000582
0.72073155
0.71160616
0.7066771
0.70733538
0.71102102
0.71520178
0.72194808
0.73352488
0.74975766
0.77015245
0.7928257
0.8171418
0.84357577
0.86771507
0.88339672
0.88603555
0.87298448
0.84964124
0.82758126
0.81499096
0.81514049
0.82466264
0.83317318
0.83313517
0.82320789
0.80526948
0.78569852
0.7703724
0.75970606
0.75295559
0.74821237
0.74205314
0.73480175
0.72794266
0.72100216
0.71551711
0.71268507
0.71197817
0.71555341
0.7237293
0.73248555
0.73967904
0.74416451
0.74704578
0.75636961
0.77774101
0.80829773
0.84163952
0.86683911
0.87440574
0.86674631
0.8501139
0.8279843
0.80425823
0.77795631
0.74718756
0.71894582
0.69991091
0.69179106
0.69466799
0.70230003
0.70731012
0.71017213
0.71198309
0.71191581
0.71076206
0.70682443
0.69970154
0.69485631
0.694916
0.69774442
0.70094049
0.70149729
0.70184372
0.71207986
0.73875384
0.78020696
0.82808405
0.86843167
0.89205912
0.90029427
0.89781886
0.88995242
0.88078939
0.86986673
0.85824495
0.85084433
0.84977443
0.8541096
0.8605372
0.86204791
0.85522432
0.84274845
0.82749352
0.81267236
0.79999291
0.78669406
0.77162737
0.75628904
0.74094117
0.72732815
0.71686827
0.70771243
0.69992465
0.69447038
0.69021555
0.68801138
0.68838357
0.68951694
0.69285234
0.70017474
0.7116087
0.73048739
0.75858794
0.79372752
0.83445723
0.8755949
0.90822018
0.92760403
0.93127786
0.91979307
0.9018525
0.88612833
0.87684706
0.8776046
0.88548983
0.89257032
0.89579123
0.89290547
0.88229821
0.86869494
0.85455719
0.83897634
0.8237652
0.8081841
0.79037582
0.7732229
0.75788368
0.74353957
0.73190733
0.72205634
0.71210467
0.7036893
0.69644471
0.68904294
0.68299819
0.67844883
0.67667413
0.68247337
0.69744522
0.72090789
0.75202528
0.78583765
0.81762944
0.84595076
0.86755558
0.87988781
0.8830994
0.87646113
0.8624499
0.84738702
0.83502897
0.82767772
0.82564435
0.8239317
0.81806061
0.80663576
0.78890211
0.76776495
0.74760905
0.72925635
0.71300425
0.69870466
0.68450298
0.67172477
0.66343852
0.6605604
0.66452079
0.67533474
0.68989394
0.70707568
0.72593033
0.74316824
0.7578034
0.76882138
0.77406711
0.77624347
0.77833614
0.78006485
0.78278269
0.78513213
0.78280709
0.77629415
0.76668431
0.7538732
0.7417067
0.73182639
0.72253708
0.7154492
0.71033495
0.70494031
0.70122813
0.69954971
0.69818376
0.69920758
0.70248633
0.70600545
0.71131461
0.71826741
0.72578913
0.73677783
0.75250734
0.7726638
0.79864054
0.82737851
0.85280142
0.87135186
0.87893849
0.87425625
0.8625424
0.84864916
0.83619275
0.82881687
0.8245999
0.81936908
0.8117811
0.79999977
0.7843036
0.76871153
0.75475452
0.74270331
0.73336038
0.72460986
0.71506745
0.70586389
0.69673404
0.68831487
0.68236808
0.67823793
0.67598902
0.67647605
0.67794923
0.67961925
0.68187765
0.68401225
0.6881379
0.69715361
0.71052188
0.72770856
0.74684359
0.76367607
0.77757773
0.78956021
0.79883849
0.80628305
0.81123675
0.80981566
0.80125891
0.78594945
0.76362252
0.73828868
0.71417077
0.69300871
0.67865818
0.67254029
0.67163111
0.67443646
0.67808584
0.67843149
0.67645278
0.67345117
0.6690725
0.66611013
0.66542823
0.6655793
0.66869527
0.67484551
0.68143497
0.68944341
0.69854083
0.70805075
0.7217728
0.74024631
0.7600168
0.77925741
0.7941775
0.80241673
0.80803315
0.81343265
0.81803047
0.82210614
0.82299059
0.81887899
0.81354704
0.80882575
0.80354876
0.79697721
0.78623509
0.77081618
0.75593333
0.7447488
0.73702533
0.73119891
0.72293168
0.71098044
0.69972824
0.6925923
0.69096105
0.6942289
0.69820446
0.70081788
0.70374771
0.7074515
0.71246167
0.71954802
0.72817603
0.74106694
0.76204545
0.78954215
0.81859749
0.84181109
0.8514564
0.84806395
0.83898937
0.8312754
0.83046554
0.83549758
0.83745901
0.82934809
0.80849806
0.77595972
0.73995816
0.70937629
0.68792832
0.67768628
0.67643013
0.6778262
0.67922673
0.67958719
0.67779731
0.67688246
0.67831167
0.6799606
0.68231458
0.68517186
0.68741902
0.69204718
0.69949885999999994
0.70640157
0.71284468
0.71917943
0.7271679
0.74436297
0.77309221
0.8076231
0.84053571
0.86160824
0.86492315
0.85645082
0.84492308
0.83679114
0.83635997
0.83993459
0.84077979
0.83771238
0.83084438
0.82103422
0.81163773
0.80220984
0.79073017
0.77864815
0.76626392
0.75377356
0.74338494
0.73410838
0.72426753
0.71500392
0.70612199
0.69810504
0.69325481
0.69068586
0.68876871
0.68698202
0.68315001
0.67759488
0.6741757
0.6758338
0.68618777
0.70731569
0.73532832
0.76523577
0.79284963
0.81389742
0.82881282
0.84019872
0.84733685
0.84972865
0.84708158
0.83880955
0.82945831
0.82466455
0.8250138
0.82854865
0.8299617
0.82272262
0.80714832
0.78760642
0.76750204
0.75071724
0.73759912
0.72507646
0.71386316
0.7054354
0.69928705
0.69663808
0.69659797
0.6965866
0.69898778
0.70641057
0.71888025
0.73767066
0.75991605
0.77929786
0.79402428
0.80203086
0.8007475
0.79302995
0.7796993
0.76001355
0.73836454
0.71798214
0.70124439
0.69382696
0.69649333
0.70518031
0.71697546
0.72645836
0.72950623
0.72860229
0.72592409
0.72264221
0.72136969
0.72121483
0.72057846
0.72098515
0.72209861
0.72284949
0.72384369
0.72385967
0.72293709
0.72440068
0.72952298
0.73842497
0.75094213
0.76344006
0.77322135
0.78056351
0.78488873
0.78700585
0.78865033
0.78865979
0.78668691
0.78405023
0.78046556
0.77700116
0.77517835
0.77283801
0.76803572
0.75961131
0.74552858
0.72772162
0.71027519
0.69473298000000006
0.68295239
0.67535704
0.66938149
0.66508981
0.66315448
0.66190367
0.66152402
0.6617995
0.66103329
0.66099148
0.66269643
0.66379995
0.66419044
0.66430395
0.66563967
0.67531003
0.69783959
0.73004134
0.76586449
0.79520326
0.80910994
0.8098344
0.80441229
0.79906353
0.8002834
0.80690938
0.811846
0.8125106
0.80725273
0.79589766
0.78362239
0.77289151
0.76286716
0.75468416
0.74696983
0.73757901
0.72853931
0.72067643
0.71388265
0.71029666
0.70904132
0.707886
0.70755034000000006
0.7078943
0.70943636
0.71522362
0.725216
0.73746228
0.75099002
0.76282256
0.77125405
0.77777159
0.78201296
0.78357572
0.78318417
0.77940528
0.77231932
0.76431735
0.75555964
0.74637673
0.73774259
0.72848964
0.71936177
0.71275365
0.70811268
0.70453127
0.70073501
0.69336559
0.68216421
0.66958815
0.65691558
0.64666292
0.64055397
0.63703288
0.63599343
0.63753669
0.63950764
0.641475
0.64251091
0.63970255
0.63372329
0.62663777
0.61986105
0.61787872
0.62314227
0.63343884
0.64738136
0.66208431
0.67370026
0.68368236
0.69360333
0.70232555
0.71086429
0.71811522
0.72118792
0.72228154
0.72297803
0.72216157
0.72146923
0.72023651
0.71625213
0.71240964
0.71000589
0.70762647
0.70612629
0.70416181
0.70007614
0.69708426
0.69686892
0.69851488
0.70214645
0.70510609
0.70497262
0.70464749
0.70693455
0.71360713
0.72697557
0.74479824
0.76273283
0.77908765
0.79150442
0.7989242
0.80364301
0.80578992
0.80481539
0.8019304
0.79602865
0.78656699
0.77560034
0.76320726
0.74976569
0.73709272
0.72465731
0.71267071
0.70278339
0.69439673
0.68756874
0.6832309
0.68023034
0.6787927
0.68008818
0.68279539
0.68630016
0.69013071
0.69197855
0.69235925
0.69373071
0.69737779
0.70610465
0.7210074
0.73865154
0.7562151
0.77062575
0.7781538
0.779794
0.77751234
0.77103244
0.76192578
0.7501574
0.73348663
0.71421247
0.69567131
0.67977392
0.67085492
0.66983686
0.67262239
0.67708496
0.68045047
0.67975778
0.67782928
0.67696916
0.67650879
0.67792931
0.6798551
0.67890245
0.67689381
0.67493801
0.67276552
0.67317245
0.67584775
0.67845631
0.68267678
0.68917725
0.69818083
0.712853
0.73246793
0.75332229
0.77361751
0.78971983
0.79908659
0.80409222
0.80604287
0.80548813
0.80461258
0.80270714
0.79866813
0.79440018
0.78976989
0.78397504
0.7781651
0.77128167
0.76292538
0.75548369
0.74888563
0.74240775
0.73635236
0.72912312
0.72085667
0.71399287
0.70857734000000006
0.70428928
0.7009655
0.69669326
0.69203206
0.68939018
0.68863201
0.68964058
0.69204242
0.69414601
0.69810679
0.70777076
0.72400237
0.74715714
0.77496564
0.80186493
0.82545985
0.8445081
0.85598885
0.85929808
0.85370369
0.83765218
0.81477788
0.78967931
0.76418877
0.74136264
0.72182253
0.703616
0.68892363
0.67949275
0.67405415
0.67312107
0.67480713
0.67529586
0.67562028
0.67641039
0.67624185
0.67671703
0.67753774
0.67714827
0.67883586
0.68406357
0.69152657
0.70202431
0.71366761
0.72392111
0.73519488
0.74820623
0.76157517
0.77580435
0.78798015
0.79475356
0.79790155
0.79832881
0.79655283
0.79550264
0.79459539
0.79182531
0.78794564
0.78184734
0.77242544
0.76147326
0.74894956
0.73495376
0.72202064
0.71043223
0.70018796
0.69275451
0.68713926
0.68265058
0.68033114
0.67923513
0.67918292
0.68151461
0.68564429
0.69201312
0.70197127
0.71421893
0.72806347
0.74317808
0.75694644
0.76865427
0.77866506
0.78536727
0.78925458
0.79147487
0.7910269
0.78921863
0.78744936
0.78418395
0.77971421
0.77415514
0.7656086
0.75545584
0.74533186
0.73448112
0.72434026
0.71544898
0.70616759
0.69789751
0.69145807
0.68541509
0.68082104
0.67758734
0.67404563
0.67238705
0.67414655
0.67879819
0.68839383
0.70243709
0.71769157
0.73441137
0.75129272
0.7655077
0.77866307
0.79039713
0.79874725
0.80567866
0.81085095
0.81226385
0.81153711
0.80787158
0.79907231
0.78693374
0.77146227
0.75203719
0.73214079
0.71321953
0.69549018
0.68181916
0.67203334
0.66452366
0.6601698
0.65773656
0.65588387
0.65614321
0.65780436
0.65965275
0.66260477
0.66570174
0.6686642
0.67345242
0.67945861
0.68593455
0.69374183
0.70240025
0.71344836
0.72994611
0.7511143
0.7749751
0.7993775
0.82065194
0.83846311
0.8543182
0.86620317
0.87161282
0.86846531
0.85523206
0.8366813
0.82081201
0.81139366
0.80895888
0.8099051
0.80740154
0.79973535
0.78930091
0.77769927
0.76743642
0.75849142
0.74750732
0.73497014
0.72300621
0.71220921
0.70492963
0.7010387
0.69727111
0.69413286
0.69265622
0.69264151
0.69688408
0.70550583
0.71532975
0.72692598
0.74040597
0.75533547
0.77572979
0.80192933
0.82922334
0.85448543
0.87176248
0.87599342
0.87046069
0.85994743
0.84881152
0.84315478
0.84290751
0.84328942
0.84204076
0.83595943
0.8234149
0.80856819
0.7940868
0.78075437
0.77066998
0.76225607
0.75289356
0.74337456
0.73327452
0.72241754
0.71296402
0.70475605
0.69742517
0.69238396
0.68843516
0.68422512
0.68046298
0.67682951
0.67510198
0.67915813
0.68930992
0.70446173
0.72301395
0.74099549
0.75717938
0.77271654
0.78614945
0.79641732
0.80322471
0.80550265
0.80601512
0.80830642
0.810432
0.80824196
0.79679488
0.77239776
0.74000855
0.70956611
0.68787733
0.67834053
0.6782412
0.68025305
0.68142459
0.68197594
0.68154275
0.68142572
0.68115972
0.67860531
0.67623435
0.67697003
0.68060196
0.68743505
0.69549171
0.70198563
0.70991237
0.72201756
0.73714115
0.75432349
0.76898136
0.77578656
0.77718975
0.77680119
0.77615271
0.77866016
0.78241325
0.78223302
0.77838086
0.7709006
0.7595148
0.7480154
0.73755699
0.72729163
0.71955494
0.7141027
0.70879162
0.7043749
0.69991517
0.6945183
0.69073032
0.68837394
0.68547654
0.68232682
0.67848938
0.67542198
0.67784431
0.68679542
0.70025905
0.71640497
0.73233729
0.74860902
0.76961083
0.79582366
0.8236999
0.84740987
0.8590905
0.85659579
0.84556155
0.83254708
0.82355839
0.82116475
0.82113531
0.81910703
0.81353733
0.80322902
0.7900936
0.7768956
0.76308982
0.74897075
0.73542655
0.72174449
0.70962471
0.70094786
0.69461736
0.69058039
0.68825432
0.68526577
0.68254665
0.68180319
0.68302579
0.68838813
0.69864814
0.71172513
0.72810353
0.7470651
0.76536422
0.7827455
0.79757579
0.80665988
0.8117485
0.81432005
0.81405155
0.81383535
0.8133903
0.808988
0.80087596
0.78869795
0.77213079
0.75644854
0.74452966
0.73569942
0.73059787
0.72647393
0.71967598
0.71179781
0.70402851
0.69666597
0.69219768
0.68980745
0.68717689
0.68536427
0.68429319
0.6838091
0.68656594
0.69280889
0.70175541
0.71426313
0.72788908
0.73924471
0.74747713
0.75073877
0.7489993
0.74528562
0.7395111
0.73049074
0.71872797
0.70383799
0.68850898
0.67863968
0.6761204
0.67972425
0.68648021
0.69053674
0.68950423
0.68579022
0.68124394
0.67802292
0.67724554
0.67643997
0.67478595
0.67335425
0.67166034
0.67045717
0.67041631
0.67031687
0.67173181
0.67710788
0.68629307
0.69968005
0.71607947
0.73199109
0.74732416
0.76275011
0.77710057
0.7910755
0.80368728
0.81139179
0.81434436
0.81338241
0.80820611
0.80207189
0.79691472
0.79138111
0.78653005
0.78152893
0.77313806
0.76231156
0.7496533
0.73457972
0.72085098
0.71002712
0.70017177
0.69229139
0.6851843
0.67657662
0.66894854
0.6632969
0.65880555
0.6573822
0.65871922
0.66186709
0.66978114
0.68346573
0.7021781
0.72657536
0.75367661
0.77919648
0.80184408
0.81853547
0.82656141
0.82725735
0.82139957
0.81140271
0.80317176
0.79940907
0.8003393
0.80558594
0.81058573
0.81099069
0.80600158
0.79456019
0.77761876
0.75866764
0.73917752
0.72082174
0.70565705
0.69247513
0.68012866
0.66873245
0.6575218
0.64834333
0.64475668
0.64762881
0.65734228
0.67288889
0.68994576
0.70609057
0.72048558
0.73148072
0.74032129
0.74820025
0.75348313
0.75666393
0.75844136
0.75880216
0.75907787
0.75828726
0.75424691
0.74738833
0.73729689
0.72254764
0.70389234
0.683052
0.66526455
0.65927001
0.66710122
0.68040025
0.68717706
0.68047334
0.66783864
0.6674622
0.68684479
0.71138641
0.7158901
0.68846442
0.65085338
0.64729538
0.69949805
