0.70053905
0.74165694
0.76619929
0.75828589
0.73616323
0.72626204
0.73957957
0.76478026
0.78473446
0.79700614
0.81109801
0.83430538
0.86394899
0.88737825
0.89358813
0.88422933
0.86859537
0.85489177
0.84666947
0.84123503
0.83486342
0.82797817
0.8215131
0.815236
0.80925249
0.80253104
0.79662143
0.79474791
0.79657176
0.80090313
0.80537416
0.80539482
0.80071284
0.79426076
0.78763986
0.78356186
0.78228803
0.77969398
0.77421283
0.76551255
0.75302038
0.74078543
0.73207249
0.72644779
0.72527157
0.72721069
0.7284227
0.72982711
0.73196647
0.73408868
0.73955777
0.74895731
0.75962884
0.77249293
0.78611644
0.79792923
0.80975931
0.82115869
0.82995099
0.83697356999999994
0.84071575
0.83936187
0.83531202
0.82951108
0.82258962
0.817573
0.81427862
0.81124419
0.80865273
0.80395624
0.79489287
0.78246257
0.76708067
0.75097851
0.7386374
0.73101061
0.72741217
0.72696549
0.72603998
0.72299357
0.71917742
0.71438088
0.70943215
0.70554763
0.70119833
0.69684449
0.69396058
0.6913064
0.6891093
0.68749473
0.68453111
0.68171266
0.68080172
0.68049948
0.68133195
0.68292834
0.68323802
0.68458737
0.68890331
0.69490742
0.70350147
0.7140913
0.72485873
0.7388458
0.75737469
0.77740138
0.79710202
0.81207041
0.81767322
0.81700705
0.81394003
0.810885
0.81162417
0.81468365
0.81546761
0.81344384
0.80818412
0.80030669
0.79417894
0.79097459
0.78926909
0.78925454
0.78891308
0.7866096
0.78421042
0.78154216
0.77760811
0.77296414
0.76604861
0.7566456
0.74811953
0.74232964
0.74069377
0.7438523
0.74779422
0.74873208
0.74567214
0.73826573
0.72999938
0.72545571
0.72489858
0.72751121
0.73117475
0.73192739
0.73028874
0.72952532
0.73155099
0.73905811
0.75116491
0.76182049
0.76745512
0.76696379
0.76132842
0.75715434
0.7589665
0.76468327
0.77122639
0.77356281
0.76787552
0.75849899
0.75037535
0.74429012
0.74043806
0.73481273
0.72303798
0.70907372
0.69798374
0.69245296
0.69487835
0.70116329
0.70442346
0.70374778
0.69986033
0.69479216
0.69374226
0.69737771
0.70303196
0.70995938
0.71549542
0.71771402
0.71858727
0.71805478
0.71551383
0.7120428
0.70626496
0.6977676
0.68902539
0.68072901
0.67393886
0.6704694
0.66935355
0.67080248
0.67671802
0.6867886
0.70129221
0.72031535
0.74079502
0.76084186
0.77927897
0.79307194
0.80183944
0.80689925
0.8088875
0.81124222
0.81620343
0.82113683
0.8233877
0.81964285
0.80684969
0.78842492
0.76943967
0.75226656
0.73978037
0.73110873
0.72219698
0.71383656
0.70731871
0.70226692
0.70143028
0.70451788
0.70800485
0.7126362
0.71773348
0.72111692
0.72472384
0.72843584
0.73064067
0.7333985
0.73619911
0.73686816
0.7363352
0.73355558
0.72772684
0.72195435
0.71725945
0.71400093
0.71451005
0.71836957
0.7253613
0.73779608
0.75526373
0.77642921
0.80003182
0.82087802
0.83434734
0.83963821
0.83722916
0.83156091
0.82903482
0.83131535
0.83715443
0.84314752
0.84342302
0.83626445
0.824032
0.80892991
0.79468911
0.78323509
0.77227746
0.76105787
0.74948439
0.73672524
0.72560233
0.71866303
0.71548335
0.71731288
0.7236616
0.7312186
0.73967007
0.74779897
0.75254998
0.75526404
0.75705107
0.75766592
0.76062576
0.76566789
0.7678769
0.765757
0.75723341
0.74238544
0.72841494
0.71983531
0.71606015
0.71582889
0.71400914
0.70707804
0.69905756
0.6939772
0.69392273
0.70028167
0.70932308
0.71688416
0.72342534
0.72902159
0.73388245
0.7395304
0.74440989
0.74751614
0.75082211
0.75444219
0.75829831
0.76246645
0.76374029
0.76033695
0.75346143
0.74402919
0.73517215
0.72994591
0.72699843
0.72467075
0.72150319
0.71546758
0.70866498
0.70438167
0.70261605
0.70364954
0.70687485
0.71046955
0.71677534
0.72801189
0.741989
0.75635079
0.76685012
0.76895808
0.76543632
0.7611537
0.7585315
0.76000933
0.76234539
0.75827591
0.74651959
0.72878852
0.70875217
0.69457536
0.68848653
0.68593151
0.68368627
0.67864021
0.67170299
0.67119066
0.68195992
0.70161341
0.72447782
0.74094845
0.74524346
0.74220918
0.73939977
0.74260307
0.75407671
0.7676847
0.77538542
0.77473814
0.76655388
0.75564364
0.74839851
0.74545615
0.74436527
0.74270157
0.73708124
0.72810386
0.72004008
0.71494986
0.71407025
0.71694015
0.71950567
0.72042479
0.7218253
0.72548205
0.73458613
0.74993848
0.76643642
0.77934647
0.78527218
0.78199893
0.7735377
0.76509865
0.75833897
0.75473875
0.75228683
0.7461672
0.73672621
0.72624804
0.71693589
0.71413968
0.71906019
0.72752394
0.73738947
0.74547382
0.74901181
0.75220999
0.75836562
0.76800685
0.78313152
0.80116313
0.8168959
0.82915266
0.83602419
0.83593199
0.83136076
0.82276175
0.80981896
0.79537693
0.78030503
0.76521961
0.75296953
0.74316002
0.73445865
0.72741316
0.72048931
0.71322323
0.70803347
0.70539698
0.70611686
0.7120149
0.72160769
0.73359124
0.74783186
0.76138574
0.77228662
0.77987681
0.78186686
0.77905417
0.77432371
0.76851197
0.76397048
0.76230535
0.76168637
0.76212373
0.76296576
0.76087688
0.75600892
0.74981961
0.74348808
0.74192195
0.74720076
0.75532932
0.76320313
0.76817167
0.7702252
0.7773039
0.79564378
0.82340956
0.85491687
0.8793264
0.88717241
0.88101132
0.86819514
0.85564911
0.84963348
0.84818781
0.84484343
0.83769566
0.82613955
0.81162564
0.79946814
0.79126015
0.7858415
0.78349432
0.7819512
0.77922956
0.77687635
0.77481794
0.77297239
0.77298043
0.77317456
0.77143014
0.76770916
0.76054069
0.75033613
0.74005088
0.73041405
0.72249515
0.71744415
0.71302939
0.70821689
0.70327532
0.69719075
0.69196568
0.69037394
0.69200631
0.69698154
0.70389141
0.70844178
0.70983339
0.70927375
0.70790963
0.71041635
0.71967918
0.73346034
0.74969844
0.76426761
0.77180268
0.77279416
0.76928919
0.76253966
0.75676448
0.75267542
0.74689734
0.73940561
0.72996274
0.7186785
0.71079653
0.70792654
0.70675936
0.70561586
0.70169893
0.69433817
0.68933766
0.68984084
0.69402884
0.69981529
0.70300686
0.70233936
0.70343298
0.70979961
0.72025257
0.73130055
0.73599887
0.73112425
0.72159107
0.71308349
0.70946777
0.71119394
0.71229527
0.70790166
0.6992374
0.69023677
0.68746327
0.69560368
0.71117224
0.72747436
0.73898336
0.74291835
0.74408283
0.75023495
0.76351562
0.78123574
0.79638142
0.80105958
0.79554409
0.78599195
0.77778586
0.77501399
0.77632488
0.77604666
0.77269478
0.76672138
0.75762203
0.74754398
0.73732028
0.72691171
0.7213343
0.723498
0.73025099
0.73790983
0.74017936
0.73244778
0.7202674
0.71061648
0.70681361
0.71083955
0.71772363
0.71985999
0.71625947
0.70754125
0.69533672
0.68457402999999994
0.6763571
0.66973628
0.66663462
0.6666482
0.66878856
0.67432666
0.6816324
0.68904772
0.69789073
0.70774776
0.71851618
0.73121491
0.74327956
0.75215088
0.75779843
0.7601275
0.7623763
0.77002494
0.78455566
0.80506729
0.82802995
0.84608061
0.85502147
0.85510042
0.84794836
0.83880302
0.83237653
0.82854337
0.82684506
0.82561422
0.82133803
0.81436072
0.8060359
0.79594521
0.78604394
0.77712919
0.76763072
0.75941609
0.7538824
0.75020786
0.75040995
0.75416412
0.75811162
0.76281766
0.76782699
0.77126992
0.77572098
0.78091005
0.78382477
0.78498743
0.7832791
0.77762398
0.77194826
0.76796245
0.76534389
0.76558336
0.76653793
0.76537955
0.76320378
0.75982425
0.75538073
0.75245027
0.75059234
0.74904059
0.74948588
0.7518432
0.75655184
0.76496021
0.77433988
0.78119154
0.78376009
0.78038679
0.77336912
0.76750546
0.76399679
0.76241706
0.7611098
0.75671988
0.75024237
0.74535201
0.74285215
0.74291697
0.74359016
0.74059319
0.73449153
0.72833952
0.72310058
0.72057453
0.71999048
0.71758361
0.71381178
0.70983802
0.70469348
0.69967961
0.69414596
0.6856493
0.67687956
0.67036984
0.6662707
0.66700935
0.67156658
0.67638521
0.68290278
0.69157895
0.70175404
0.71578576
0.73234371
0.74765076
0.76133454
0.77198029
0.77889033
0.78559426
0.79328744
0.80114222
0.80922156
0.81425546
0.8130476
0.80662451
0.7960238
0.78359615
0.77354058
0.76619445
0.76016773
0.75475247
0.74730601
0.73711127
0.72654415
0.71634581
0.70758522
0.7016814
0.69698754
0.69288736
0.69029337
0.68823814
0.687207
0.68793019
0.68822388
0.68761548
0.68629458
0.68274544
0.67852877
0.67563012
0.67370181
0.67454747
0.67847029
0.6824326
0.6861005
0.68889808
0.6894073
0.69101249
0.69643261
0.70535785
0.71941466
0.73699933
0.75327294
0.76756208
0.77863985
0.78453554
0.78850329
0.79187695
0.79368667
0.79603042
0.79845609
0.79899556
0.79911665
0.79803157
0.7936764
0.78727676
0.77879183
0.7685242
0.76001342
0.75390229
0.74882544
0.74478329
0.73999712
0.73419358
0.73088378
0.7314042
0.73564119
0.74354301
0.75189733
0.75863629
0.76474519
0.76954254
0.77284197
0.77510063
0.7742029
0.77009994
0.76478902
0.75826368
0.75175688
0.7462552
0.73992343
0.73331368
0.72792004
0.7233493
0.72117728
0.72170896
0.72207605
0.72207424
0.72228894
0.7230346
0.72840935
0.74056463
0.75667257
0.77428282
0.78921867
0.79729109
0.8010138
0.80358803
0.80563527
0.80919523
0.81254803
0.8117404
0.80818158
0.80238863
0.79345599
0.78359764
0.77246999
0.75906943
0.74678704
0.73674033
0.72761197
0.71944811
0.70949286
0.69565761
0.68131897
0.66939799
0.66209348
0.66223483
0.6677562
0.67480038
0.68199206
0.68685408
0.68863136
0.68972535
0.69029173
0.69052776
0.69151036
0.69140337
0.68962472
0.68765807
0.68523656
0.68366508
0.68471964
0.68703634
0.69043361
0.69514048
0.69933107
0.70379601
0.71023563
0.71850809
0.73037104
0.74622172
0.76268897
0.77809708
0.79121197
0.80069522
0.80939249
0.81896793
0.82662767
0.83026494
0.82714011
0.81576744
0.80181526
0.79108415
0.78497481
0.78391121
0.78352598
0.77786846
0.7682843
0.75748865
0.74733369
0.74140436
0.73852183
0.73474991
0.73011338
0.72402677
0.71587641
0.70855171
0.70259674
0.6974905
0.69523009
0.69485398
0.69410341
0.69290822
0.68947499
0.68331405
0.67730622
0.67214218
0.66816956
0.66667456
0.66621277
0.66664184
0.67017703
0.67683946
0.68679783
0.69971448
0.71140641
0.718986
0.72226718
0.7216825
0.72154727
0.72660914
0.73667842
0.7498534
0.76223405
0.76832549000000006
0.7677251
0.76299464
0.75581411
0.74935947
0.74451541
0.73890135
0.73299301
0.72742472
0.72133777
0.71666837
0.71389642
0.7113205
0.71067232
0.71233873
0.7140085
0.7162325
0.71796858
0.7169154
0.71578473
0.71554628
0.71458589
0.71420669
0.71351962
0.71105892
0.70963274
0.70950086
0.70846526
0.70639024
0.70134263
0.69256763
0.68402493
0.67765054
0.67347705
0.67192037
0.67032199
0.66721381
0.66543256
0.66682319
0.67266905
0.68358684
0.69561842
0.70502727
0.71169749
0.71645471
0.72299775
0.73537225
0.75180205
0.76778823
0.77826313
0.77817239
0.7687169
0.75576881
0.74387653
0.73679021
0.73447357
0.73219443
0.72761447
0.72048913
0.71065575
0.70125076
0.69453124
0.6896858
0.6878937
0.68921341
0.69114457
0.69398782
0.69740585
0.69973551
0.70342603
0.70964841
0.71641124
0.72416317
0.73123213
0.73439287
0.73538017
0.73432883
0.7294804
0.72249513
0.71325801
0.70151459
0.69148791
0.68497189
0.6813286
0.68117134
0.68202238
0.6814652
0.68145538
0.68306459
0.68701496
0.69510755
0.70539488
0.71508778
0.72384713999999994
0.73036555
0.73462368
0.73854353
0.74143961
0.7425069
0.74202983
0.73862158
0.73270137
0.72646343
0.7200256
0.71417321
0.70965876
0.70462954
0.69912287
0.69437853
0.68975273
0.68623301
0.68435225
0.6816709
0.67800229
0.67408618
0.6693495
0.66620812
0.6662848
0.66746725
0.66907634
0.66933416
0.66498352
0.65772992
0.65007273
0.64291531
0.63970732
0.6404313
0.64102574
0.64101625
0.63989673
0.63761707
0.63987596
0.64950508
0.66482789
0.68479787
0.70492594
0.72068614
0.73374381
0.7459576
0.75846988
0.77379114
0.79017763
0.80394918
0.81428479
0.81933367
0.81804651
0.8127033
0.80416962
0.79361795
0.78421892
0.7763145
0.76937332
0.76390998
0.75832389
0.75218891
0.74733924
0.74347481
0.74038653
0.73841415
0.73537824
0.73049826
0.72476453
0.71759136
0.71005326
0.70379598
0.69778183
0.69256304
0.68916613
0.68659806
0.68609795
0.68814358
0.68986177
0.69054739
0.68979038
0.68670438
0.6849194
0.68688096
0.69082847
0.69633374
0.70163577
0.70491841
0.71028688
0.72055842
0.73384324
0.74844315
0.7596176
0.76302488
0.7626178
0.76303714
0.76648583
0.7750322
0.78508771
0.7909866
0.79211486
0.78822391
0.7795017
0.7690411
0.75768988
0.74600102
0.7372858
0.73194984
0.72827996
0.72547554
0.72101604
0.71422307
0.70810013
0.70312707
0.6981073
0.69247089
0.68441469
0.67531172
0.66996378
0.66942418
0.67191291
0.67431289
0.67192317
0.66511559
0.65864238
0.65461973
0.65346152
0.65309961
0.64905757
0.64193781
0.63552456
0.63114788
0.62995779
0.6309342
0.63145297
0.63411961
0.64229836
0.65499335
0.67054983
0.68535167
0.69642947
0.70851508
0.72695596
0.75148107
0.77911401
0.80207841
0.81286027
0.81381218
0.81093002
0.80861598
0.81105902
0.8159792
0.81796772
0.81685533
0.81314179
0.80712743
0.80135114
0.7950052
0.78608194
0.77653842
0.76751665
0.75954668
0.7548204
0.75214301
0.74909441
0.74611927
0.74243777
0.7376836
0.73373514
0.72969936
0.72418672
0.71772696
0.7093442
0.69976183
0.69209554
0.68669381
0.68354914
0.68254743
0.68074123
0.67739296
0.67393933
0.67017247
0.66738727
0.66658505
0.66602288
0.66641337
0.66942786
0.67505628
0.68543048
0.70141151
0.72016196
0.74007189
0.75824309
0.7707074
0.77609435
0.77405766
0.767448
0.76376375
0.76738472
0.77618953
0.78440106
0.78507036
0.77772815
0.77057408
0.76897659
0.76911943
0.76225542
0.74260223
0.71799969
0.7059623
0.71281332
0.72411418
0.71662273
0.68213408
0.64529089
0.64716722
0.70097489
