0.6473419
0.68166284
0.71244794
0.71576221
0.69701418
0.67706913
0.67208518
0.68090881
0.68923384
0.68659005
0.67494189
0.66263893
0.65628828
0.65600821
0.6559704
0.65207181
0.64646282
0.64310497
0.64405388
0.64901579
0.65498995
0.65984437
0.66559498
0.67491602
0.68879982
0.70740033
0.72817796
0.74782203
0.76592088
0.78197357
0.79640478
0.81225187
0.82933575
0.84434704
0.85536643
0.85918388
0.85353294
0.84219282
0.82900362
0.8158133
0.80594079
0.79842954
0.78924295
0.77795378
0.76446427
0.74871218
0.7342966
0.72319579
0.7139796
0.70646515
0.69968599
0.69151596
0.68313531
0.67629893
0.67055401
0.66624797
0.66314526
0.65898867
0.65371627
0.64898195
0.64511758
0.64320942
0.64414748
0.64561079
0.6456544
0.64448782
0.64179772
0.63898231
0.63945359
0.64354396
0.6500637
0.65916605
0.66930749
0.67964416
0.69291747
0.70964755
0.72788548
0.74685127
0.76309489
0.77267897
0.77703051
0.77760351
0.77453889
0.77096992
0.76691473
0.75978512
0.75086882
0.74111723
0.73028194
0.72127509
0.71520555
0.70984137
0.70477991
0.69924235
0.69130094
0.68237854
0.67461265
0.66805396
0.66361759
0.66159243
0.65987383
0.65786173
0.65632627
0.65473819
0.65362613
0.65439928
0.65647776
0.65990477
0.66620871
0.67508487
0.68636097
0.70139362
0.71951432
0.73987673
0.76344257
0.78851125
0.81202542
0.83306348
0.84923002
0.85836216
0.86242913
0.86220985000000006
0.85701553
0.84899206
0.83832987
0.82374621
0.80854576
0.79462046
0.78148429
0.77113422
0.76292631
0.75339252
0.74244195
0.73007684
0.71541815
0.70101915
0.68891647
0.67837708
0.67001296
0.66395911
0.65851785
0.65418215
0.65194321
0.65049919
0.64934032
0.64829972
0.64566096
0.64182328
0.63918592
0.63858035
0.64140089
0.64985712
0.66366735
0.68275315
0.70847349
0.7391105
0.77144437
0.80330939
0.83032563
0.84879636
0.85979724
0.86434587
0.86334663
0.86056234
0.85682521
0.85040478
0.84271989
0.83350404
0.82086064
0.80767646
0.79528118
0.78257743
0.77161724
0.76233735
0.75193303
0.74093429
0.72961791
0.71690434
0.70505672
0.69601574
0.68911676
0.68499756999999994
0.68344759
0.68181769
0.67954326
0.6774343
0.67542677
0.67540556
0.67942851
0.68628069
0.69482008
0.70490031
0.7155716
0.72846784
0.74750519
0.77350939
0.8051953
0.84049294
0.87394231
0.90075799
0.92062511
0.93344991
0.93976302
0.94249327
0.9415498
0.9351052
0.92462816
0.91082569
0.89417298
0.87897487
0.86678072
0.85539987
0.84509941
0.83404788
0.81943446
0.80373706
0.7889721
0.774643
0.76234384
0.75181126
0.74065665
0.73012328
0.72164374
0.71424267
0.70830492
0.70337639
0.69713625
0.69034202
0.68496602
0.68073553
0.67807808
0.67716259
0.67613474
0.67557757
0.67796588
0.68332226
0.6915104
0.70300376
0.71636657
0.73187766
0.75255274
0.77837261
0.80696694
0.83617108
0.8613259
0.87897867
0.8909895
0.89866713
0.90198943
0.90275763
0.89997062
0.8916884
0.88110602
0.87058853
0.85994849
0.85154177
0.84410293
0.83361904
0.82082328
0.80666259
0.79107923
0.77736048
0.76674986
0.75684298
0.74729025
0.73773774
0.72697708
0.71730436
0.71114954
0.70773368
0.70654242
0.70648644
0.70485154
0.70188596
0.69982787
0.69905161
0.7003521
0.70468021
0.7108508
0.71955052
0.73397274
0.75497514
0.7821415
0.8145124
0.84716236
0.8750158
0.89686309
0.9115248
0.9189996
0.92272291
0.9238244
0.92181924
0.91881779
0.91459231
0.90733404
0.89886347
0.88926108
0.87678354
0.86379075
0.85066612
0.83568811
0.82093948
0.80727449
0.79355795
0.78183367
0.77261496
0.76351638
0.75456474
0.74550574
0.73472598
0.72390464
0.71510752
0.70792986
0.70298789
0.70032834
0.69763606
0.69471615
0.69279085
0.69146183
0.69159352
0.6945102
0.69877954
0.70381323
0.7109739
0.7201447
0.73212891
0.74941911
0.77136835
0.79594651
0.82220944
0.8464855
0.86504284
0.87824809
0.88612173
0.88904474
0.89081094
0.89234928
0.89168644
0.88922873
0.88339638
0.8717054
0.85713011
0.84171153
0.82549874
0.81134111
0.79953471
0.78751386
0.77608889
0.76548317
0.75395807
0.74269862
0.73245325
0.72193421
0.71246946
0.70533069
0.69910416
0.69366217
0.68916866
0.68429727
0.68011566
0.67866497
0.67899928
0.68012697
0.68180457
0.68269776
0.68404957
0.68943046
0.69918701
0.71200041
0.7273426
0.74364302
0.76186344
0.78681854
0.81950698
0.85606145
0.89132235
0.91752579
0.9296849
0.93156953
0.92863033
0.92437602
0.92227293
0.9202712
0.91333484
0.90228873
0.88875143
0.8736614
0.86087586
0.85090528
0.84060383
0.82975024
0.81772861
0.80250235
0.78539221
0.76777619
0.74950004
0.73316121
0.72113229
0.71265154
0.70738467
0.70440472
0.70080149
0.69611892
0.6918609
0.68825945
0.68665201
0.68877089
0.69347879
0.70010695
0.70954575
0.72093566
0.73429606
0.75148749
0.77157316
0.79279996
0.81509306
0.83607141
0.85332782
0.86782682
0.87885332
0.88500048
0.88822774
0.88876594
0.88582443
0.88239441
0.87897904
0.87307327
0.8655218
0.85515616
0.83970994
0.82221383
0.80531381
0.78941022
0.77705035
0.76817851
0.75936874
0.74989699
0.73937892
0.7264401
0.712962
0.70107202
0.69040338
0.68182446
0.67600617
0.67127214
0.6675174
0.6655551
0.66429545
0.66400737
0.66628541
0.67098621
0.67914063
0.69321742
0.71290362
0.73715652
0.76558572
0.79485907
0.82162423
0.84555829
0.86525106
0.87971994
0.89119164
0.89985711
0.90475608
0.90777277
0.90867658
0.90584562
0.90128496
0.89524823
0.88612894
0.87625537
0.86594585
0.8534593
0.84055604
0.82747175
0.81233307
0.79660759
0.78118064
0.76520449
0.75070729
0.73893454
0.72829671
0.71880381
0.71028788
0.70094428
0.69164416
0.6841834
0.67807432
0.67370537
0.67153238
0.66957902
0.66753884
0.66711981
0.66836783
0.67217846
0.6805953
0.69257642
0.70682325
0.72404888
0.74293163
0.76227955
0.78333120999999994
0.80465728
0.82377925
0.84083909
0.854439
0.86329251
0.87003288
0.87530656
0.87773183
0.87863015
0.87755841
0.87338469
0.86978637
0.86863317
0.86880417
0.87074962
0.87247224
0.87058207
0.8663704
0.86136583
0.85494605
0.84840899
0.8420378
0.83426389
0.82639303
0.81940035
0.81048147
0.79703897
0.7771763
0.74975354
0.71907126
0.6924825
0.67386916
0.66399237
0.66055852
0.65772646
0.65236414
0.64627135
0.64120783
0.63896119
0.6415009
0.64740153
0.65569112
0.66940335
0.69044038
0.71924383
0.7562165
0.79656981
0.83308296
0.86268762
0.88306488
0.89371618
0.89960843
0.9033946
0.90415387
0.90306283
0.89852301
0.88819716
0.87511376
0.8617274
0.84829336
0.83674393
0.82644492
0.81457465
0.80183341
0.78940036
0.7766549
0.76451189
0.75301153
0.74001345
0.72591791
0.71261721
0.70038245
0.69031834
0.68350117
0.67828479
0.67382772
0.6708742
0.6683646
0.66577633
0.66399473
0.66176284
0.65851631
0.6563178
0.65547146
0.65619852
0.6606202
0.66792651
0.67633533
0.6870298
0.69958232
0.713254
0.73082961
0.75249175
0.77581983
0.80081374
0.82465968
0.8427371
0.85563926
0.86355629
0.86615536
0.86717572
0.868133
0.8673054
0.86510019
0.86086198
0.85284017
0.84283145
0.83219219
0.81955907
0.80481606000000006
0.78776466
0.76771299
0.74758066
0.7313964
0.72021801
0.71403176
0.71147915
0.70897598
0.70540637
0.70292242
0.70267364
0.70554724
0.71237242
0.72068682
0.72812436
0.73540169
0.74219555
0.74817409
0.75501491
0.76153517
0.7656199
0.76847713
0.76973221
0.76833715
0.76663751
0.76452473
0.76011021
0.75536641
0.75058614
0.74467683
0.7410647
0.74088787
0.74280547
0.7484405
0.75736291
0.76716773
0.77880049
0.79209033
0.80436829
0.81528349
0.82386663
0.82760927
0.82750584
0.82550053
0.82158677
0.81712038
0.81295707
0.80709117
0.79902439
0.78976869
0.77892604
0.76757311
0.75799387
0.74983198
0.74279069
0.7380119
0.73458039
0.7319048
0.731529
0.73280174
0.73455319
0.73797981
0.74266263
0.74818259
0.75741862
0.77140971
0.78942659
0.81239614
0.83780342
0.86079985
0.88030716
0.89465816
0.90213856
0.90644346
0.90933338
0.9098063
0.90951881
0.90785218
0.90244557
0.89523698
0.8874497
0.87778488
0.86740375
0.85649883
0.84324188
0.82909226
0.81591766
0.80291891
0.79032171
0.77802479
0.7637671
0.74776676
0.73244745
0.71875609
0.70816501
0.70202847
0.69814058
0.69437951
0.69114798
0.68843834
0.68783484
0.69294659
0.70363467
0.71759419
0.73412465
0.75134773
0.76912665
0.79191649
0.82125119
0.85469053
0.88976399
0.92033604
0.94039912
0.95122652
0.95511786
0.9535076
0.95071392
0.94686403
0.93915806
0.92876277
0.91629664
0.90138581
0.88690547
0.87401814
0.86137881
0.85010535
0.84053995
0.83075248
0.82092907
0.81118248
0.79985805
0.78776506
0.77657926
0.76575955
0.755695
0.74713606
0.73839646
0.72895661
0.72011738
0.71145633
0.70334405
0.69768706
0.69366723
0.69031316
0.68873114
0.68793006
0.68720011
0.68872531
0.69218761
0.69635391
0.70288937
0.7114365
0.72126561
0.73551841
0.75490054
0.77763628
0.80417762
0.83166361
0.85512058
0.87442418
0.88878956
0.89711677
0.90265379
0.90684283
0.90856208
0.90904936
0.90798778
0.90332408
0.8964206
0.88849026
0.87868779
0.86827672
0.85808172
0.84652042
0.83394301
0.82124565
0.80702335
0.79118746
0.77485802
0.75755641
0.74033749
0.72585409
0.71408272
0.70442547
0.69725771
0.69084807
0.68420664
0.67921318
0.6758673
0.67345492
0.67315299
0.67402719
0.67544094
0.68085604
0.69218051
0.70979408
0.73583306
0.76820941
0.80190504
0.83546382
0.86606906
0.89034045
0.91051129
0.92709361
0.9384351
0.94627715
0.95030996
0.9484556
0.9426998
0.93435711
0.92282855
0.91008391
0.89702898
0.88239908
0.867155
0.85187494
0.83489497
0.81616367
0.79629477
0.77522355
0.75543555
0.74025307
0.7300077
0.72406049
0.72139772
0.71920854
0.71667442
0.71611697
0.71844684
0.72384898
0.73307148
0.74360828
0.75262646
0.76091471
0.76794098
0.77278452
0.77750799
0.7812022
0.78139793
0.77970471
0.77594885
0.76867658
0.76058645
0.75158066
0.73906576
0.72528797
0.71141814
0.69813541
0.69036308
0.68999051
0.6945279
0.70256265
0.71129358
0.71814901
0.72634032
0.74012556
0.7607059
0.78829656
0.81943636
0.8469924
0.867054
0.87916287
0.88346044
0.88286892
0.88090063
0.87764024
0.87318387
0.86856382
0.8624064
0.85383938
0.84389
0.83157158
0.81633344
0.80023262
0.78328831
0.7650896
0.7479961
0.73268935
0.71937289
0.71104178
0.70808763
0.70882467
0.71427888
0.72419286
0.73783112
0.75844908
0.78671365
0.81934135
0.85468419
0.88809037
0.91389214
0.93243722
0.94470912
0.95087287
0.95433119
0.95588486
0.9531035
0.94681285
0.93796536
0.92630205
0.91479951
0.90563145
0.89730293
0.88909834
0.87984951
0.86641209
0.84844719
0.82798593
0.80606019
0.784984
0.76763966
0.75363169
0.74203654
0.73321735
0.7259635
0.71986231
0.71682926
0.71661708
0.71827057
0.72296968
0.73032199
0.74022259
0.75578871
0.7772775
0.8023413
0.83016131
0.85673851
0.87721367
0.89212501
0.90130721
0.90359564
0.9023251
0.89838657
0.89086041
0.88298531
0.87594481
0.86804606
0.86036314
0.85221145
0.84102837
0.82829772
0.81557465
0.80224298
0.78959874
0.77811317
0.76583826
0.75308205
0.74112192
0.72958979
0.71941191
0.71162661
0.70456748
0.69736055
0.69074928
0.68431993
0.67891731
0.67678648
0.67722166
0.67894923
0.68274701
0.68843091
0.69731378
0.71373811
0.73848055
0.76891212
0.80245743
0.83325224
0.85576931
0.87063687
0.87900416
0.88161198
0.88203573
0.88011933
0.87279011
0.86141905
0.84690243
0.82999479
0.81563217
0.8060969
0.79964023
0.79597407
0.79333122
0.78890554
0.78431091
0.78138656
0.77906525
0.77709261
0.77419881
0.76738027
0.75722795
0.74656429
0.73646178
0.72828367
0.72269541
0.71728358
0.71090337
0.70477422
0.69885188
0.69380907
0.69139002
0.6905201
0.69029831
0.69229691
0.69633346
0.70226233
0.71219812
0.72560597
0.74103319
0.75986213
0.78157759
0.80469942
0.83038408
0.85677086
0.87967181
0.89838307
0.91160183
0.91833162
0.922872
0.92722004
0.92973142
0.93009427
0.92583416
0.91435745
0.89886278
0.88323979
0.86908021
0.85837822
0.85003564
0.84000861
0.82761218
0.81393321
0.79909682
0.78492051
0.77258717
0.76017117
0.74706097
0.73422982
0.72122029
0.70875406
0.69856867
0.68969918
0.68139152
0.67466109
0.66865096
0.66302442
0.65967531
0.6580321
0.65695558
0.65760732
0.65896002
0.65997822
0.66347552
0.67063026
0.68172421
0.69988654
0.72500439
0.75436255
0.78781979
0.82215796
0.8519006
0.87618314
0.89352575
0.90272721
0.90775567
0.91107946
0.91211104
0.91183727
0.90927623
0.90204937
0.89192761
0.8810491
0.8693591
0.85798294
0.84698314
0.83446577
0.82113134
0.80863293
0.79633945
0.78383692
0.77067145
0.75501615
0.73752763
0.72139048
0.7081098
0.69842582
0.692779
0.68895342
0.68536647
0.68317334
0.68218236
0.6818849
0.68355877
0.68662535
0.69089612
0.69960758
0.7132775
0.72968646
0.74813773
0.76501319
0.77609149
0.78335497
0.78807035
0.78918362
0.78953131
0.78860891
0.78339149
0.77583848
0.76706171
0.75621739
0.74572847
0.73620387
0.72562014
0.71503637
0.70534012
0.69562887
0.68740998
0.68171568
0.67686777
0.67280179
0.67025003
0.66863599
0.66937701
0.67460164
0.68343069
0.69512745
0.71066937
0.73054591
0.75708335
0.79358289
0.83779248
0.88298716
0.92203175
0.94741711
0.95659616
0.95502012
0.94833288
0.9396298
0.93112418
0.92079545
0.90647801
0.89191051
0.88058956
0.87347936
0.87205277
0.87362645
0.87375796
0.87368508
0.87461209
0.8769715
0.88061961
0.88249521
0.88047949
0.87714895
0.87516165
0.87449475
0.87313297
0.86719864
0.85612471
0.84595135
0.8417468
0.84122645
0.83652999
0.8194807
0.79140122
0.76692206
0.75970041
0.76708049
0.77071026
0.75088079
0.70810057
0.67193016
0.67765538
0.72916566
