0.7809186
0.81129139
0.85769611
0.88664026
0.88759278
0.8732091
0.86295095
0.86859768
0.88548984
0.89877217
0.89764428
0.88399628
0.8681735
0.85956958000000006
0.86201247
0.87102711
0.87818835
0.88024979
0.87973143
0.88112571
0.88729801
0.89800619
0.90890784
0.91389317
0.91086772
0.90045215
0.88412501
0.86574565
0.84917487
0.83587366
0.82669975
0.82225836
0.82101522
0.82054403
0.8224188
0.82684315
0.83207057
0.83873987
0.84627735
0.85264341
0.85712951
0.86100003
0.86404298
0.86419491
0.86251578
0.85824817
0.84993097
0.84014671
0.83186281
0.82627468
0.82387448
0.82559379
0.83017375
0.83491565
0.84203416
0.8523517
0.86478608
0.87954367
0.89534748
0.90880559
0.91722712
0.92119493
0.92097831
0.91556637
0.90844107
0.90117686
0.89386932
0.88840061
0.88617435
0.88591144
0.88495612
0.88256756
0.87734888
0.86782051
0.85816027
0.85152507
0.84868013
0.85030544
0.85597661
0.86329162
0.87005651
0.87782834
0.88668161
0.89382418
0.89877672
0.89930185
0.89285063
0.88069131
0.86729699
0.85654263
0.85042196
0.85155207
0.85844202
0.86646584
0.87449408
0.88113476
0.88437509
0.88398289
0.88118006
0.87601716
0.86806961
0.86072991
0.85555235
0.85180811
0.85088924
0.85270757
0.85561957
0.85929038
0.86530275
0.87376753
0.88280477
0.8931584
0.90298568
0.90873477
0.91024156
0.9080714
0.90244641
0.89477653
0.88815112
0.8835366
0.87942963
0.87761696
0.87769646
0.87789412
0.87899843
0.88153776
0.88404451
0.88463957
0.88331032
0.87906178
0.86994333
0.8594855
0.84984483
0.84148848
0.83607872
0.83435114
0.83480629
0.83573805
0.83813704
0.84188165
0.8451131
0.84946533
0.85445271
0.85788232
0.85940164
0.85948275
0.85762191
0.85333033
0.84893077
0.84494872
0.8398429
0.8356968
0.83323251
0.83183401
0.83238501
0.83622527
0.84246339
0.84873974
0.8555087
0.86192423
0.86620189
0.87059305
0.87611815
0.88128476
0.8844438
0.8843679
0.87888073
0.86647621
0.85102756
0.83593162
0.82269863
0.81427104
0.81094105
0.81021301
0.81022559
0.81135963
0.8135784
0.81605717
0.82133745
0.82939401
0.83783343
0.84650794
0.85485423
0.86123528
0.86503853
0.86782094
0.8699884
0.87033045
0.8711919
0.87257621
0.87249672
0.87117029
0.86908544
0.86603346
0.86265398
0.86156877
0.86305385
0.86415265
0.86518599
0.86470798
0.86116993
0.85667541
0.8541272
0.8541619
0.85552139
0.85771795
0.85848615
0.85488404
0.849608
0.84493974
0.84139004
0.83962129
0.83926103
0.83803375
0.83418533
0.83030208
0.82849189
0.82874012
0.83304182
0.84018825
0.84651603
0.85010268
0.8509883
0.84902449
0.84409502
0.83900711
0.83449873
0.82932866
0.82529884
0.82308187
0.82189296
0.82190289
0.82400041
0.82746674
0.83059672
0.83490929
0.840162
0.8443867
0.84850993
0.85277098
0.85614527
0.85862685
0.86161242
0.86465672
0.8654153
0.86489321
0.86252622
0.85686887
0.84998783
0.84397153
0.83915429
0.83545005
0.83347436
0.8318079
0.82740447
0.82146151
0.81381133
0.80315821
0.79080411
0.77832329
0.76653955
0.75710662
0.7536045
0.75717354
0.76529139
0.7776475
0.79131725
0.80268128
0.81169237
0.81993046
0.8280606
0.83607688
0.84519796
0.85446988
0.8611708
0.86691616
0.87197683
0.8749092
0.87538775
0.87322266
0.86729199
0.85738248
0.84722046
0.8393101
0.83347534
0.83128591
0.83136188
0.83032024
0.82682805
0.82167263
0.81539091
0.80821539
0.80290558
0.79984825
0.79707366
0.79549528
0.79523105
0.7952121
0.79544486
0.79699517
0.79941202
0.80109593
0.80358133
0.80685176
0.8093863
0.81256814
0.81693501
0.82134337
0.82518585
0.82902731
0.83192927
0.83179931
0.83053073
0.82858823
0.82513075
0.8220506
0.82051888
0.81982804
0.81943082
0.82040048
0.82248435
0.82398911
0.82711286
0.83206587
0.83719121
0.84263831
0.84806223
0.85156711
0.85167522
0.84954463
0.84564284
0.83899345
0.83275079
0.82795207
0.82375872000000006
0.82081843
0.81975458
0.81982225
0.82031633
0.82286329
0.82743861
0.83175754
0.8368282
0.84188656
0.84496072
0.84627666
0.84701857
0.84707966
0.84572857
0.84463055
0.84367448
0.84095312
0.83837319
0.83681551
0.83577641
0.83589763
0.83819293
0.84176363
0.84466596
0.8478316
0.85066316
0.851009
0.850159
0.8484708
0.84494832
0.83984102
0.83466917
0.82964823
0.82402903
0.82010434
0.81819791
0.81674236
0.8168014
0.81872687
0.82168612
0.82586544
0.83276084
0.84203263
0.8513438
0.8611235
0.86973593
0.87432807
0.87543718
0.87398675
0.87003283
0.86427306
0.85885619
0.85420758
0.8489818
0.84543947
0.84389343000000006
0.84298838
0.84334841
0.84508696
0.84663345
0.8465644
0.84552467
0.84291118
0.83648438
0.8284342
0.81948584
0.80946413
0.8004598
0.79456782
0.79183618
0.79130955
0.79350978
0.79707489
0.79890915
0.80024099
0.80140543
0.80177595
0.80247704
0.80466011
0.80723487
0.80808119
0.80772522
0.80573597
0.80096144
0.7966813
0.79484467
0.79514108
0.79747624
0.80163604
0.80586288
0.80831842
0.8108575
0.81386274
0.81548019
0.81641175
0.81619461
0.81371279
0.81016543
0.80849731
0.80970683
0.81230404
0.81657745
0.82083554
0.8228365
0.82487111
0.82951185
0.8372091
0.84709632
0.85760234
0.86487752
0.86474412
0.85887977
0.84964265
0.83901886
0.8310499
0.82764787
0.82738102
0.82817255
0.82977847
0.83150097
0.83195773
0.83383208
0.83734146
0.83998778
0.840706
0.83863109
0.83292363
0.82477894
0.81851007
0.81655614
0.8175653
0.82212182
0.82793918
0.83203069
0.83510446
0.83941698
0.84564556
0.85271424
0.85996238
0.86446937
0.86246426
0.85624423
0.84855772
0.84136491
0.83730861
0.83750565
0.83998239
0.84197517
0.84417335
0.84687497
0.8492201
0.85350396
0.85957222
0.86463772
0.86686211
0.86584305
0.86111046
0.85291228
0.84523749
0.84010214
0.83656484
0.83546075
0.83570982
0.83494014
0.83284554
0.83137034
0.83158508
0.83308645
0.83742435
0.84315237
0.84657618
0.84734072
0.84555036
0.84120535
0.83592854
0.83259502
0.83167955
0.83121953
0.83212201
0.83368826
0.83450308
0.83649306
0.84113796
0.84760599
0.8542507
0.86010698
0.86303467
0.86076793
0.8562775
0.85160428
0.84712507
0.84425077
0.84280052
0.84064878
0.83644549
0.8318176
0.82779488
0.8235414
0.82148935
0.82137496
0.821253
0.82147563
0.82302542
0.82554295
0.8281099
0.83145424
0.83429539
0.83349606
0.8304882
0.82585969
0.81920738
0.81181348
0.80503348
0.79811101
0.78938215
0.77987862
0.76940947
0.75655804
0.74409618
0.73389725
0.72646824
0.72336842
0.72607648
0.73347532
0.74275151
0.75363723
0.76447568
0.77267757
0.77985566
0.78715288
0.79423628
0.80142913
0.80973886
0.81860304
0.82663007
0.83584253
0.84650533
0.85680597
0.86720327
0.87709208
0.88461277
0.88925271
0.89237855
0.89398757
0.89238251
0.88896782
0.88342399
0.87450954
0.86444444
0.85563041
0.84883768
0.84430556
0.84282879
0.84317135
0.84257556
0.84258712
0.84381882
0.84559527
0.84888833
0.85376278
0.85804213
0.85935813
0.85790463
0.85350829
0.84505071
0.83612649000000006
0.82855102
0.82223324
0.81831421
0.81740808
0.8181675
0.81899419
0.82095443
0.82392786
0.82599233
0.82917009
0.83337119
0.83653849
0.83821908
0.83868754
0.83731913
0.83381557
0.83113314
0.83048158
0.83060195
0.83322076
0.83835738
0.84459824
0.85214551
0.86191805
0.87264474
0.88133123
0.88750139
0.88954477
0.88560203
0.87883856
0.87230587
0.8672153
0.86456507
0.86510868
0.86754507
0.86987857
0.87415872
0.88088769
0.88807453
0.89536507
0.90090722
0.9018143
0.89758291
0.89108038
0.8847787
0.8793949
0.8778637
0.87976409
0.88215682
0.88482999
0.88771031
0.88964757
0.88996664
0.8895882
0.88790699
0.88288577
0.87691935
0.87094913
0.86443893
0.85904151
0.85596431
0.85468977
0.85480447
0.85781324
0.86324069
0.86796502
0.87267619
0.87618521
0.87656103
0.8749914
0.8735685
0.87282178
0.87245101
0.87383057
0.87624945
0.87704924
0.87822445
0.88045564
0.88289955
0.88600951
0.89003904
0.89324933
0.89355152
0.89221412
0.88958981
0.88466214
0.88026635
0.87761442
0.87601816
0.87581225
0.87763273
0.8800839
0.88071406
0.88026378
0.87842066
0.87404847
0.87008246
0.86853966
0.86937146
0.87270206
0.87899807
0.88702077
0.89471943
0.90362438
0.91321909
0.92054625
0.9250064
0.92529659
0.91975827
0.90937216
0.89805514
0.88858585
0.88138558
0.8786703
0.8792153
0.87961045
0.8796637
0.87961181
0.87884434
0.8773682
0.87662215
0.87619672
0.87394305
0.87189895
0.87032486
0.8678378
0.86519393
0.86280955
0.85976305
0.8558352
0.85332987
0.85313268
0.85367766
0.85670172
0.86116787
0.86428333
0.86557411
0.86526455
0.86272192
0.8577163
0.85246966
0.84758245
0.84175059
0.83749698
0.83546611
0.83475236
0.83599876
0.83989552
0.84532264
0.85058508
0.85643955
0.86213194
0.86540699
0.86776831
0.86945708
0.86931394
0.86759117
0.86521099
0.86166188
0.85594251
0.85028441
0.84545627
0.84050643
0.83734739
0.83616614
0.8350446
0.83281937
0.82950058
0.82418305
0.81574184
0.80707017
0.79969937
0.79334024
0.78996787
0.78970852
0.7902293
0.78956445
0.78753132
0.78361945
0.77732307
0.77240722
0.77068077
0.77135415
0.77495878
0.78079076
0.78681492
0.79225031
0.79860443
0.80581823
0.81143188
0.81604912
0.81838671
0.81676629
0.81341598
0.81135261
0.81179226
0.81466314
0.82017033
0.82625357
0.82940994
0.83143907
0.83330321
0.83469455
0.83646694
0.83855928
0.83898333
0.83608766
0.83160115
0.82679783
0.8213829
0.81808856
0.81710999
0.81651421
0.81584223
0.81554137
0.81526561
0.8145703
0.81545287
0.81792685
0.81961098
0.82113589
0.82198535
0.82076853
0.81811821
0.8158855
0.81443083
0.81288431
0.81269607
0.81340284
0.81297573
0.81299672
0.81437068
0.81644093
0.81908468
0.82263564
0.82560695
0.82560514
0.8240528
0.8213387
0.81667159
0.81227548
0.80943124
0.80767692
0.807069
0.80882939
0.81250404
0.81601513
0.82054831
0.82545104
0.82861914
0.83079841
0.83261012
0.83341729
0.83308598
0.83311263
0.83350452
0.83260832
0.8325377
0.8335988
0.83459598
0.83646923
0.83980049
0.84345539
0.84624928
0.84895016
0.85102656
0.85018217
0.84841856
0.84602882
0.84199445
0.83736427
0.8334217
0.83001525
0.82685266
0.82590676
0.82748214
0.82965543
0.83372995
0.83888801
0.84255173
0.84390562
0.84323335
0.84028231
0.83518201
0.83104767
0.82904431
0.82758511
0.82763456
0.82834855
0.82772652
0.82597971
0.82491411
0.8252009
0.82643812
0.83034256
0.83625916
0.8414906
0.846611
0.85141412
0.85448993
0.85561383
0.85561422
0.85402654
0.84976853
0.84536
0.84186103
0.83860723
0.83733914
0.83840677
0.84020929
0.84178016
0.84377406
0.84585462
0.84670133
0.84847019
0.85113983
0.85257795
0.85287449
0.85170871
0.84785353
0.84140022
0.83485794
0.82950176
0.82452521
0.82203878
0.82148333
0.82041688
0.81878433
0.81683384
0.81385969
0.80965907
0.80608157
0.80354637
0.80053843
0.79950227
0.80074511
0.80288027
0.80618504
0.81077393
0.81524843
0.81827268
0.82095359
0.82309248
0.82282479
0.82205746
0.82124454
0.81973451
0.81877087
0.81989885
0.82276841
0.82599185
0.83015884
0.8340818
0.83510939
0.83458583
0.83302973
0.82987096
0.8258972
0.82235416
0.81881288
0.81409993
0.81002414
0.80706115
0.80416598
0.80316499
0.80426869
0.80559355
0.80584505
0.80483789
0.8017096
0.79563159
0.78951604
0.78473475
0.78056403
0.77820501
0.77752485
0.777029
0.77652399
0.7776168
0.78053316
0.7836564
0.78786958
0.79178147
0.79270353
0.79129257
0.78871831
0.78535797
0.78209333
0.78092687
0.7818431
0.78281711
0.78529717
0.78876492
0.79110819
0.79239494
0.79264022
0.79077159
0.78640337
0.78158989
0.7771705
0.77188466
0.76798495
0.76549045
0.76294336
0.76100979
0.76079051
0.76203508
0.76408754
0.76807003
0.77315515
0.77638608
0.77855777
0.77943437
0.77807597
0.77570845
0.77425428
0.77401224
0.77433094
0.77660082
0.78042405
0.78366659
0.78779581
0.7932128
0.79887576
0.80475957
0.81121915
0.81687525
0.81958787
0.82046778
0.81975385
0.81668183
0.81395876
0.81311921
0.81360254
0.81507294
0.81784276
0.82086527
0.82242439
0.82438674
0.82703964
0.82860756
0.82961889
0.82986831
0.82820166
0.82495098
0.82241417000000006
0.82137724
0.8205147
0.82108139
0.82234165
0.82245131
0.82283585
0.82494562
0.82835472
0.8319783
0.8355271
0.83729022
0.83486999
0.83112223
0.82813408
0.82640575
0.8276085
0.83185416
0.83685848
0.84054047
0.84369602
0.84673035
0.84865918
0.85216551
0.85720586
0.86149822
0.86430788
0.86526754
0.86329898
0.85809802
0.85235928
0.84750685
0.84272852
0.84033028
0.8401963
0.84021831
0.83998124
0.84009797
0.84037444
0.84057062
0.84307601
0.8480656
0.85299104
0.85811375
0.86228918
0.86351921
0.86211738
0.85986369
0.85713025
0.85298445
0.84869258
0.84349265
0.83513858
0.82542267
0.81596637
0.80737627
0.80119842
0.79945958
0.80198902
0.80699105
0.81547818
0.82636746
0.83670437
0.84651354
0.85546163
0.86251889
0.86816408
0.87436839
0.88090984
0.88502979
0.8866103
0.88398532
0.87537616
0.86353891
0.85205132
0.842919
0.83725103
0.83603432
0.83768807
0.8390205
0.84130659
0.84454216
0.84725459
0.84978023
0.85182203
0.85179958
0.84911487
0.84596312
0.84323673
0.83923765
0.83550613
0.83148336
0.82590972
0.82059033
0.81811157
0.81901671
0.82212751
0.82698624
0.83113125
0.83112494
0.82902862
0.8265559
0.82413553
0.82298597
0.82338023
0.82324899
0.82033637
0.81605153
0.81126653
0.80658737
0.80360588
0.80148608
0.7990091
0.79754207
0.79905503
0.804087
0.81156148
0.81971961
0.82591748
0.82980567
0.8353425
0.84430636
0.85356435
0.85701946
0.84916985
0.83096433
0.81285885
0.80944003
0.82538751
0.84940928
0.86147557
0.84606212
0.80851887
0.77799439
0.78763224
0.8455375
0.91886975
