0.723711
0.77755355
0.82313695
0.83442243
0.8197307
0.80472311
0.80801625
0.8268995
0.84338123
0.844644
0.83298629
0.81886883
0.8113217
0.81145161
0.81262659
0.80953575
0.80330773
0.79703644
0.7926959
0.7905843
0.78825108
0.7840069
0.77949577
0.77550973
0.77105094
0.76595082
0.75939406
0.75189005
0.74628687
0.74241328
0.73862582
0.73555994
0.73356756
0.73511815
0.7467154
0.77088423
0.80452952
0.84267017
0.8759872
0.8960213
0.90314924
0.90109047
0.89460624
0.89116583
0.8924857
0.89461711
0.89618176
0.89473766
0.88846346
0.8814901
0.87656078
0.8727246
0.87074813
0.86902334
0.86395816
0.85688104
0.8498455
0.84288264
0.83780033
0.83456756
0.83004261
0.8238136
0.81687674
0.80914764
0.80243935
0.79801232
0.79364214
0.78803935
0.78145221
0.77334801
0.76536692
0.75988488
0.75547627
0.75022492
0.74399444
0.73673697
0.73239772
0.73932975
0.76278446
0.80341431
0.85745747
0.91313239
0.95662385
0.98046037
0.982263
0.96641358
0.94466267
0.92575971
0.91251985
0.90583436
0.90136162
0.89354901
0.88364448
0.87336391
0.86264218
0.85465904
0.848656
0.8408446
0.8325795
0.82481605
0.81675711
0.81070127
0.80674916
0.80235528
0.79848715
0.79579181
0.7926281
0.78935267
0.78558155
0.77943975
0.77244473
0.76685902
0.76260924
0.76053127
0.76054741
0.76047422
0.76093231
0.76375554
0.76856762
0.77623884
0.78907416
0.80822745
0.83609861
0.87424783
0.91708292
0.95449379
0.97700432
0.97766463
0.95835594
0.93093798
0.90696814
0.89261219
0.88838685
0.88663074
0.87834902
0.86181128
0.83837053
0.81072901
0.78493894
0.76295077
0.74322288
0.72803196
0.71798807
0.71142054
0.71024
0.71321691
0.71642495
0.72014985
0.72401464
0.72647303
0.72964138
0.7337222
0.73589884
0.73624098
0.73495377
0.7318752
0.73066728
0.7331043
0.73601553
0.73698395
0.73449567
0.72946046
0.72990166
0.74483444
0.77591565
0.81796078
0.8600079
0.88920629
0.90060331
0.89856766
0.88994964
0.88112
0.87519952
0.86945587
0.86101535
0.85102799
0.84077058
0.83135933
0.82435521
0.81777793
0.80914181
0.80039704
0.79256902
0.78515243
0.7796853
0.77478378
0.76797896
0.76169551
0.75707042
0.75283188
0.75050026
0.7490915
0.74586047
0.74305932
0.74099081
0.7371144
0.73233615
0.72700197
0.72138526
0.7204033
0.72561824
0.73250151
0.73710442
0.7360748
0.73011632
0.72946065
0.74526536
0.78062876
0.83077319
0.88269989
0.92081786
0.93854093
0.93896733
0.92899674
0.91681665
0.90698095
0.89798836
0.8884019
0.87916145
0.87055116
0.86330638
0.85809792
0.85247504
0.84469818
0.83640049
0.82807309
0.81973706
0.81319857
0.80737245
0.80039449
0.79393883
0.78818482
0.78233713
0.77844467
0.77592427
0.77226085
0.7684266
0.76401885
0.75769423
0.75230428
0.74822022
0.74262269
0.73681299
0.73082168
0.72447756
0.72251286
0.72583479
0.73005242
0.73305454
0.7340356
0.73620746
0.75069651
0.78571215
0.83829269
0.89714164
0.94480877
0.96627149
0.96081809
0.93907997
0.91368965
0.89459157
0.88349657
0.87438128
0.86297468
0.84971842
0.83643795
0.82613321
0.82029394
0.81587532
0.8103661
0.80461339
0.79873025
0.79298337
0.78890595
0.78507125
0.77997072
0.77547533
0.77185763
0.76837109
0.76633074
0.76446876
0.76057275
0.75621575
0.75162474
0.7459625
0.74182425
0.73925757
0.73605662
0.73400998
0.73285338
0.73084565
0.73113926
0.73417872
0.73795733
0.74483607
0.75686332
0.77578954
0.80653531
0.84877279
0.89409694
0.93258252
0.95397829
0.95268016
0.93481756
0.91194655
0.89305617
0.88326544
0.88051014
0.87749819
0.8705848
0.86057244
0.84907087
0.83897757
0.83167385
0.82438245
0.81536992
0.80578486
0.79599275
0.78698287
0.78031624
0.77423825
0.76701258
0.75992032
0.75338777
0.74803248
0.74594036
0.74546818
0.74316166
0.73857007
0.73111357
0.72168156
0.71531172
0.71344893
0.71337585
0.71391958
0.71217879
0.70717457
0.7060432
0.71517913
0.73635018
0.77022612
0.81020701
0.84601836
0.87324743
0.88968596
0.89482353
0.89327507
0.88805771
0.87924448
0.86921674
0.85920789
0.84845557
0.83875855
0.83099791
0.82333482
0.81606927
0.80980339
0.80324305
0.79730772
0.79338999
0.78997489
0.78617304
0.78175167
0.77491076
0.76601532
0.75768209
0.7504084
0.74424353
0.73970041
0.7349312
0.72900614
0.72397975
0.72029287
0.71775019
0.71755535
0.71844758
0.71931315
0.72255134
0.72869073
0.73746025
0.75185736
0.77323386
0.80201905
0.84062301
0.88551845
0.92703644
0.95701408
0.96773403
0.95640375
0.93187459
0.90485882
0.88243637
0.8694271
0.86300603
0.85603811
0.84648299
0.83468164
0.82152507
0.81096748
0.80418783
0.79805185
0.79162286
0.78464532
0.77603602
0.76767908
0.76136202
0.75604241
0.75185732
0.74909412
0.74586918
0.74182543
0.73781089
0.73317109
0.72862814
0.72559512
0.72236266
0.71741074
0.71133103
0.70442901
0.6992992
0.69996326
0.70537864
0.711849
0.71814226
0.72492213
0.73774134
0.76604527
0.8115219
0.86497484
0.91218671
0.93741657
0.93355343
0.90963024
0.88042878
0.85745459
0.84691502
0.84418851
0.83969752
0.83098674
0.81900838
0.80564392
0.79542055
0.78825838
0.78007056
0.7710055
0.7619663
0.75275964
0.7455568
0.74042551
0.73476973
0.72905628
0.72424803
0.7194979
0.71541412
0.71197536
0.70744598
0.70258904
0.69883899
0.69527431
0.69167269
0.68815181
0.68372033
0.67997201
0.67945828
0.68134606
0.68458789
0.69011599
0.69950611
0.71749124
0.74974995
0.79432348
0.84157577
0.87924712
0.89547846
0.88705155
0.86328769
0.83646153
0.81530964
0.80353348
0.79599114
0.7846914
0.76810626
0.7476688
0.72587215
0.70808945
0.69545255
0.68506561
0.67823742
0.67488019
0.67274765
0.67266064
0.67363275
0.6733987
0.67409889
0.67689373
0.67955944
0.68112752
0.68013691
0.67556022
0.67138575
0.6712049
0.67345749
0.67525206
0.67330837
0.66629388
0.65985535
0.66052853
0.66785309
0.67669214
0.68133225
0.68072632
0.68492186
0.70889583
0.75791077
0.82231842
0.88137506
0.91292321
0.90904215
0.88124328
0.84859477
0.82598313
0.81776551
0.8158347
0.80987809
0.79799312
0.78365528
0.7717806
0.76668892
0.76590522
0.76343619
0.75850671
0.75188432
0.74429507
0.73961326
0.73781588
0.73510978
0.73178474
0.72741633000000006
0.720794
0.71502066
0.71163104
0.7093123
0.70884531
0.70899829
0.70637869
0.70140937
0.69519367
0.68791581
0.68268904
0.68075809
0.67980837
0.67940015
0.67971147
0.68076141
0.68648979
0.70169025
0.72761486
0.76368657
0.80603433
0.84610898
0.87645218
0.89340627
0.89578283
0.88722238
0.8747129
0.86257173
0.85282001
0.84626965
0.84011766
0.83168181
0.8218504
0.81118432
0.80044757
0.79248272
0.78684066
0.78086936
0.77486453
0.76808751
0.75966241
0.75288241
0.74872532
0.74512211
0.74253374
0.73955025
0.73372224
0.7277779
0.72304721
0.71822055
0.71445855
0.71093222
0.70549163
0.70056421
0.69762064
0.69536307
0.69447192
0.69400732
0.69211229
0.69193132
0.69748557
0.7102928
0.73181001
0.76017757
0.78950828
0.81576161
0.836448
0.84890698
0.8534588
0.85188214
0.8445825
0.83358809
0.82212255
0.81121178
0.80183336
0.79524091
0.78981846
0.78394437
0.77813866
0.77152323
0.76363413
0.75666944
0.75068117
0.74470086
0.74001938
0.73594264
0.73113915
0.72750704
0.72499152
0.72178095
0.71879516
0.7151963
0.70924262
0.70350672
0.69896168
0.69404709
0.69039399
0.68741542
0.68324471
0.68053332
0.68013743
0.68035957
0.68262312
0.68776249
0.69640685
0.71305516
0.73935189
0.77061843
0.80043577
0.82082487
0.82566676
0.81752428
0.80380755
0.7905568
0.78191994
0.7775109
0.77276231
0.76576399
0.7580425
0.75084196
0.74576413
0.7434566
0.74110334
0.73686985
0.73212012
0.72728243
0.72273242
0.71982355
0.7171597
0.71334368
0.71011277
0.70777113
0.70564247
0.70469241
0.70332935
0.69921949
0.693882
0.6880089
0.68149455
0.67720338
0.67523965
0.67330368
0.67255744
0.67248482
0.67162448
0.67380334
0.68152092
0.69519381
0.71756807
0.74756303
0.77998779
0.81143573
0.83718212
0.85206891
0.85620099
0.851372
0.83936713
0.82509746
0.81239494
0.8017464
0.79420377
0.78957837
0.78514811
0.780244
0.77535415
0.76949062
0.76339595
0.7586769
0.75429719
0.74966767
0.74550343
0.74085866
0.73586507
0.73255049
0.73063194
0.72918246
0.72847631
0.72666091
0.72214079
0.71637183
0.7096469
0.70209599
0.69632764
0.69264859
0.69031221
0.69149301
0.69631843
0.7039342
0.71694926
0.73568567
0.75852141
0.78688111
0.81933065
0.85151428
0.88192542
0.90622593
0.91850084
0.91810597
0.90583929
0.88411542
0.86058969
0.84110079
0.82669643
0.81755911
0.81072377
0.80165305
0.79063509
0.77982935
0.76988687
0.76269106
0.75845856
0.75391458
0.74771664
0.74038888
0.73182703
0.72399889
0.71922471
0.71627171
0.71351114
0.71043548
0.70580224
0.70051862
0.69722961
0.69498894
0.69133782
0.68569752
0.67802218
0.67153104
0.67182057
0.67810139
0.68390082
0.6841016
0.67750777
0.67250235
0.68643509
0.72983295
0.79758177
0.87246388
0.93004646
0.95326803
0.94523866
0.92044943
0.89371827
0.875679
0.86482322
0.85320307
0.83878423
0.82318288
0.80870567
0.79901511
0.79283635
0.78487158
0.77417439
0.76187666
0.74839353
0.73598848
0.72489006
0.71232674
0.69839895
0.68489675
0.67257435
0.66356276
0.65915681
0.65730124
0.6565558
0.6564812
0.65556041
0.65425948
0.65458416
0.65615274
0.65859078
0.66216464
0.66513477
0.66752709
0.6724561
0.68131755
0.69522017
0.71668018
0.74538951
0.77989776
0.81960664
0.85921073
0.89030942
0.90728853
0.90611309
0.88777944
0.86187522
0.83766587
0.81981105
0.8106996
0.80636651
0.80008748
0.79124411
0.78062641
0.76870414
0.75887144
0.7514629
0.74363471
0.73606343
0.72931081
0.7223636
0.7167942
0.7129378
0.70880707
0.70506787
0.70240617
0.69942236
0.69638603
0.69336299
0.6886684
0.68313156
0.67853844
0.67459071
0.67203355
0.67158792
0.67159742
0.67204532
0.67435512
0.67806269
0.68384076
0.69422673
0.71007411
0.73247368
0.76286343
0.79791834
0.83149158
0.85836385
0.87287403
0.87287321
0.86299064
0.84845193
0.83343928
0.82253041
0.8157094
0.81025367
0.80645938
0.80340445
0.7989985
0.79481625
0.79045269
0.78330174
0.77565284
0.76845282
0.76051127
0.75405811
0.74936133
0.74434741
0.74028299
0.73736725
0.73349443
0.72917093
0.72445671
0.7181734
0.7123552
0.70855746
0.70528662
0.70225051
0.69904575
0.69449397
0.69087493
0.69059982
0.69234613
0.69496274
0.69867575
0.70501763
0.72023868
0.75143955
0.79818483
0.85247962
0.90180451
0.9326187
0.93945509
0.92803927
0.90759993
0.88641551
0.86965171
0.85564111
0.84099849
0.82676385
0.81407372
0.80311633
0.79564618
0.78960784
0.78119178
0.77177022
0.7624448
0.75296684
0.74630314
0.74229009
0.73780692
0.73391044
0.73038661
0.72552968
0.72116666
0.71700797
0.71027212
0.70179873
0.69284446
0.68447155
0.68107147
0.68403934
0.68923337
0.69340005
0.69447804
0.69391998
0.70112046
0.72546721
0.76788022
0.82175927
0.87423307
0.91158051
0.9294371
0.93263715
0.92779684
0.92025528
0.91116125
0.89691159
0.87635424
0.85361729
0.83315737
0.81822564
0.80971031
0.8034479
0.79523931
0.78547653
0.77511597
0.7651981
0.75817838
0.75292969
0.74671832
0.74051515
0.73441703
0.72763159
0.72233982
0.71829906
0.71328153
0.70875318
0.70472184
0.69944366
0.69509053
0.6916482
0.68693785
0.68269864
0.67896585
0.67415711
0.67058968
0.66878686
0.66685671
0.66605783
0.66702799
0.66950517
0.67705628
0.69268737
0.71591907
0.74578993
0.77820497
0.80553747
0.82281878
0.82830289
0.82231334
0.80976062
0.79690993
0.78636066
0.77881802
0.77362642
0.76771163
0.75997673
0.75252372
0.74615314
0.74115339
0.73853799
0.73638558
0.73266617
0.72880093
0.72510482
0.72133725
0.71942162
0.71856338
0.71654063
0.71430717
0.71155887
0.70712951
0.70312014
0.69941084
0.69382833
0.68806245
0.68299028
0.67847492
0.67830108
0.68250695
0.68709782
0.69116045
0.69409388
0.69741195
0.70883653
0.73359091
0.76956805
0.8110156
0.84808049
0.87152853
0.88098794
0.88125773
0.87668409
0.87089588
0.86357389
0.85133617
0.83475765
0.81787968
0.80404749
0.79599198
0.7934724
0.79195142
0.78818715
0.78205076
0.77325018
0.76261562
0.75221675
0.74165259
0.73079569
0.72199308
0.71534263
0.70973237
0.70555601
0.70130932
0.69584137
0.69163371
0.68925832
0.68731989
0.68624172
0.68428369
0.67953135
0.67501036
0.67226062
0.67053051
0.67142633
0.67322025
0.67249356
0.67178845
0.67361646
0.67998333
0.69630846
0.72422234
0.76040244
0.80179605
0.84199834
0.87251892
0.88967756
0.89238103
0.88164603
0.86391736
0.8457833
0.83022865
0.81930133
0.81221865
0.80514918
0.79660501
0.7869653
0.77601074
0.76541747
0.75730022
0.75082094
0.745273
0.74094437
0.73641154
0.73131413
0.727222
0.7236511
0.71989428
0.71690545
0.71388359
0.71018397
0.70743858
0.70494112
0.7009379
0.69639275
0.69144661
0.68673444
0.6859729
0.6889017
0.69154469
0.69245032
0.69012891
0.68600598
0.68885053
0.70476341
0.73274481
0.76904481
0.80382265
0.82678145
0.8367026
0.83647429
0.82983917
0.8226213
0.81647884
0.80919429
0.80131723
0.7936363
0.78580186
0.77950817
0.77492372
0.76962916
0.76375945
0.75833167
0.75271698
0.74791309
0.74486111
0.7418403
0.73830907
0.73487838
0.7306607
0.72608723
0.7226604
0.71927428
0.7147174
0.70929283
0.70239087
0.69503002
0.6905275
0.68909118
0.68880411
0.68868577
0.68681431
0.683637
0.68133963
0.68023542
0.68062044
0.68446714
0.69360239
0.71110197
0.74067917
0.78142356
0.82791474
0.87179694
0.90018695
0.9016878
0.87550442
0.83262436
0.79437325
0.7820016
0.7975113
0.81951822
0.81919036
0.78273049
0.72927331
0.70252903
0.73191698
0.79904298
