0.74074075
0.77627547
0.81927949
0.83631847
0.82044784
0.78888645
0.76481986
0.76167503
0.77529887
0.79062926
0.7978706
0.79648659
0.79155272
0.78885686
0.78997996
0.7913258
0.78891286
0.78317719
0.77700051
0.77302377
0.77402265
0.77997618
0.78754702
0.7949358
0.8007759
0.80379698
0.80484846
0.80598372
0.80732118
0.80808479
0.80683988
0.80054793
0.78792627
0.77343005
0.76221926
0.75743688
0.76349053
0.77903339
0.79810329
0.81639961
0.83065922
0.83884881
0.84253492
0.84524332
0.84774156
0.8481451
0.84558682
0.83784513
0.8228352
0.80510862
0.78886424
0.77633805
0.77023111
0.77057168
0.77466337
0.78103989
0.78989567
0.79984391
0.80823687
0.81405213
0.81485571
0.80794727
0.79700816
0.78535806
0.77459974
0.7673244
0.76390675
0.76241108
0.76243654
0.76546722
0.77157955
0.7796103
0.78967596
0.79983225
0.80671778
0.81192667
0.81546341
0.81529568
0.81141596
0.80346705
0.79086115
0.77626199
0.76469935
0.75874787
0.75800417
0.76187138
0.76709713
0.76969862
0.77183407
0.77533293
0.78005421
0.78656899
0.79325701
0.79659415
0.79548675
0.79162413
0.78570976
0.77746659
0.76856292
0.75939529
0.74977186
0.74452065
0.74603705
0.75272413
0.7626176
0.77229889
0.77856697
0.78273737
0.78949421
0.80094162
0.81486272
0.82756216
0.83246901
0.82390664
0.80572997
0.78454726
0.76661198
0.75809734
0.76033644
0.76941905
0.78121057
0.79354257
0.80432675
0.81220171
0.81865514
0.82353463
0.82472382
0.82432609
0.82251775
0.81758064
0.81001577
0.80013142
0.78771325
0.77501161
0.76616591
0.76322974
0.76604419
0.77487876
0.78718978
0.79841174
0.80887587
0.81796091
0.82382415
0.82712733
0.82804915
0.82550473
0.82018093
0.81415448
0.8075526
0.79946468
0.79136104
0.78393269
0.77723811
0.77602505
0.78215642
0.79312711
0.80603222
0.81618474
0.8185772
0.81268748
0.80245518
0.79153541
0.78212032
0.7767241
0.77461286
0.77317397
0.77496453
0.78143446
0.79171778
0.8054796
0.81997046
0.83010397
0.83302577
0.8293601
0.82027335
0.80758784
0.79572376
0.78679894
0.7801983
0.77888995
0.78316113
0.79073672
0.80107395
0.81266854
0.82246318
0.82921301
0.83376174
0.83581192
0.83449022
0.83121171
0.82559512
0.81559954
0.80420371
0.79351137
0.78478353
0.78169372
0.78626544
0.79697575
0.81134565
0.82664734
0.83852713
0.84347506
0.84269201
0.83788577
0.82994872
0.8239606
0.82194797
0.82275295
0.82660717
0.83262234
0.83824098
0.84249534
0.8462657
0.84935062
0.85121919
0.85360269
0.85600022
0.85535257
0.85274582
0.84800904
0.84042002
0.8325086
0.82590301
0.81934885
0.81152465
0.80203401
0.79024282
0.77732063
0.76855402
0.76737011
0.77298723
0.78578921
0.80225686
0.817135
0.8294335
0.83958768
0.84724026
0.85266985
0.85603458
0.85512281
0.84799241
0.83721275
0.8257547
0.8154593
0.81143753
0.81435099
0.82037195
0.82660011
0.82966276
0.8261681
0.81641552
0.8039264
0.79119444
0.77958355
0.77174724
0.76771674
0.76552998
0.76792508
0.77595661
0.78836849
0.80495444
0.82347101
0.83924518
0.84916518
0.8527375
0.84940713
0.83936177
0.82632391
0.81318324
0.80132706
0.79595552
0.79856072
0.80641651
0.81738773
0.82848624
0.83674417
0.84278093
0.84949379
0.85696457
0.86218511
0.86276083
0.85556896
0.8391895
0.82047105
0.80603634
0.79893576
0.80047599
0.8077803
0.81550342
0.82145749
0.82742791
0.8346326
0.84227439
0.84939707
0.85230994
0.84699183
0.83694978
0.82651607
0.81856905
0.81642611
0.81977471
0.82453314
0.82769645
0.82869056
0.82626604
0.81899873
0.80839256
0.79534141
0.78046951
0.76992379
0.76732352
0.77195958
0.78259459
0.79559852
0.80618023
0.81313928
0.81863955
0.82326586
0.82533295
0.82394756
0.81665007
0.80158909
0.78446183
0.77117177
0.76533137
0.77011896
0.7847278
0.80467388
0.82670774
0.84977323
0.8716226
0.88895664
0.9002816
0.90259066
0.89285496
0.87548614
0.85590022
0.83897429
0.83066214
0.83303344
0.84290811
0.85598181
0.86890019
0.8780867
0.88144107
0.8810749
0.8779603
0.87043387
0.86026833
0.84702335
0.8292997
0.80993199
0.7928916
0.78108736
0.77755706
0.78400423
0.79760993
0.81313254
0.82776389
0.83880658
0.84392295
0.84651058
0.8480342
0.84685001
0.84257932
0.83414645
0.8203535
0.80397354
0.79104184
0.78572104
0.7892411
0.80205057
0.82000009
0.83606089
0.84917599
0.85896488
0.86544692
0.87170823
0.8788332
0.88405266
0.88445297
0.87851345
0.86488529
0.84443307
0.82289152
0.80505034
0.79259793
0.78933561
0.79464142
0.80428001
0.81617047
0.82864593
0.83964103
0.84925797
0.85891069
0.86741461
0.87225837
0.87400889
0.87320703
0.87045844000000006
0.87158944
0.87888714
0.88942318
0.89928655
0.90312405
0.89643235
0.88041753
0.86109121
0.84329077
0.8288525
0.81917428
0.81287638
0.80815921
0.81025563
0.82269455
0.84421374
0.871612
0.89814718
0.91636305
0.92441902
0.92637671
0.92616182
0.92497556
0.92307604
0.91760719
0.90563381
0.89206012
0.88179141
0.87633508
0.87560753
0.87523365
0.86875848
0.85435521
0.83603953
0.81878124
0.80639007
0.80238316
0.80564305
0.81200428
0.82242935
0.83668503
0.85269434
0.86987966
0.88603912
0.89735514
0.90258498
0.9034278
0.90068696
0.89413323
0.88518871
0.87321333
0.85647222
0.83925831
0.82520323
0.81649889
0.81656924
0.82544465
0.838769
0.85206279
0.86230172
0.86674897
0.86485922
0.86055076
0.85620132
0.850949
0.84687967
0.84350449
0.83934928
0.83671966
0.83763875
0.84108831
0.84523764
0.84859331
0.84912862
0.84685931
0.84629284
0.84976165
0.85463885
0.85933107
0.85878411
0.8481071
0.82939154
0.8078882
0.78803218
0.77344559
0.76558509
0.76161053
0.75801719
0.75612192
0.75791458
0.76412121
0.77820217
0.79856191
0.81927319
0.83653407
0.84809851
0.85365314
0.85695256
0.8628994
0.87150201
0.87799958
0.87822185
0.86832373
0.84786286
0.82629879
0.81291702
0.81190011
0.82353222
0.84197407
0.85843719
0.86871541
0.87485462
0.88028789
0.88730429
0.89751097
0.90779545
0.91249101
0.91190486
0.90667749
0.89664444
0.88354842
0.86790676
0.84890601
0.82855854
0.81206286
0.80328902
0.80359194
0.81365267
0.82964615
0.84480317
0.85751361
0.86624073
0.86979058
0.87062488
0.87056962
0.8691013
0.86620048
0.86248451
0.85672526
0.84751599
0.83688091
0.82610939
0.81511202
0.80830378
0.80748785
0.81161007
0.8209966
0.83433517
0.84816041
0.86055587
0.87139529
0.87955055
0.88396785
0.88635837
0.88630294
0.88093035
0.87158218
0.85806177
0.83956688
0.81923316
0.80064286
0.78564954
0.7762748
0.77425407
0.77845537
0.78667948
0.7989947
0.81361597
0.82675881
0.83905137
0.84975827
0.8573976
0.86359261
0.86873277
0.86997913
0.86467562
0.85234204
0.83390974
0.81345193
0.79936334
0.79640319
0.80244815
0.81461409
0.82634237
0.83209864
0.83394671
0.83685323
0.84354028
0.85383203
0.86397378
0.86667362
0.85672531
0.83696959
0.81323212
0.79069504
0.77646393
0.77167047
0.7725177
0.77672468
0.78269962
0.78909378
0.79683891
0.80776477
0.82094568
0.83381585
0.8457244
0.85450986
0.85682815
0.85451433
0.84808141
0.83680029
0.82293386
0.80860854
0.79471198
0.78361331
0.77877185
0.78115491
0.78968401
0.80403754
0.82090222
0.83483168
0.84554596
0.85257238
0.85540105
0.85670503
0.85762613
0.85584348
0.84899854
0.83649633
0.81859546
0.79810143
0.78177302
0.77352607
0.77190745
0.77599753
0.78187597
0.78584605
0.79000817
0.79785085
0.81007194
0.82513915
0.83947246
0.84740898
0.84571093
0.8378672
0.82832979
0.81916545
0.81361625
0.81009947
0.80459832
0.79743331
0.79126766
0.78852801
0.79171983
0.80152869
0.81369998
0.82193175
0.82360147
0.81728533
0.80303875
0.78745183
0.77558792
0.76955251
0.77149659
0.78034088
0.79148883
0.80111478
0.8077979
0.81051612
0.80940996
0.80766237
0.80603828
0.80206455
0.79690012
0.79074087
0.7841092
0.78159025
0.78682277
0.79937604
0.81684329
0.83592776
0.85196893
0.86206996
0.86840439
0.87244639
0.8726079
0.86929021
0.85999667
0.84199129
0.81835228
0.79501336
0.77757561
0.77098672
0.7770849
0.79145352
0.80655393
0.81812609
0.82371826
0.82293672
0.82177764
0.82357187
0.82685142
0.82939534
0.82751119
0.81815616
0.8035941
0.79042302
0.783594
0.78430959
0.79211405
0.80243453
0.80924855
0.81316129
0.81509413
0.81457756
0.81239218
0.80757322
0.79813882
0.78582264
0.7759549
0.77265317
0.77737603
0.79042884
0.80734362
0.82099265
0.83022713
0.83488708
0.83521591
0.83423521
0.83319688
0.83005832
0.82334243
0.81377983
0.80267016
0.79280473
0.78965766
0.79491704
0.80481658
0.81701415
0.82677077
0.82988668
0.8281094
0.82506607
0.82248156
0.82081734
0.81913616
0.81419008
0.80410265
0.79260162
0.78398194
0.78041036
0.78566376
0.79832936
0.81312061
0.82710664
0.83839931
0.84521933
0.84791054
0.84789963
0.84417366
0.83487272
0.82155328
0.80603879
0.79031914
0.78136834
0.78279387
0.79323811
0.81027823
0.82892339
0.84296819
0.84985149
0.85107095
0.84790424
0.84076399
0.83164453
0.82054174
0.80654855
0.79439568
0.78744381
0.78627633
0.7917518
0.80226891
0.81414581
0.82586741
0.83839363
0.85122026
0.86207358
0.86966991
0.87058073
0.86090282
0.8440482
0.82460985
0.80711623
0.79768932
0.79868804
0.8070041
0.81822377
0.82914135
0.83713841
0.84186566
0.8469592
0.85339888
0.85747789
0.85751556
0.85025989
0.83415917
0.81457895
0.79870681
0.79078168
0.79199804
0.80024058
0.80979099
0.81590526
0.81980461
0.82374923
0.82802682
0.83482181
0.84162893
0.84314422
0.83808105
0.8275442
0.81364768
0.80076793
0.7934182
0.79228231
0.79557325
0.80288038
0.81220702
0.82029547
0.82831198
0.8352478
0.8378222
0.83523056
0.82730399
0.81455335
0.80105619
0.79270656
0.79178928
0.7965096
0.80462938
0.81163615
0.813396
0.81341045
0.81546936
0.82106069
0.83120533
0.8433281
0.85209999
0.85467325
0.85171306
0.84380124
0.83112218
0.81592617
0.79879702
0.77952852
0.7636963
0.75522181
0.75459991
0.7617939
0.77370267
0.78499437
0.79306311
0.79892787
0.8038149
0.80872022
0.81585269
0.8242167
0.83012028
0.8340753
0.83543579
0.83272436
0.82739956
0.82052906
0.8115708
0.80153642
0.79339523
0.78901463
0.78951574
0.79731049
0.81088597
0.82457676
0.83635431
0.84352933
0.84458524
0.84325194
0.8434263
0.84562203
0.84832602
0.84858785
0.84174123
0.82525288
0.80293077
0.78007457
0.760507
0.74980899
0.74808671
0.75086115
0.7556107
0.76102441
0.76666446
0.77501114
0.78944941
0.80909366
0.8293866
0.84702636
0.8581692
0.86023587
0.85831096
0.85674628
0.85653713
0.85783151
0.85768674
0.85147635
0.8382245
0.82130185
0.80415453
0.78907387
0.77866688
0.77195603
0.76575376
0.76235709
0.76338643
0.76888059
0.78032844
0.7970567
0.81577818
0.83463431
0.85398696
0.87313719
0.89047774
0.90613416
0.91803795
0.92236746
0.92048194
0.9132951
0.90111603
0.88707358
0.87343568
0.86014106
0.84766648
0.83707242
0.82746663
0.81755025
0.80894696
0.80199869
0.79540218
0.79230545
0.79362544
0.79807891
0.80632833
0.81789019
0.83004634
0.84100686
0.85057108
0.8576047
0.86118049
0.86347368
0.86508658
0.8642507
0.8628728
0.86077763
0.85636967
0.8510138
0.84549666
0.83852707
0.82974631
0.82000003
0.80911967
0.79767841
0.78981157
0.78766341
0.79002227
0.7981462
0.80974315
0.82049557
0.82954238
0.83699833
0.84260433
0.84764247
0.85392907
0.86052371
0.86508827
0.86764724
0.8673746
0.86263488
0.85675566
0.85099879
0.8440883
0.83649323
0.82803051
0.81784526
0.8077584
0.80140548
0.80005044
0.80272152
0.80918222
0.81687106
0.82213784
0.82703317
0.83245674
0.8371769
0.84121924
0.84318437
0.84040369
0.83292875
0.82368868
0.81454687
0.80600486
0.79957685
0.79434406
0.78805405
0.78396514
0.78430439
0.78913173
0.79916568
0.81212112
0.82252403
0.82645683
0.82310972
0.81263296
0.79701415
0.78202118
0.77151774
0.76608701
0.76833052
0.77679922
0.78705901
0.79700593
0.80510506
0.80995057
0.81280661
0.81647936
0.82122957
0.82521056
0.82771924
0.82623809
0.81771511
0.80534451
0.79229883
0.78097036
0.77537823
0.77691497
0.78315637
0.79140031
0.79991223
0.80653296
0.81023834
0.81330229
0.81643015
0.81771257
0.81809765
0.81620275
0.80974488
0.80033179
0.79046597
0.78183461
0.77678829
0.77722266
0.78170408
0.78709341
0.79229668
0.79539114
0.79383813
0.79009325
0.78508185
0.7779285
0.76989637
0.76159225
0.75235653
0.74319753
0.7362969
0.73175603
0.72831431
0.72617005
0.72368192
0.71804006
0.71166576
0.70638224
0.70288697
0.70369816
0.70925076
0.71669
0.72331035
0.7276139
0.72779928
0.72346494
0.71807552
0.71391993
0.71087953
0.7118397
0.71703016
0.72475242
0.73557121
0.74899204
0.76183725
0.77107207
0.77481968
0.77120054
0.76050861
0.74772585
0.73692923
0.72917277
0.72722524
0.73034471
0.7357812
0.74365448
0.75402138
0.76476406
0.77348762
0.77814701
0.77599575
0.76625915
0.75348545
0.74252059
0.73586392
0.73732488
0.74587144
0.75670298
0.76716209
0.77558285
0.78059232
0.78316463
0.785711
0.78819676
0.78878476
0.78749645
0.78321943
0.77420958
0.76415432
0.75585285
0.75038705000000006
0.75021595
0.7557834
0.76454568
0.77431276
0.78412837
0.79187743
0.79538263
0.79549674
0.79214124
0.78411691
0.77508683
0.76767432
0.76318113
0.76482721
0.77398146
0.788587
0.80611381
0.82458292
0.84080947
0.85208753
0.85934393
0.86248269
0.85938077
0.85197932
0.84080799
0.82674146
0.81279154
0.80109641
0.79326732
0.79202498
0.79862241
0.81068478
0.82346562
0.83216868
0.83370069
0.82978907
0.82723506
0.82899058
0.83099952
0.8260036
0.80870754
0.78397433
0.76812527
0.77603416
0.80619647
0.83842854
0.84740763
0.82342149
0.78652431
0.77766274
0.82305036
0.90515919
