0.95158629
0.95250103
0.99117326
1.0386533
1.0666755
1.0644175
1.0395829
1.0103352
0.99324387
0.99559264
1.0119882
1.0293553
1.0363779
1.0301239
1.0152038
0.99888227
0.98767815
0.98385421
0.98477493
0.98465383
0.98059179
0.97290764
0.96427573
0.9564645
0.95213108
0.95165586
0.9537652
0.95565096
0.95687306
0.95742112
0.957454
0.95663429
0.95627087
0.95725001
0.95931389
0.96238388
0.96728584
0.97316563
0.97789962
0.98130505
0.98439828
0.98763838
0.99011146
0.99317985
0.99755631
1.0028197
1.0065986
1.0099235
1.0129397
1.015606
1.0160665
1.0166619
1.0175813
1.0183449
1.0171938
1.0156364
1.0134718
1.0099369
1.0042729
0.99840226
0.99288449
0.98730087
0.98174939
0.97765888
0.9749998
0.97235329
0.96976136
0.96801657
0.96709088
0.96562543
0.9646911
0.96515578
0.96710125
0.96878072
0.97146057
0.97518649
0.97944136
0.98174703
0.98380319
0.98563361
0.98712191
0.98729345
0.98847974
0.9910507
0.99424424
0.99669431
0.99930172
1.0016008
1.0025437
1.0022743
1.0028242
1.0048297
1.0071394
1.0094976
1.011788
1.0127968
1.0102367
1.0051056
0.99899258
0.99319016
0.98713096
0.9829598
0.98097347
0.98041614
0.97838678
0.97623544
0.97384248
0.97112747
0.96726795
0.96475439
0.96428956
0.96564451
0.96806143
0.9727413
0.97898863
0.98480029
0.98877279
0.99135269
0.99246512
0.99166273
0.99067176
0.99192397
0.9962238
1.0017512
1.0079987
1.0136603
1.0169593
1.0154064
1.0111377
1.0062573
1.0027526
1.0001318
1.0008588
1.0041561
1.0079416
1.0089319
1.0077511
1.0042722
0.99863019
0.99132459
0.98525035
0.98125972
0.97845195
0.97595346
0.97419372
0.97258317
0.96982516
0.96666092
0.96471294
0.96444273
0.96436293
0.9648171
0.96571099
0.96648652
0.96551358
0.96501034
0.96641144
0.97042465
0.97504863
0.98129868
0.98753944
0.99165121
0.99116437
0.98796713
0.98333023
0.97842564
0.97414836
0.9730911
0.97530622
0.97895904
0.98245528
0.98585746
0.98845189
0.98888414
0.9878875
0.98709175
0.98700643
0.98628282
0.9856223
0.98523187
0.98453338
0.98139427
0.97726541
0.97283971
0.96854382000000006
0.96284193
0.95814548
0.95474513
0.95233204
0.94942213
0.94776466
0.94736991
0.94744993
0.946884
0.9468954
0.94729851
0.94715023
0.9464558
0.94697709
0.94933269
0.95277557
0.95773638
0.964819
0.97327657
0.98076456
0.98738389
0.99328775
0.99829631
1.0008889
1.0028259
1.0046953
1.0064134
1.0057964
1.0045651
1.0026732
1.0000028
0.99580754
0.99276755
0.99173707
0.99240555
0.99364609
0.99619048
0.99910302
1.0006929
1.0004247
0.99980413
0.99932722
0.99809129
0.99627041
0.99430239
0.99151428
0.98599779
0.97872404
0.9710341
0.96385767
0.95631243
0.95027483
0.9460639
0.94319313
0.93919525
0.93573033
0.93284843
0.93037665
0.92716002
0.92516433
0.9245557
0.92474175
0.92495244
0.92676239
0.9301773
0.93408944
0.93791801
0.94246342
0.94734126
0.9511881
0.95449143
0.958569
0.96377019
0.96876777
0.97425269
0.98030115
0.98605939
0.98902156
0.99027784
0.99030744
0.98960882
0.98700751
0.98536315
0.98519796
0.98602965
0.9857825
0.98534981
0.98398277
0.98065993
0.97476505
0.96857002
0.96313729
0.9584458
0.95466918
0.95290967
0.95261451
0.95182509
0.95017573
0.9483102
0.94628867
0.94295746
0.93953078
0.93697902
0.9354632
0.93336414
0.93222662
0.93261018
0.93462979
0.93634623
0.93969779
0.94454426
0.95016856
0.95470096
0.9595585
0.96450663
0.96865083
0.97094947
0.97287776
0.97455015
0.97522044
0.97485013
0.97482229
0.97498475
0.97363192
0.97050575
0.96629078
0.96130525
0.95513519
0.95028575
0.94899528
0.95204752
0.95734768
0.96477784
0.97250872
0.97846871
0.97970354
0.97849999
0.97637784
0.97486331
0.97410351
0.97641876
0.98146772
0.98755671
0.99266796
0.99737044
1.0013027
1.0035334
1.0038999
1.0036757
1.0028756
1.000357
0.99665749
0.99321183
0.99066682
0.98817806
0.98701328
0.98785185
0.99029404
0.99198228
0.99368394
0.99515267
0.99585273
0.99350788
0.99006719
0.9856983
0.98024033
0.97255928
0.96482995
0.95762818
0.95086705
0.94418085
0.93936131
0.93641313
0.93401051
0.93125777
0.9288051
0.92645282
0.92338046
0.92080144
0.92070739
0.92376036
0.92840135
0.9345791
0.94145222
0.94750578
0.95015672
0.95095708
0.95110668
0.95164126
0.95143551
0.95280557
0.95552976
0.95868166
0.96041108
0.9624907
0.96525371
0.96830322
0.97072973
0.97365669
0.97650771
0.97786409
0.977401
0.97676295
0.97651679
0.97579611
0.97482446
0.97406455
0.97286443
0.96934713
0.96449749
0.95957776
0.95530797
0.95050704
0.94674767
0.94423567
0.94266015
0.93999246
0.93842435
0.93841236
0.9397859
0.94088217
0.94272783
0.94460814
0.94546275
0.94469868
0.94468457
0.94663576
0.95054557
0.95630378
0.96437095
0.97338072
0.98066604
0.98545094
0.98824919
0.98924937
0.98758031
0.98478894
0.98211603
0.98002425
0.97729059
0.97584158
0.97634716
0.97865946
0.98024855
0.9822683
0.98395271
0.98449541
0.98265324
0.98089946
0.98010746
0.98005121
0.97959376
0.97931361
0.97814812
0.97445969
0.96803914
0.96099891
0.95466661
0.94898228
0.94470221
0.94245215
0.94138675
0.93920143
0.93631565
0.9335412
0.93144648
0.92903122
0.92808389
0.92882976
0.9306271
0.93084529
0.93098393
0.93108957
0.93126983
0.930935
0.93263241
0.93685218
0.94282997
0.94905515
0.95591906
0.96227153
0.96628148
0.96731936
0.96682434
0.96546594
0.96290071
0.96024257
0.95898164
0.95934818
0.95988191
0.96130348
0.96390798
0.96704893
0.9681954
0.96795301
0.96608346
0.96243691
0.95564573
0.94877555
0.94306948
0.93889884
0.93487647
0.9320473
0.92962698
0.92654486
0.92227146
0.91913366
0.91812165
0.91873298
0.9201893
0.92243772
0.92419514
0.92370074
0.92172774
0.92051641
0.92148276
0.92390298
0.92817188
0.93352166
0.93830394
0.93986719
0.93983037
0.93965679
0.94056318
0.94128188
0.9435352
0.94639814
0.94844959
0.94785322
0.94684606
0.9465383
0.94716021
0.94790265
0.94931308
0.94990257
0.94744927
0.94134675
0.93371732
0.92628275
0.91959514
0.91501299
0.91355931
0.91446135
0.91517299
0.91568048
0.9163172
0.9171894
0.91691867
0.91709271
0.91806521
0.9196408
0.91984744
0.92077373
0.92283587
0.92599908
0.92896479
0.93315375
0.93810498
0.94263101
0.94553208
0.94818318
0.95079783
0.95275603
0.95401377
0.95583907
0.95818361
0.959779
0.96092347
0.96267377
0.96520616
0.96721769
0.96959064
0.97282699
0.9765778
0.97873799
0.9803557
0.98150194
0.98191057
0.97955163
0.97641836
0.9727932
0.96864367
0.96295047
0.95781754
0.95363359
0.94992646
0.94579754
0.94250058
0.9398483
0.93680505
0.93312273
0.93020055
0.92834317
0.92662423
0.925421
0.92558069
0.92691122
0.92779501
0.92896564
0.93101807
0.93388738
0.93582981
0.93815287
0.94106982
0.94437775
0.9460765
0.94813954
0.95063956
0.9531263
0.95400509
0.95483024
0.95557954
0.95574965
0.95487389
0.95496973
0.95644071
0.95835464
0.96000351
0.96188162
0.96322274
0.96234999
0.95962819
0.9565758
0.95399035
0.95109382
0.94905431
0.94834156
0.94833066
0.94659159
0.9440551
0.94103839
0.93786158
0.93324753
0.9298289
0.92815827
0.92798312
0.92764729
0.92836087
0.92969695
0.93074061
0.93068137
0.93129092
0.93307898
0.93557955
0.93875066
0.94369496
0.95002221
0.95595847
0.96117023
0.96603207
0.97012825
0.97179761
0.97189688
0.97126036
0.97021485
0.96757935
0.96542826
0.96473805
0.96583562
0.96680967
0.96931975
0.97281
0.97614737
0.97720632
0.97724179
0.97609698
0.97315187
0.967764
0.96181456
0.95590744
0.94982918
0.94402963
0.94030727
0.93889838
0.93835292
0.93824117
0.93860087
0.93871507
0.93693029
0.93440728
0.93245656
0.9317068
0.93082757
0.93111216
0.93250211
0.93449464
0.93499535
0.93617353
0.93850555
0.94189341
0.94477848
0.94831962
0.95173673
0.95369521
0.95316666
0.9521132
0.95148268
0.95131578
0.9519522
0.95464134
0.95882682
0.96240258
0.96482731
0.9665504
0.96750443
0.96650756
0.96488685
0.96361436
0.9626266
0.959872
0.95630014
0.95195765
0.94686115
0.93967998
0.93328976
0.92871545
0.92618212
0.92430459
0.92428524
0.92549605
0.92684296
0.92750005
0.92935903
0.93297144
0.93759375
0.94252301
0.94806448
0.95326842
0.95639502
0.95784311
0.95918749
0.96113946
0.96256024
0.96403483
0.96553842
0.96644465
0.96503268
0.96349398
0.96338994
0.96559339
0.9681744
0.97206347
0.97547801
0.97614706
0.97153588
0.96356568
0.95372225
0.9435069
0.93415504
0.92846844
0.92672693
0.92732245
0.9288002
0.93123162
0.93393011
0.93557334
0.93673038
0.93875852
0.94188044
0.94448198
0.94692799
0.94931265
0.95122708
0.95094599
0.95031926
0.95037186
0.95157386
0.95207488
0.95364909
0.95594067
0.95823
0.95902128
0.96035191
0.96263109
0.96528173
0.96701349
0.96849008
0.96882273
0.9665294
0.96149654
0.95587095
0.95093693
0.94657155
0.94358497
0.94273825
0.94332678
0.94315878
0.94274134
0.94293434
0.94431763
0.94588732
0.94940996
0.9550879
0.96217194
0.96777105
0.97297054
0.97738929
0.98073195
0.98208398
0.98381598
0.98647046
0.98948087
0.99161123
0.9936398
0.99491189
0.99414499
0.99120716
0.9879207
0.98510731
0.9822637
0.98004536
0.97938804
0.98006331
0.98039836
0.98121511
0.98319483
0.98616293
0.987878
0.98893709
0.98872007
0.98640527
0.97985944
0.97171627
0.96330068
0.95565249
0.94842487
0.94386507
0.94195838
0.94161975
0.94146048
0.94254575
0.94460453
0.94640683
0.94728968
0.94805123
0.94843438
0.94733628
0.94560289
0.94495804
0.94605206
0.94762601
0.95018554
0.95351633
0.95659101
0.95703227
0.95631665
0.95541874
0.95517035
0.95440048
0.9555723
0.95872828
0.96310963
0.96676713
0.97101648
0.97555999
0.97943334
0.98146375
0.98290212
0.98363798
0.98282941
0.98058896
0.97873155
0.97773187
0.97649386
0.97500686
0.97364447
0.9718092
0.96773917
0.96250828
0.9574526
0.95337501
0.94918362
0.94656776
0.94572975
0.94614624
0.94535186
0.94508902
0.9455167
0.9465794
0.94718533
0.94918592
0.95244888
0.95586231
0.95800182
0.95987287
0.9613495
0.96174932
0.96135597
0.9620401
0.96430561
0.96708661
0.97040232
0.97460806
0.97903109
0.98171517
0.98339181
0.98486126
0.98635298
0.98633703
0.9863741
0.98680073
0.98747997
0.98645620999999994
0.98598106
0.98646687
0.98780217
0.98854678
0.9901242
0.99195636
0.99264406
0.99069826
0.9873331
0.98271655
0.97640722
0.96879001
0.96175678
0.95587784
0.95035464
0.94569972
0.94293179
0.94203295
0.9414719
0.94191512
0.94366329
0.94619173
0.947276
0.94794639
0.94844263
0.94894195
0.94809954
0.94867948
0.95142338
0.95621552
0.96129931
0.9675372
0.97375022
0.97809932
0.97899986
0.97796268
0.97574442
0.97262083
0.96962184
0.96892885
0.97076597
0.97332098
0.97573871
0.97765345
0.9780084
0.9748851
0.96949946
0.96336794
0.95743637
0.95072114
0.94508788
0.94095747
0.93813297
0.93453433
0.9322856
0.93170159
0.93253739
0.93315678
0.93477211
0.93677202
0.93800001
0.93750573
0.93716206
0.93772457
0.93899161
0.94107205
0.94506729
0.95046581
0.95538885
0.95955155
0.96356464
0.96734592
0.96950487
0.97104976
0.97273908
0.97461985
0.97508948
0.97581222
0.97735004
0.97966828
0.98058308
0.98177055
0.98297925
0.98371386
0.98273055
0.98231342
0.98310314
0.98480625
0.98645708
0.9889883
0.99153937
0.99225545
0.99020992
0.98652614
0.98165381
0.97517232
0.96821609
0.96242265
0.95813685
0.95387629
0.95025382
0.94766245
0.9459259
0.94338058
0.94171364
0.94164205
0.94333598
0.94483284
0.94783262
0.9519597
0.956379
0.95935262
0.9624627
0.96575032
0.9686072
0.9702074
0.97198007
0.97391357
0.97516606
0.97572384
0.97710342
0.97948975
0.98159626
0.98337314
0.98524146
0.98675199
0.98632945
0.98517642
0.98450059
0.98472945
0.98425904
0.98431273
0.98478499
0.9852105
0.98356282
0.98225992
0.98194796
0.98259301
0.98253491
0.98271763
0.98209578
0.97910777
0.97260745
0.96462012
0.9563513
0.94822495
0.94098042
0.93623132
0.93378843
0.93190666
0.93031075
0.92956678
0.92952975
0.92875702
0.92819413
0.92856093
0.92990535
0.93066797
0.93253465
0.93600987
0.94086314
0.94456121
0.94838943
0.95176474
0.95406468
0.95416703
0.95465255
0.95643533
0.95932444
0.96227413
0.96607144
0.96983317
0.97199235
0.97225329
0.97240881
0.97316437
0.97365655
0.97392846
0.97412874
0.97329645
0.96941739
0.96365265
0.95770847
0.95292736
0.94873741
0.94701191
0.94773727
0.94987864
0.95045372
0.95073361
0.95077293
0.95077014
0.95016877
0.95139379
0.95484925
0.95975735
0.96470659
0.97032992
0.97581948
0.97959312
0.98102098
0.98134434
0.98099156
0.97945138
0.9777829
0.97753586
0.97894306
0.98032663
0.98198676
0.98385258
0.9852373
0.9840535
0.98182982
0.97936358
0.97715888
0.97370239
0.97126795
0.96985389
0.96871219
0.96586379
0.96264499
0.95891815
0.95416177
0.94793433
0.94237402
0.93816736
0.93485327
0.93232393
0.93172159
0.93275369
0.93379185
0.93473493
0.93628239
0.93831391
0.93937793
0.94042869
0.94223998
0.94489579
0.94680351
0.94949751
0.95331497
0.95798216
0.96117556
0.96445218
0.96750409
0.96980864
0.97012266
0.9706454
0.9719506
0.97375627
0.97529191
0.97784172
0.9810671
0.98371844
0.98539861
0.98738034
0.98966993
0.99084818
0.99085321
0.99035644
0.98941961
0.98796577
0.9874002
0.98801182
0.98929367
0.99021286
0.99148091
0.99249198
0.99191435
0.98751661
0.97908946
0.96623899
0.95073121
0.9366846
0.92999231
0.93285097
0.94254785
0.95249258
0.95571119
0.94794669
0.93193009
0.9179075
0.91739674
0.93460213
0.96217349
0.98481744
0.98655292000000006
0.96170073
0.92182881
0.8941298
0.90511144
0.96321011
1.0474673
1.1127674
