0.76017073
0.79565184
0.84300589
0.8683683
0.86314347
0.8428406
0.82900987
0.83406275
0.8528106
0.86982609
0.87471791
0.86926434
0.862627
0.8625676
0.87087385
0.88194393
0.88762945
0.8861491
0.88067274
0.87501806
0.87190405
0.87110328
0.86961479
0.86481592
0.85758971
0.84963226
0.84106504
0.83293727
0.82517536
0.81599411
0.80704553
0.79963339
0.79370463
0.78998136
0.78969564
0.79190154
0.79437587
0.79784907
0.80166756
0.80390511
0.80633332
0.80971007
0.81314915
0.81686202
0.82152336
0.8261728
0.82947178
0.83307655
0.83711371
0.83983911
0.84299085
0.84671551
0.84969161
0.85246011
0.85599539
0.85934345
0.86090458
0.86165106
0.86151503
0.85932979
0.85832008
0.8594443
0.86069533
0.86057332
0.85755401
0.84986015
0.83792706
0.82630173
0.81820505
0.81311328
0.81208127
0.81270945000000006
0.81138734
0.80831619
0.80537351
0.80339572
0.80254694
0.80354467
0.80508068
0.80487335
0.80566041
0.80894657
0.81406641
0.82126547
0.82917639
0.83496981
0.83777272
0.83999164
0.84327136
0.84716533
0.85310188
0.85924694
0.86200908
0.86177803
0.85996288
0.85749312
0.85602646
0.85741861
0.86051543
0.86206031
0.86202163
0.85925016
0.85199765
0.84257439
0.83312523
0.82439326
0.81773983
0.81474963
0.81444073
0.81411879
0.8138618
0.81251649
0.80808677
0.8026784
0.7977926
0.7933848
0.79029842
0.78963995
0.79063789
0.79184186
0.79455901
0.79855248
0.80179439
0.80575753
0.81036772
0.81396921
0.81665198
0.81919481
0.82110547
0.82181978
0.82323059
0.82527067
0.82556283
0.82567701
0.82604382
0.82640388
0.82880415
0.83466956
0.84195414
0.84675733
0.84713535
0.8415522
0.82977556
0.81831729
0.81193785
0.81124454
0.81511842
0.81985041
0.82066175
0.81608523
0.81007827
0.80655345
0.80618665
0.81015429
0.81534674
0.81717296
0.81576933
0.81375726
0.81345783
0.81658013
0.82394029
0.83284622
0.83892754
0.84259463
0.84424904
0.84376542
0.84356857
0.84459796
0.8455172
0.84565431
0.84601412
0.84641127
0.84550671
0.84490172
0.8441819
0.84139357
0.83812447
0.83556307
0.83348272
0.83236032
0.83312232
0.83456358
0.83427457
0.83297927
0.83008975
0.8238125
0.81628275
0.80915387
0.80287937
0.79898773
0.79885083
0.80092485
0.80198473
0.80155969
0.79888274
0.79338498
0.78946191
0.78995789
0.79442677
0.80165427
0.80936545
0.81409592
0.8141146
0.81244227
0.81167844
0.81193393
0.81529318
0.82049186
0.82442413
0.82692746
0.82949258
0.83279629
0.83695098
0.84283186
0.84850722
0.84984865
0.84793476
0.84372631
0.83817419
0.83466989
0.83529212
0.83838798
0.84067684
0.84046682
0.83594938
0.82601093
0.81546783
0.80783013
0.80367176
0.80360019
0.80597172
0.8071726
0.805288
0.8020233
0.7989307
0.7961213
0.79605183
0.79816073
0.79988667
0.80184592
0.80486591
0.8086115
0.81311747
0.81890235
0.82453425
0.82779604
0.83046912
0.83330805
0.83556245
0.83902675
0.84392058
0.84855057
0.85233825
0.85593716
0.85858078
0.8586994
0.85794218
0.85677082
0.85448507
0.85389666
0.8559522
0.85858006
0.85963789
0.85752329
0.85034361
0.83782307
0.82446271
0.81360466
0.8053619
0.80111007
0.79913199
0.79601641
0.79123024
0.78647062
0.78275132
0.78030627
0.78062017
0.78273431
0.78382588
0.78553877
0.78850115
0.79186919
0.79606858
0.80110047
0.80550533
0.80860075
0.81264619
0.81851617
0.82438198
0.83144777
0.83839644
0.84290017
0.8459677
0.84933227
0.85302887
0.85643378
0.85988878
0.86208387
0.86090347
0.85906877
0.85779421
0.85618033
0.85454156
0.85204992
0.8466803
0.83820905
0.82939769
0.82211001
0.81610878
0.81295541
0.81103944
0.80681042
0.80031965
0.7928287
0.78564093
0.78123578
0.78246534
0.78885512
0.79701762
0.8058496
0.81303672
0.81611571
0.81712211
0.81788114
0.81816671
0.81760756
0.81594248
0.8116259
0.80362624
0.79542337
0.78931433
0.78495357
0.78367241
0.78429429
0.78403183
0.78266372
0.78214013
0.78326461
0.78549944
0.78997093
0.79548278
0.79927907
0.80305807
0.80744855
0.81086832
0.81229001
0.81096123
0.8057316
0.79720892
0.79015726
0.78756512
0.78826508
0.79206738
0.79577688
0.79568703
0.79258372
0.78982696
0.78967475
0.79270865
0.79932062
0.80717329
0.8126666
0.81796415
0.82469557
0.83284529
0.84286156
0.8533905
0.86107731
0.86397729
0.86411241
0.86366568
0.86325845
0.86588346
0.87091398
0.87498145
0.87717345
0.877328
0.87498421
0.87091263
0.86752358
0.86502096
0.86129112
0.85732998
0.85245023
0.84492799
0.83652409
0.82893139
0.82213596
0.81625494
0.81221141
0.80914143
0.80518047
0.80222423
0.80072229
0.79927014
0.7989935
0.79985726
0.80042226
0.8008004
0.80260398
0.80595976
0.80973459
0.81520729
0.82164827
0.82683318
0.8323701
0.83894625
0.84548376
0.85172285
0.85765234
0.86175743
0.86267916
0.86277084
0.863233
0.86327079
0.86508284
0.86865152
0.87200044
0.8748366
0.87754275
0.87894708
0.87741758
0.87380503
0.86773689
0.85762753
0.84652941
0.83622435
0.82667349
0.81894495
0.81363893
0.8094913
0.80535602
0.80274149
0.80188527
0.80084878
0.8012579
0.80259479
0.80308639
0.80365654
0.80557692
0.80852411
0.81196162
0.81671009
0.82200451
0.82581566
0.83032694
0.83572667
0.8400827
0.84335589
0.84515053
0.84447546
0.84230762
0.8420182
0.84487968
0.84912889
0.85492342
0.860027
0.86161307
0.86140978
0.86147218
0.86170555
0.8612098
0.85927791
0.85408665
0.8445771
0.83503434
0.82844255
0.82436322
0.82270887
0.82091201
0.81547188
0.80644829
0.79764132
0.79206433
0.79022444
0.792881
0.79726367
0.79907016
0.79912529
0.7990178
0.799306
0.80080622
0.8035418
0.80542565
0.80472937
0.80405238
0.80528561
0.80799676
0.81379056
0.82145747
0.82801444
0.83301753
0.83756535
0.84156425
0.84425532
0.84693846
0.84953745
0.85094376
0.85462068
0.86169896
0.86980639
0.87629956
0.87805111
0.87201311
0.85844649
0.84301116
0.83076573
0.82283002
0.82092715
0.82206545
0.82119163
0.81720821
0.81168387
0.80630083
0.80275236
0.80318686
0.80668329
0.80994662
0.81374089
0.81762498
0.81996436
0.82150582
0.82267928
0.82276819
0.82223758
0.82356002
0.8273019
0.83153549
0.83682072
0.84161236
0.84355352
0.84437246
0.84603915
0.84879667
0.85265651
0.85776727
0.8622954
0.86391016
0.86481837
0.86624745
0.86764697
0.87047273
0.87400826
0.87524903
0.87253699
0.86646786
0.85756032
0.8464564
0.83697138
0.83056651
0.82581257
0.82356408
0.82310652
0.82232608
0.82102347
0.82045527
0.82060095
0.82058126
0.82168229
0.82296209
0.82146158
0.81828348
0.81407293
0.80889147
0.80491751
0.80452439
0.80749935
0.81205898
0.81800865
0.82332516
0.82462195
0.82364614
0.82167281
0.81923168
0.81874632
0.82186423
0.82722904
0.8324114
0.83710681
0.84036624
0.84067967
0.84164763
0.84477079
0.84893636
0.85370846
0.85768683
0.85827406
0.85456941
0.84931118
0.84474396
0.84110473
0.84107542
0.843809
0.84590649
0.84664322
0.84616212
0.84446535
0.84283078
0.84384468
0.84743366
0.85078485
0.85377741
0.85477522
0.8517048
0.84660614
0.84181947
0.83810525
0.83603643
0.83613903
0.83642805
0.83368936
0.82881609
0.82229287
0.81400017
0.80736298
0.80446101
0.8046753
0.80742838
0.81284229
0.81960623
0.82591916
0.83338373
0.84137946
0.84660321
0.84857674
0.84613163
0.83813188
0.82682579
0.8164916
0.80941138
0.8054307
0.80506854
0.8061507
0.80520321
0.80376201
0.80296504
0.80232462
0.80208123
0.80232025
0.80218523
0.80213885
0.80632102
0.81686436
0.83180978
0.85030257
0.8685409
0.88227701
0.89161738
0.89878776
0.90435934
0.90703775
0.90606316
0.89955295
0.8861672
0.87171016
0.86114886
0.85592071
0.85586929
0.85770041
0.85622574
0.8491313
0.83971833
0.83162965
0.82573742000000006
0.82406754
0.82427035
0.8218966
0.8167224
0.81064918
0.80516512
0.80156558
0.80123484
0.80263567
0.80257828
0.80257537
0.80351711
0.80496406
0.80852653
0.81405911
0.81908992
0.8222703
0.8248232
0.82780624
0.83190207
0.84065401
0.85406286
0.86842066
0.88186441
0.89171804
0.89544392
0.89407425
0.89161368
0.89090084
0.89268069
0.89862863
0.9069456
0.91355215
0.91844558
0.92172149
0.92276341
0.92233644
0.92152255
0.91940756
0.91446683
0.90837744
0.90158108
0.89263733
0.88345547
0.87438626
0.86430975
0.85401058
0.84503758
0.83715647
0.8292962
0.82270836
0.81732663
0.81172089
0.80873704
0.80918554
0.81126477
0.81399819
0.81629544
0.81635428
0.81408375
0.81316333
0.81584654
0.8209574
0.82955934
0.83901882
0.84498386
0.84694045
0.84644421
0.84497465
0.84458272
0.84836905
0.8560599
0.86407787
0.87244503
0.87945049
0.88267605
0.88345808
0.88349182
0.88295209
0.88211137
0.88216504
0.88201708
0.87889428
0.87393087
0.86730826
0.85865525
0.85103457
0.84693248
0.84654934
0.84966378
0.8562976
0.8643422
0.87062654
0.87588537
0.88002442
0.88204238
0.88423484
0.88782151
0.8918932
0.89598737
0.90034161
0.90373795
0.90453749
0.90458933
0.90419475
0.90167405
0.89833879
0.89404552
0.88711172
0.87761993
0.86686952
0.85488247
0.84133224
0.82905744
0.81944027
0.81202596
0.80979723
0.81322175
0.81968806
0.82699876
0.83310027
0.83513854
0.83170054
0.82592732
0.82045743
0.8156914
0.81462822
0.81680774
0.81910986
0.82041511
0.82075321
0.81982946
0.81826253
0.81897604
0.82256704
0.82656108
0.83185566
0.83712068
0.84017552
0.8421716
0.84490004
0.84870493
0.85370572
0.8609811
0.86927075
0.87544149
0.88053138
0.88428832
0.88550759
0.88572746
0.88615091
0.88622773
0.88563703
0.88543567
0.88492606
0.88181106
0.87744495
0.87170731
0.8634414
0.85482739
0.84767735
0.84189227
0.83739354
0.83473481
0.83251937
0.82826132
0.82331423
0.81785985
0.81078451
0.80413417
0.79905165
0.79502376
0.79245968
0.79257109
0.79465801
0.79681306
0.79993578
0.80339577
0.80535748
0.80780864
0.81171137
0.81624016
0.82142877
0.82749067
0.83294641
0.83615675
0.83874877
0.84105816
0.84173406
0.84288405
0.84494276
0.84681312
0.84912563
0.8527931
0.85670445
0.85891762
0.85967656
0.8580177
0.852071
0.844799
0.83805674
0.83198414
0.82761121
0.82501478
0.82210846
0.8169421
0.81049902
0.80333049
0.79474446
0.78803143
0.78414733
0.78190722
0.78159837
0.78304095
0.78444884
0.78451121
0.78427868
0.78391664
0.78238401
0.7824588
0.78466311
0.78736565
0.79086868
0.7949344
0.79802694
0.79966337
0.80140917
0.80333391
0.80373217
0.80398035
0.80329459
0.79947199
0.79390002
0.78828526
0.78339541
0.78074506
0.78241259
0.78765361
0.7933859
0.79931917
0.80374402
0.80428854
0.80277276
0.8010467
0.79957767
0.79926026
0.80111319
0.8037663
0.80461582
0.80450235
0.80366611
0.80165494
0.80150427
0.80454537
0.80934046
0.81454926
0.81931002
0.82210447
0.82228321
0.82297207000000006
0.82576344
0.8293979
0.83461424
0.83994138
0.84273975
0.84318347
0.84318245
0.84344767
0.843579
0.84442673
0.84458162
0.84105837
0.83602979
0.83157701
0.82887974
0.83020029
0.83612315
0.84348834
0.8478336
0.84754729
0.8415677
0.82932696
0.81635612
0.80656471
0.80091058
0.80018925
0.80312419
0.80599505
0.80596762
0.80400638
0.8013901
0.79854095
0.79919798
0.80378567
0.80972402
0.81619932
0.82247277
0.82741096
0.83150025
0.83712825
0.84452554
0.85140665
0.85814667
0.8633312
0.86500577
0.86547007
0.86743469
0.87197594
0.8796477
0.89038405
0.90108204
0.90728617
0.90893954
0.90630162
0.89987877
0.89397895
0.89116596
0.89046231
0.88985322
0.88743025
0.88055764
0.86779476
0.85282544
0.83865526
0.82588147
0.81673287
0.81093092
0.80632993
0.80270292
0.8013088
0.80182675
0.80253738
0.80372454
0.80427477
0.8024626
0.80135368
0.80257375
0.80471659
0.80614232
0.80506929
0.79977572
0.79137646
0.78589339
0.78742102
0.79491452
0.80694794
0.8177687
0.82117104
0.81698666
0.80959145
0.80390759
0.80364697
0.81109571
0.82330814
0.83370377
0.84064062
0.84278231
0.83969329
0.83439552
0.82976748
0.82628322
0.82369081
0.8229961
0.82351952
0.82295356
0.82291716
0.82336816
0.82284413
0.82241048
0.82287218
0.82342077
0.82350605
0.82384282
0.82328947
0.81918651
0.81281578
0.80472046
0.79510405
0.78761411
0.78503434
0.7871266
0.79242398
0.79937708
0.80488371
0.80604389
0.80507789
0.80374005
0.80206415
0.80206139
0.80367093
0.80478347
0.80487437
0.80555046
0.80771062
0.81135732
0.81848643
0.82790376
0.83551553
0.84036855
0.84144415
0.83798936
0.83217022
0.82746455
0.82506112
0.82402193
0.82486204
0.82610548
0.82510275
0.82384678
0.8235319
0.82354594
0.82400215
0.8249227
0.82504892
0.82377434
0.8239206
0.82681343
0.83069545
0.83584187
0.83986488
0.83938564
0.83472973
0.82855018
0.8230112
0.81960445
0.82016654
0.82314616
0.82411217
0.82320899
0.82023921
0.8152173
0.8113067
0.81144664
0.81586782
0.8234205
0.83337879
0.84270617
0.84694601
0.84675501
0.84283527
0.836068
0.83049555
0.82904169
0.83111385
0.83455094
0.83784699
0.8386127
0.83487982
0.83003139
0.82632043
0.82363299
0.82305045
0.82393585
0.82419646
0.82362253
0.82440068
0.82727324
0.8307922
0.83518448
0.83817214
0.83651604
0.83175668
0.82632937
0.82175219
0.81968913
0.82108364
0.82392599
0.82508199
0.82528207
0.82493311
0.8235746
0.82408139
0.82739011
0.83181499
0.8361787
0.839726
0.84031924
0.83598005
0.82880827
0.82060887
0.81208988
0.80742133
0.80786467
0.81091049
0.81397857
0.81488123
0.81138491
0.80340772
0.79559078
0.79135422
0.79169516
0.79631002
0.80129494
0.80312474
0.80280725
0.80304191
0.80531934
0.80911048
0.81216118
0.81226714
0.8110735
0.81536061
0.82814589
0.84492103
0.85644688
0.85403691
0.83881972
0.82523199
0.83084705
0.85992796
0.89662257
0.91567419
0.9004323
0.86183886
0.83752414
0.86260304
0.93683095
1.0125923
