0.86786205
0.83466357
0.83510685
0.84701964
0.84770442
0.82841555
0.7952934
0.76247995
0.74282009
0.74121263
0.7525552
0.76595219
0.77346504
0.77408956
0.77292333
0.77623059
0.78997274
0.8153136
0.84875826
0.88360191
0.91584539
0.94362651
0.96717639
0.9875716
1.0078605
1.0299014
1.0533603
1.0765331
1.098182
1.1165073
1.1290667
1.1354599
1.1374056
1.1369913
1.1337386
1.1292677
1.1223318
1.1101963
1.0887133
1.0593218
1.0236251
0.98435729
0.94466015
0.91010689
0.88401553
0.86757912
0.86108288
0.86455249
0.87571692
0.89038881
0.90556779
0.9190938
0.92954848
0.93614487
0.9419133
0.94992893
0.96245248
0.97889499
1.0002284
1.0243663
1.048148
1.0680957
1.0849414
1.0991662
1.1112692
1.1222964
1.1346882
1.1485164
1.1615621
1.1728077
1.1819279
1.1874874
1.1862336
1.1781562
1.1629814
1.1400744
1.1072144
1.0673625
1.0223113
0.97363956
0.92176261
0.87110059
0.82455222
0.78437555
0.75216149
0.73029955
0.71740901
0.70870336
0.6993318
0.68682791
0.67165742
0.65808821
0.6558834
0.67435271
0.71739037
0.77985931
0.85213229
0.91984244
0.97038239
0.99714548
1.0058312
1.0069795
1.0120652
1.0285097
1.0595589
1.1002958
1.1413527
1.1750053
1.1988103
1.2127589
1.2174556
1.2160311
1.2110207
1.2028594
1.1898403
1.1746448
1.1595551
1.1455803
1.1294962
1.1106735
1.0852722
1.0496522
1.0017078
0.94617422
0.88893437
0.83557109
0.79008962
0.75566201
0.73129545
0.71302732
0.69781421
0.68479376
0.67448504
0.66807425
0.66985914
0.68360728
0.71112072
0.75040062
0.80100189
0.85971317
0.92261984
0.98532697
1.0471875
1.1060393
1.158738
1.2019704
1.2347434
1.2558172
1.2650487
1.2659266
1.2640386
1.2631575
1.2634175
1.2653774
1.26806
1.269701
1.2679421
1.2659337
1.2658484
1.2678115
1.2673644
1.2611575
1.242542
1.20571
1.148602
1.0776171
1.0027402
0.93519688
0.88505261
0.8588918
0.85528117
0.86513048
0.87769707
0.88403725
0.87929081
0.86310419
0.84269209
0.82593052
0.81728802
0.81388474
0.81288103
0.80897342
0.80017547
0.79001952
0.79064868
0.81290894
0.86140184
0.93197432
1.0132746
1.0875415
1.1377744
1.1567775
1.1481251
1.1222564
1.0910055
1.0665257
1.0542353
1.0528986
1.0563361
1.0621991
1.0683533
1.0746097
1.0811885
1.0911298
1.1040467
1.1175253
1.1288791
1.1381385
1.1450712
1.1491751
1.151271
1.1532001
1.1550409
1.1544131
1.1508906
1.1444083
1.1346333
1.1199258
1.1028722
1.0854683
1.0689859
1.0521751
1.0365003
1.0208765
1.0032204
0.98119957
0.95578216
0.92748606
0.89647097
0.86410442
0.83343741
0.80575152
0.7801892
0.75767967
0.73939983
0.72542209
0.71412961
0.70747077
0.70694192
0.71394186
0.72825203
0.75418929
0.79366436
0.84707536
0.91237141
0.98804476
1.0683601
1.1451038
1.2104501
1.2597252
1.2898535
1.3003105
1.2952511
1.280584
1.2605654
1.2360087
1.2079795
1.1753427
1.136653
1.0910133
1.0453194
1.0081998
0.98897749
0.99346554
1.0261021
1.0820158
1.1483635
1.2079563
1.2470845
1.2563567
1.2340836
1.1883816
1.1343188
1.0859446
1.0505322
1.0294518
1.0172467
1.004378
0.98099062
0.94520728
0.90027572
0.85308247
0.80959734
0.77652599
0.75470227
0.74069449
0.72927178
0.7189795
0.70935835
0.70187483
0.70099098
0.71284997
0.74087146
0.7849754
0.84478611
0.91756566
0.9975361
1.0761579
1.1475919
1.2058473
1.2465558
1.2668826
1.2710527
1.2641799
1.2522357
1.2401706
1.2338418
1.234214
1.2379846
1.2398939
1.2357724
1.2204965
1.1899548
1.1452488
1.0921224
1.0381884
0.99038406
0.95707472
0.94237355
0.94435779
0.9540664
0.96396353
0.96615454
0.95650223
0.93507821
0.90982923
0.88816083
0.87381838
0.86514389
0.85857284
0.8481845
0.82956473
0.80395381
0.77795741
0.75807116
0.74652499
0.74342281
0.74573198
0.75012077
0.75535778
0.76852106
0.79702616
0.84486302
0.90780919
0.97785852
1.0406812
1.0832804
1.1000839
1.0974393
1.0869715
1.0808105
1.087665
1.1096987
1.1407479
1.1703836
1.1916279
1.2022813
1.2041661
1.2003102
1.196562
1.1957199
1.1972496
1.1967081
1.1937524
1.1872086
1.1768406
1.1623948
1.1471023
1.1317763
1.1149751
1.0943219
1.06942
1.0393167
1.0031784
0.96301489
0.92284002
0.88555446
0.85111975
0.82031834
0.79275598
0.7675169
0.74272566
0.72149534
0.70600092
0.69706081
0.69249929
0.69231028
0.69453348
0.69814928
0.70475463
0.71994984
0.74727245
0.78625876
0.83371996
0.88440052
0.93169937
0.97066639
1.0032326
1.0344126
1.0689568
1.1074865
1.1496506
1.1900285
1.2218883
1.2396442
1.2455288
1.2433415
1.2374458
1.230463
1.2252846
1.2205477
1.2129019
1.2007486
1.1862039
1.1715901
1.1578746
1.1465211
1.1374802
1.1280717
1.1132993
1.0922205
1.0656365
1.0361445
1.0054047
0.97847162
0.95650832
0.93711404
0.91462874
0.88649609
0.85158724
0.81221469
0.77432791
0.74626031
0.73172508
0.72723727
0.72552194
0.71901488
0.70388034
0.68354354
0.67233621
0.68685919
0.737913
0.82291902
0.92974893
1.0357959
1.1183499
1.1632122
1.1732007
1.1610553
1.1438161
1.135575
1.1435361
1.1638559
1.1861269
1.201618
1.2072534
1.2044525
1.1966543
1.1898872
1.18728
1.1875339
1.1850681
1.178117
1.1654781
1.1476825
1.1249971
1.1022041
1.0813292
1.0621973
1.0424934
1.021915
0.99850431
0.96979633
0.93492977
0.89629509
0.85661547
0.81797933
0.78374997
0.75663322
0.73670522
0.72068962
0.70720661
0.69493562
0.68381994
0.67390926
0.67083114
0.67814554
0.69760209
0.72818855
0.76948953
0.81783744
0.86858045
0.91857446
0.96748084
1.0144456
1.0577776
1.097158
1.1321654
1.1613385
1.1826255
1.1977952
1.2086831
1.2165278
1.2201144
1.2212857
1.2194671
1.2136116
1.2021232
1.1887299
1.1758818
1.1647319
1.1548036
1.146638
1.1379061
1.1247608
1.1052084
1.0802278
1.0510088
1.0176989
0.98231183
0.94661279
0.91121728
0.87477846
0.83945381
0.80692893
0.77834244
0.75257425
0.73142219
0.71475876
0.7017702
0.69120912
0.68447339
0.68120413
0.67965638
0.6790272
0.68129035
0.68959861
0.70838319
0.74526313
0.80611269
0.89072443
0.99038545
1.0937489
1.1860397
1.2545849
1.2917505
1.3024555
1.2956616
1.2818658
1.2686129
1.2612393
1.2583713
1.2553936
1.2489094
1.2396778
1.2295136
1.2199372
1.2128751
1.2085551
1.2043205
1.1956394
1.1818173
1.1638451
1.1436026
1.1212192
1.0994813
1.0783688
1.056255
1.0300262
1.0010996
0.97100339
0.94173265
0.91527444
0.89548901
0.88364136
0.87811948
0.87659408
0.87725243
0.87721029
0.87260456
0.8629066
0.84898273
0.83207598
0.81208663
0.79299008
0.7767812
0.76422753
0.75396715
0.7486775
0.74875328
0.75412378
0.76470587
0.78284836
0.80866233
0.84075053
0.87811729
0.92034587
0.96527408
1.0094884
1.0517712
1.0911714
1.1262788
1.154891
1.1783288
1.1972231
1.211825
1.220414
1.225674
1.2281232
1.2275157
1.22241
1.2143142
1.2030273
1.1876742
1.1682036
1.1474556
1.1274072
1.1084614
1.0916315
1.0777558
1.0654526
1.0506827
1.0316956
1.0067585
0.974182
0.93152398
0.88194775
0.82970410000000006
0.78056777
0.73950111
0.71286875
0.70126815
0.699307
0.69769486
0.68959867
0.67189735
0.64853858
0.63194132
0.63801973
0.67719568
0.74840379
0.84110737
0.93652294
1.0149076
1.06275
1.0819079
1.0833
1.0818795
1.0884314
1.1097543
1.1419911
1.1755996
1.2010512
1.2166568
1.2241214
1.2267764
1.2280371
1.2300613
1.2303261
1.2236284
1.208477
1.1870248
1.1631426
1.1395552
1.1207001
1.1074619
1.0975163
1.0850586
1.0683148
1.0447944
1.01283
0.97122377
0.92314312
0.87225832
0.82305687
0.7805987
0.75024706
0.73306933
0.72514617
0.72101223
0.71638967
0.71030319
0.70645105
0.71595373
0.75022069
0.8155413
0.90801021
1.0177019
1.1267437
1.2164948
1.2732696
1.2959333
1.2904281
1.2672684
1.2376205
1.2115163
1.192401
1.178568
1.1679983
1.159963
1.1532377
1.1453579
1.1363398
1.1256823
1.1119405
1.0923655
1.0695375
1.0458856
1.0234792
1.0016312
0.98237109
0.96425616
0.9445133
0.92026783
0.8930279
0.86450746
0.83646711
0.81103478
0.79075028
0.7752611
0.76136923
0.74686016
0.73110615
0.71521182
0.70162084
0.69683041
0.70603079
0.73108334
0.76802003
0.81315691
0.85915988
0.89977229
0.93215647
0.96047464
0.98937168
1.0222139
1.0600282
1.1015453
1.1411384
1.1714841
1.1893995
1.1963296
1.1960196
1.1919333
1.1897275
1.192033
1.1978052
1.2018361
1.2027613
1.198461
1.1877045
1.1691146
1.1458147
1.1192581
1.0897967
1.057056
1.0225694
0.98595875
0.94544717
0.90057316
0.85351268
0.80730936
0.76514667
0.73216924
0.71178145
0.70324121
0.70077476
0.69944959
0.69498748
0.68738226
0.68124329
0.68807127
0.71726017
0.77232227
0.84834863
0.93501472
1.017134
1.081011
1.1209912
1.141095
1.1497995
1.1549647
1.1634901
1.1773784
1.1930044
1.2030074
1.2053545
1.2003067
1.1904534
1.1772308
1.1664282
1.1595008
1.1552444
1.1501941
1.1440885
1.1349978
1.1202942
1.0977007
1.0670643
1.027129
0.97642381
0.91678697
0.85364169
0.79391255
0.74400979
0.71067565
0.69607243
0.69621782
0.70130447
0.70356369
0.69847721
0.68936069
0.68717145
0.7094903
0.76930894
0.8684407
0.99492844
1.1273286
1.2393834
1.3100688
1.3334126
1.3195771
1.286994
1.2531069
1.2310341
1.2234156
1.2237048
1.2206749
1.2104699
1.1936683
1.1748249
1.157479
1.1470654
1.1427397
1.1399063
1.1327652
1.1196972
1.0987191
1.0675373
1.024957
0.97249361
0.91290252
0.85113375
0.79596763
0.75551911
0.73217908
0.72013509
0.71065016
0.69476298
0.66988457
0.64246158
0.63030175
0.65128049
0.71521306
0.81729672
0.94063837
1.0592617
1.1488456
1.1972506
1.2091454
1.1992726
1.1845664
1.1791782
1.1884515
1.207184
1.2238037
1.2309725
1.2259091
1.210957
1.1899515
1.1711467
1.1580409
1.1495426
1.1400558
1.126807
1.1059015
1.0748168
1.0334409
0.98599909
0.93565602
0.88396091
0.83273534
0.78474297
0.7420561
0.70598594
0.67965672
0.66472441
0.65918798
0.65666633
0.65310713
0.6471995
0.64391904
0.65354154
0.69115662
0.76494886
0.87019865
0.98771741
1.0913715
1.1548619
1.1639469
1.1247663
1.0617575
1.0051593
0.97798603
0.98991613
1.0332834
1.0880153
1.1312583
1.1523956
1.1521392
1.1400281
1.1257796
1.1196118
1.1219055
1.1263974
1.124395
1.1136612
1.0952122
1.0730285
1.0520316
1.0367698
1.026273
1.0147833
0.99671732
0.96928415
0.93244471
0.88835721
0.84373826
0.80514487
0.77614171
0.75479002
0.73919336
0.72523485
0.70993123
0.6927606
0.68040989
0.680403
0.69889609
0.73852552
0.79893447
0.87340307
0.95172322
1.0250388
1.0875278
1.1350625
1.1646565
1.1773219
1.1753249
1.1620622
1.1415736
1.1225272
1.1118119
1.1132379
1.125103
1.1452707
1.1670014
1.1829149
1.1878002
1.1833178
1.1726889
1.1593002
1.1463372
1.1363849
1.1281769
1.1175365
1.1024721
1.0831353
1.0606867
1.0357689
1.0120933
0.99187366
0.97519698
0.95847715
0.94128395
0.92172068
0.89831676
0.86988189
0.83943688
0.80936787
0.78109311
0.75546798
0.73417189
0.71668301
0.70103804
0.68781203
0.67987484
0.6807667
0.69360618
0.72366891
0.77303325
0.8392569
0.9144306
0.99149598
1.0613271
1.1164982
1.1527518
1.1732112
1.1822851
1.1848801
1.1852744
1.1873742
1.1909905
1.1931132
1.1920214
1.1884952
1.1836756
1.1778662
1.1738668
1.1732648
1.174771
1.1733205
1.167291
1.1550035
1.1363871
1.1117723
1.0870644
1.0659718
1.0493977
1.0344927
1.0186557
0.9969105
0.96458749
0.92066685
0.86967987
0.81807774
0.77178034
0.73631102
0.71402912
0.70255783
0.6952655
0.68769789
0.67683712
0.66319381
0.65005049
0.6477393
0.66544263
0.70993063
0.7829627
0.88270943
0.99913588
1.116793
1.2196343
1.2959501
1.3388352
1.3480821
1.3325288
1.3058026
1.280068
1.261402
1.2530832
1.2526007
1.254025
1.2497595
1.2393367
1.2234551
1.203908
1.1809731
1.1575691
1.1334272
1.1070892
1.0775782
1.0472841
1.0172639
0.98662242
0.95402848
0.91857285
0.87902042
0.83496106
0.79025764
0.75035177
0.7194781
0.69794822
0.68520597
0.67776
0.6721369
0.66672336
0.66670535
0.67916222
0.71102601
0.76592743
0.84384298
0.93678441
1.0312033
1.1136374
1.1747394
1.2093799
1.2175519
1.207412
1.1903396
1.1757549
1.1671775
1.1668299
1.1715816
1.1757136
1.1720788
1.1610634
1.1435717
1.1215655
1.0960413
1.0700995
1.0435585
1.014683
0.98244
0.94859984
0.91381511
0.8770871
0.83830142
0.79851971
0.75940659
0.72326817
0.69575313
0.6810136
0.67874798
0.68231849
0.68546957
0.68281407
0.67519467
0.67089381
0.68636237
0.7355103
0.82270542
0.93898397
1.0651223
1.1754884
1.2480331
1.2742772
1.2608109
1.2233327
1.1789011
1.1423975
1.1199407
1.1091921
1.1022017
1.0963195
1.0908828
1.0872664
1.0850373
1.0863431
1.0888057
1.0885118
1.0823162
1.072593
1.0616705
1.0504352
1.0383471
1.0244434
1.0060156
0.98141589
0.95238453
0.92193266
0.8926602
0.86547304
0.84075696
0.81724202
0.79393929
0.77098872
0.7511544
0.73623203
0.72674975
0.72181613
0.72038775
0.72067147
0.72250082
0.72995899
0.75097088
0.79404088
0.86558331
0.9672536
1.0897856
1.2117224
1.3046105
1.34549
1.3257866
1.2594534
1.1806709
1.1327116
1.143582
1.209634
1.291256
1.3276278
