0.98381696
0.97400735
0.99442326
1.0334429
1.0723475
1.0955973
1.0981296
1.0844287
1.0642602
1.0461398
1.0351641
1.029728
1.0242149
1.0117662
0.99095842
0.96438613
0.93740414
0.91414644
0.89700046
0.88551102
0.8773457
0.8702868
0.86499399
0.86631273
0.88020059
0.91080306
0.95755265
1.0166958
1.080275
1.1389924
1.1837236
1.2111509
1.2217878
1.2194625
1.2083682
1.1936043
1.1794301
1.1683639
1.1606037
1.1564827
1.1570956
1.1622426
1.1706778
1.1800267
1.1896251
1.1969057
1.1992625
1.1930486
1.1796289
1.1599221
1.1358894
1.1085858
1.0817917
1.0584059
1.0398301
1.02536
1.014659
1.0084428
1.0065689
1.0087034
1.0142453
1.0251402
1.0411197
1.0605079
1.0783735
1.0931807
1.1023304
1.1049411
1.1010407
1.0953727
1.0934831
1.0995924
1.1143088
1.1361458
1.1620445
1.1864782
1.2038449
1.2101593
1.2067274
1.1950529
1.1771142
1.1523819
1.1236541
1.0913594
1.0566354
1.0208852
0.99050121
0.97259845
0.97282927
0.99264303
1.0303896
1.0814786
1.1373484
1.1884486
1.226839
1.251212
1.262539
1.2644596
1.2595913
1.2539758
1.2499996
1.2480435
1.2456891
1.2428485
1.2396814
1.2366505
1.2337562
1.2321628
1.2336896
1.2381065
1.2435279
1.2468755
1.2474519
1.2433995
1.2336313
1.2164353
1.1951369
1.1720157
1.1496368
1.1290516
1.1135888
1.1054609
1.1056596
1.1135168
1.1290857
1.1530183
1.1839627
1.218848
1.2530367
1.2842223
1.3086789
1.3234914
1.3251485
1.3164151
1.2998003
1.2786152
1.2544562
1.2311799
1.2112981
1.1958567
1.1842201
1.176787
1.1749112
1.1781668
1.1845994
1.190876
1.1957518
1.1963061
1.1903327
1.1751961
1.1539348
1.1285526
1.1011896
1.0720378
1.0434816
1.0170222
0.9937683
0.97444446
0.96196971
0.96089829
0.9738155
1.0007039
1.0384435
1.0846047
1.1338726
1.1810835
1.2206108
1.2534626
1.2806365
1.303943
1.3231804
1.3396979
1.3528628
1.3604875
1.3593879
1.3489535
1.3315299
1.3097829
1.2864693
1.2635819
1.2444447
1.2288256
1.2147243
1.1974506
1.1765629
1.150733
1.1202054
1.0855862
1.051474
1.0225711
1.0027684
0.9938195
0.99738922
1.0149934
1.0453879
1.0852485
1.1296277
1.1760384
1.2204817
1.2594734
1.2884084
1.3080131
1.3179967
1.3184589
1.3081683
1.2890527
1.2637232
1.2355343
1.2078774
1.1856514
1.1737627
1.1731403
1.1803663
1.1884436
1.1920844
1.1858308
1.1680922
1.1400619
1.1107365
1.0869923
1.0722214
1.0629298
1.0537436
1.0373132
1.0089316
0.9698511
0.93071119
0.90870263
0.91915085
0.96948457
1.0550201
1.1623032
1.2691123
1.3533079
1.3982931
1.4035354
1.3784125
1.3394716
1.3023282
1.2798282
1.2759164
1.2860374
1.3001052
1.3093285
1.3094587
1.2997036
1.2822905
1.2605841
1.2401101
1.2229526
1.2094255
1.1969685
1.1868366
1.1778256
1.167887
1.1526757
1.1303785
1.0999964
1.0629449
1.023589
0.99096358
0.9763471
0.98752009
1.0260021
1.0856222
1.156747
1.2251739
1.2778933
1.3050312
1.3079178
1.2924523
1.26801
1.2423528
1.2224828
1.2105201
1.2040566
1.1975442
1.1872134
1.1725956
1.154557
1.1351479
1.1164659
1.1024937
1.093785
1.0892407
1.0850587
1.0817682
1.0783209
1.0742044
1.0678612
1.0606288
1.053192
1.0456497
1.0373833
1.0295518
1.0248475
1.0249355
1.0304774
1.0409815
1.0578461
1.0801919
1.1066216
1.1336415
1.1616686
1.1889646
1.2132324
1.230256
1.2385282
1.2370658
1.2258774
1.2057286
1.1804711
1.1562117
1.1376055
1.1271635
1.1245988
1.1300223
1.1397861
1.1491829
1.1518706
1.147289
1.1348122
1.1156232
1.0907459
1.0643043
1.039568
1.0182888
1.0001778
0.9854393
0.97531453
0.97029966
0.9707132
0.97657427
0.99019475
1.0112959
1.0379799
1.064937
1.0902216
1.1102959
1.1229125
1.1264303
1.1240719
1.120321
1.1194519
1.1236475
1.1342557
1.1515611
1.1729777
1.1945134
1.2121059
1.2256282
1.2346568
1.2396546
1.2394503
1.2367222
1.2312926
1.2221826
1.2067865
1.1857029
1.1601867
1.1321749
1.1035096
1.0776782
1.0590946
1.0500274
1.0505808
1.0587076
1.0739676
1.093488
1.1140868
1.1309541
1.1444124
1.1540257
1.1602523
1.1626617
1.1635398
1.1646416
1.1666276
1.1684926
1.1698189
1.1711298
1.1720533
1.1719717
1.1702327
1.1688125
1.1679807
1.1674437
1.164622
1.1603422
1.1534357
1.142961
1.1273342
1.1085047
1.0887293
1.0702219
1.0542623
1.0432243
1.0401781
1.0463907
1.0617134
1.0846962
1.1159189
1.1532661
1.1935283
1.2307234
1.263004
1.2870069
1.300426
1.301049
1.2911871
1.2743505
1.2542486
1.2333106
1.2140552
1.1986009
1.1863347
1.17485
1.1609336
1.1445118
1.1249782
1.102859
1.077811
1.0538099
1.0323975
1.0139969
0.99654997
0.97981473
0.9630006
0.94558058
0.92755497
0.91183478
0.90359858
0.90716293
0.92514358
0.95747301
1.003803
1.0593103
1.1170077
1.1674158
1.2063421
1.2303466
1.2392769
1.2346372
1.2227739
1.2102223
1.2017331
1.1984605
1.1999474
1.2047074
1.2091591
1.2096134
1.2036179
1.1934652
1.1810475
1.1683878
1.1547436
1.1421468
1.1291421
1.11352
1.0920438
1.065407
1.0353364
1.0041479
0.97354999
0.94623043
0.92552792
0.913043
0.90923773
0.913641
0.92811031
0.95214966
0.9838591
1.017893
1.0519944
1.0820668
1.1049929
1.1181548
1.1237537
1.1256574
1.1279765
1.1330617
1.1425933
1.1571278
1.1740721
1.1891231
1.1977768
1.1996222
1.1945259
1.1840974
1.169195
1.1546722
1.1421094
1.1310706
1.1180177
1.101315
1.0795475
1.052928
1.0236788000000001
0.99779949
0.98326955
0.98576583
1.0070733
1.0442321
1.0928692
1.1448761
1.1922459
1.2275033
1.2506927
1.2633181
1.2685519
1.2680203
1.2643696
1.2583271
1.2491785
1.2355272
1.2183635
1.2013704
1.1880005
1.1804618
1.1785725
1.1821695
1.1874682
1.1898077
1.1835301
1.1690105
1.1470289
1.1200058
1.0896108
1.0595308
1.0316757
1.0061768
0.98163083
0.95803727
0.93705979
0.9201061
0.90846514
0.9029462
0.90603881
0.91764755
0.93650297
0.95879337
0.98431654
1.0111612
1.0376547
1.0611501
1.0818731
1.1000633
1.1156918
1.1278373
1.1367306
1.1433913
1.1474314
1.1476485
1.1425914
1.1338958
1.1222767
1.1091546
1.0946425
1.0828902
1.0750508
1.0706111
1.0660431
1.0592528
1.0475122
1.0286641
1.0017261
0.96932254
0.93680112
0.90896456
0.88912857
0.87827095
0.87746154
0.88442154
0.89599845
0.90773253
0.92026687
0.9339167
0.94972513
0.9672286
0.98723404
1.0088113
1.0293111
1.0446769
1.0523911
1.0524104
1.0455158
1.0334787
1.0185727
1.0056093
0.99722158
0.99467881
0.99607344
1.001951
1.0099802
1.0172667
1.0197462
1.0165451
1.007324
0.99238856
0.97224128
0.94932332
0.9273256
0.90872267
0.8948292
0.88580848
0.8835684
0.88789441
0.89796956000000006
0.91077861
0.92709655
0.94580027
0.9656248
0.98389089
1.0002863
1.014322
1.025158
1.0312698
1.032588
1.0308882
1.0278044
1.0249727
1.0236157
1.0267645
1.0346746
1.0456892
1.0547383
1.0596737
1.0569325
1.0445079
1.0215479
0.9919829
0.96081436
0.93257954
0.90959885
0.8931114
0.88329437
0.87829761
0.8759171
0.87481863
0.87765781
0.88667793
0.90382575
0.92776758
0.95900586
0.99431452
1.029306
1.0583577
1.0795796
1.0927406
1.0988255
1.0988742
1.0950876
1.0904243
1.0863669
1.0834034
1.0813394
1.08219
1.0861638
1.092596
1.0980624
1.1020593
1.1019519
1.0954587
1.0802015
1.057741
1.0306584
1.0018521
0.97337026
0.94765721
0.92701809
0.91183878
0.90139715
0.8945528
0.89302516
0.8974161
0.90823444
0.92367804
0.94515632
0.97157066
1.0010865
1.0300613
1.0573481
1.0819472
1.1027689
1.118047
1.1272692
1.1314502
1.1310312
1.1262883
1.1173934
1.107296
1.0972797
1.0880097
1.0775955
1.0677262
1.0580164
1.0482003
1.037019
1.0259079
1.0155709
1.0053737
0.99281109
0.97598164
0.95437426
0.92805711
0.89894946
0.871048
0.85236994
0.84904671
0.86466675
0.89706302
0.94390385
0.99806745
1.0513927
1.0956089
1.1279527
1.1490307
1.1617576
1.1692154
1.1748772
1.1816445
1.189447
1.1961872
1.1989008
1.1978462
1.1929397
1.1850059
1.1734435
1.1617013
1.1507842
1.1409592
1.1305108
1.1198373
1.1084601
1.0949827
1.0769023
1.053187
1.0248396
0.99342748
0.96173707
0.93351392
0.91555367
0.91198147
0.92420315
0.94827003
0.98148074
1.0177143
1.0510574
1.0760995
1.0927983
1.1035754
1.1118039
1.1196838
1.1288234
1.1399731
1.1513151
1.1598621
1.1628195
1.1614551
1.1571389
1.1521301
1.1468026
1.1446111
1.1454511
1.1475822
1.1469172
1.1418818
1.1310306
1.1135294
1.0889741
1.0595125
1.0293126
1.0020162
0.98071946
0.96767725
0.96694169
0.97963669
1.0051025
1.0389603
1.0796145
1.1226282
1.1632832
1.1959864
1.2189134
1.2316172
1.2348109
1.2295716
1.2187477
1.206437
1.1951832
1.1858517
1.1776154
1.1711405
1.1650433
1.157857
1.146878
1.1339378
1.1195667
1.1044294
1.0876751
1.0705555
1.053288
1.0352184
1.014828
0.99243167
0.97037176
0.95088201000000006
0.93621809
0.92826657
0.93105756
0.94574834
0.97168018
1.0044476
1.0424946
1.081574
1.1173938
1.1450091
1.163341
1.1725627
1.1737139
1.1678248
1.1574708
1.1463684
1.1368642
1.1300475
1.1257546
1.1253596
1.1275886
1.1301288
1.1283081
1.1214972
1.1076907
1.0860651
1.0561456
1.0216128
0.98665693
0.95513926
0.9294198
0.91190088
0.9045799
0.90728807
0.91860246
0.93650034
0.9615583
0.99273459
1.0284437
1.0645176
1.1000293
1.1318644
1.1570794
1.1722407
1.177861
1.1757182
1.1681503
1.1567899
1.1439452
1.1323602
1.1228884
1.1150415
1.1074113
1.1011243
1.0955158
1.0895547
1.0800083
1.0679124
1.0526683
1.0343537
1.0125384
0.99001005
0.96902311
0.9504292
0.93291276
0.91533638
0.89744105
0.87910365
0.8617472
0.84860323
0.84635508
0.85931361
0.88872921
0.9298909
0.97815505
1.0251721
1.0631545
1.0860154
1.0945857
1.0936449
1.0898306
1.0885538
1.0938782
1.1075423
1.1271614
1.1481077
1.1655135
1.178795
1.1876926
1.1931991
1.1946041
1.1948499
1.1937361
1.1900603
1.1809047
1.166545
1.1477647
1.1255991
1.1004751
1.0737206
1.0470784
1.0207026
0.99402985
0.96654202
0.94111776
0.92018641
0.90666437
0.90145236
0.90841417
0.92801992
0.95861309
0.99517702
1.03379
1.0700308
1.0997353
1.1193524
1.1283613
1.1294485
1.1258061
1.1205114
1.1156479
1.1146792
1.1179471
1.1242839
1.1297906
1.1347977
1.1384344
1.1407354
1.141114
1.1417212
1.1436094
1.1460782
1.1461841
1.1413903
1.1302069
1.1111829
1.0842367
1.0512189
1.0184884
0.99165861
0.97568679
0.97176438
0.98253688
1.0058701
1.0372781
1.0697202
1.0990423
1.122312
1.1382088
1.1464804
1.149227
1.1500822
1.1510818
1.1524267
1.1526093
1.1520492
1.1500402
1.1467713
1.1417171
1.1391224
1.1409466
1.1475377
1.1555716
1.1621404
1.1626977
1.1525778
1.1283403
1.0909986
1.0459208
0.99984478
0.95960317
0.93046286
0.91731997
0.92025537
0.93634744
0.95912774
0.98580865
1.0124746
1.0365382
1.0553976
1.0702928
1.08271
1.0936633
1.1028997
1.1108383
1.1187392
1.1265906
1.1335762
1.1382866
1.1419208
1.1442174
1.144873
1.1417045
1.1368695
1.1306413
1.1232758
1.1136152
1.1030697
1.0923683
1.0813475
1.0685876
1.0536326
1.0369819
1.0184183
0.99776816
0.97526134
0.95395615
0.9355344
0.92128264
0.91015742
0.90452908
0.90447809
0.90992449
0.91960691
0.93485681
0.95657157
0.98453197
1.016541
1.0502222
1.0833904
1.112729
1.1349892
1.1478729
1.1532057
1.1529026
1.1496945
1.1445343
1.14159
1.1417597
1.1443023
1.1458241
1.1449049
1.1398085
1.1290433
1.1113539
1.0877745
1.0609818
1.0327458
1.0039559
0.97469835
0.94709777
0.92185255
0.90001902
0.88150981
0.87050319
0.86903689
0.87793018
0.89485914
0.91822362
0.94486258
0.97082662
0.9919865
1.0067292
1.0162426
1.0219389
1.0249816
1.0255912
1.0256552
1.02507
1.023502
1.0191915
1.0150361
1.0126862
1.0136209
1.0170379
1.0233447
1.0310523
1.037185
1.0377972
1.0310362
1.0175431
0.99853406
0.97594199
0.95200642
0.93108986
0.91532445
0.90576395
0.90087924
0.90229835
0.90938591
0.92120617
0.9354538
0.95217096
0.97101419
0.99115199
1.0109124
1.0296155
1.0475663
1.0641052
1.077982
1.0876141
1.0939967
1.0974875
1.0990769
1.0985999
1.0995119
1.1028639
1.1083351
1.1129249
1.1149167
1.1120798
1.1027125
1.0861013
1.0644817
1.0420561
1.0218504
1.0048633
0.98968351
0.97541738
0.95940088
0.94004744
0.91633606
0.89342394
0.87590594
0.86763427
0.86870806
0.87845153
0.89324166
0.90801982
0.91792721
0.92165257
0.9217416
0.92154675
0.92380722
0.92918375
0.93828991
0.9487438
0.95779983
0.9622466
0.96422879
0.96549542
0.96769993
0.96987613
0.97132344
0.9692992
0.96050844
0.94255525
0.91697686
0.88871448
0.8629003
0.84354464
0.83241291
0.82922672
0.8306792
0.83358841
0.83632335
0.84188423
0.85331332
0.87289394
0.8997948
0.93121955
0.96130655
0.98409049
0.99631458
0.9999505
1.0003375
1.002719
1.009544
1.0191535
1.0270019
1.0270393
1.0162758
0.99663175
0.97622276
0.96272957
0.95980264
0.96370159
0.96568797
0.95460129
0.92376841
0.87610427
0.82569066
0.79145427
0.78729159
0.81373947
0.8546321
0.88138765
0.86177023
