0.66359086
0.70478908
0.72912835
0.72027553
0.69577574
0.68176613
0.68889464
0.70509056
0.71184634
0.70476142
0.69298764
0.68735032
0.69171401
0.70000071
0.70423316
0.70333103
0.70022519
0.69777347
0.69755379
0.69813727
0.69837144
0.69959981
0.70188257
0.70417839
0.70587895
0.70532101
0.70373227
0.7027069
0.70130703
0.70045451
0.70041769
0.69948382
0.69916078
0.70023583
0.70082938
0.70162424
0.70196751
0.69965169
0.69697578
0.69520116
0.69323623
0.69310063
0.69411598
0.69406184
0.69488934
0.69689731
0.69900168
0.70264404
0.70635719
0.70771927
0.7078868
0.70677389
0.70452113
0.70382925
0.70451251
0.70551557
0.70737912
0.70832011
0.70748732
0.70663637
0.70576941
0.70557464
0.70728792
0.70885256
0.70900029
0.7079168
0.7047199
0.70132491
0.70042297
0.70163721
0.70526263
0.71063804
0.71486395
0.71838816
0.72248041
0.72675675
0.73305239
0.74105066
0.74709314
0.7507968
0.75209857
0.7508176
0.75135332
0.755513
0.76054336
0.7654712
0.76712585
0.76291526
0.75670452
0.751612
0.74850009
0.74896281
0.7503205
0.74883161
0.74508563
0.73914936
0.73144642
0.72462332
0.7184093
0.71223728
0.70782491
0.70481776
0.70307861
0.70362714
0.70469337
0.70528846
0.7060744
0.7058533
0.70500749
0.70472758
0.70360948
0.70193431
0.70078493
0.69961186
0.70046826
0.70495047
0.71106153
0.71809654
0.7245973
0.72790024
0.72990543
0.73240515
0.73425918
0.73628103
0.73733365
0.73488386000000006
0.73163391
0.72949195
0.72769537
0.72813262
0.72973831
0.73023189
0.73188345
0.73504629
0.7378974
0.74052252
0.74056732
0.73619654
0.73038486
0.72495622
0.72072447
0.71935122
0.71895045
0.717575
0.71636943
0.71514581
0.71425451
0.71514521
0.71622016
0.71645961
0.71642938
0.71483688
0.71211754
0.70990885
0.70764881
0.7064523
0.70753054
0.7091289
0.71105073
0.71303057
0.71296069
0.7119698
0.71125931
0.70975455
0.70911167
0.71012267
0.71152967
0.71544642
0.72218868
0.72885747
0.73533378
0.73995889
0.74019561
0.73911865
0.73861604
0.73864158
0.74141776
0.7456898
0.74853451
0.75063259
0.75121955
0.74929335
0.74684566
0.7436524
0.7392237
0.73574737
0.73320399
0.73130031
0.73133031
0.73189677
0.73185931
0.73181056
0.73030754
0.72704996
0.72330519
0.71840791
0.71319052
0.70934381
0.70602791
0.70366717
0.7027765
0.70154517
0.70044435
0.70009584
0.69891543
0.6978804
0.69768212
0.6970326
0.69780784
0.70089687
0.70441424
0.70915932
0.71431294
0.71706113
0.71873899
0.7193433
0.71685859
0.71345842
0.70962473
0.70490655
0.70274048
0.70366794
0.7056219
0.70859567
0.71022919
0.70852371
0.70595888
0.70371075
0.70228079
0.70353355
0.70601441
0.70795892
0.71018946
0.71196828
0.71323898
0.71529019
0.71652291
0.71589539
0.71414915
0.71079331
0.70739539
0.70629227000000006
0.70646068
0.70727908
0.7081895
0.70724988
0.70602174
0.70673995
0.70858937
0.71163184
0.71457119
0.71443223
0.71281871
0.71201671
0.71209268
0.71499024
0.71991197
0.72334126
0.72598353
0.72794464
0.72768288
0.7274677
0.72713888
0.72496817
0.72326605
0.72247154
0.72159116
0.72225794
0.72328065
0.72253193
0.7212575
0.71918633
0.71618914
0.71476944
0.71487179
0.71589179
0.71879611
0.72193783
0.72403562
0.72573487
0.72574002
0.72397926
0.72202492
0.71938775
0.71692413
0.71624253
0.71626333
0.71708281
0.71885713
0.71937296
0.71893291
0.71856437
0.71757779
0.71794222
0.72074414
0.723877
0.72740866
0.73049795
0.73066886
0.72972002
0.72896678
0.72760454
0.72798997
0.7301211
0.73132359
0.73293789
0.73447816
0.73417684
0.73415501
0.73432196
0.73324369
0.73280063
0.73269186
0.73185644
0.73219942
0.73320035
0.7337128
0.73511609
0.73661182
0.73754522
0.73940984
0.74109696
0.74153417
0.74125015
0.7389136
0.73489442
0.73156221
0.72904513
0.72811863
0.72950064
0.73098112
0.73206653
0.73316514
0.73288126
0.73228906
0.73267713
0.73309258
0.73496598
0.73885792
0.74243233
0.74593859
0.74911828
0.75031187
0.75182146
0.75445789
0.75572151
0.75577635
0.75321555
0.74588105
0.73758329
0.73084331
0.72578762
0.72459664
0.72574004
0.72614202
0.72688092
0.72765557
0.72764423
0.72869471
0.72998219
0.73022174
0.73088024
0.73123136
0.73043438
0.72961852
0.72773285
0.72468425
0.72259982
0.72130684
0.72099284
0.7224106
0.72357908
0.72406255
0.72493276
0.72557285
0.72734186
0.73163092
0.73671467
0.74230654
0.74781176
0.75059403
0.75124605
0.75067287
0.74787947
0.74480904
0.74242569
0.73927365
0.73714198
0.73649357
0.73535977
0.73528658
0.7360928
0.73549089
0.73546132
0.73580991
0.73452021
0.73318841
0.73136044
0.72779523
0.72499869
0.72330912
0.7218759
0.7222818
0.7235572
0.72439091
0.72627358
0.72844722
0.72997846
0.73190102
0.73296426
0.73275934
0.7330634
0.73336506
0.73378079
0.73539146
0.73664136
0.73739301
0.73873164
0.73952387
0.74026238
0.74164536
0.74178335
0.74093563
0.73967276
0.73664928
0.7335055
0.7317505
0.73053422
0.73160146
0.73530956
0.73914905
0.74354125
0.7476888
0.74900329
0.74929461
0.74950544
0.74887665
0.75058694
0.75490975
0.75946215
0.7648361
0.76933198
0.77057977
0.77032783
0.76851276
0.76427562
0.75971463
0.75479995
0.74946582
0.74645418
0.74570171
0.74616154
0.74809385
0.74917171
0.74812097
0.74640373
0.74364354
0.74021849
0.73744454
0.73402614
0.73018224
0.72747543
0.72522124
0.72419019
0.72514276
0.72617498
0.72758863
0.72994637
0.73173034
0.73413981
0.73797303
0.74166236
0.74651402
0.75261883
0.75738633
0.7615357
0.76478943
0.76529284
0.76563666
0.76687102
0.76737109
0.76889884
0.77044483
0.76941727
0.76777686
0.76613078
0.76423885
0.76473036
0.76665478
0.76694765
0.76526983
0.75989216
0.75038787
0.74059162
0.73256428
0.72758056
0.72758221
0.73053257
0.73398119
0.73760546
0.73959457
0.73990023
0.74025656
0.73972317
0.73840701
0.73760177
0.7367674
0.73749776
0.74121599
0.745287
0.74812071
0.74867646
0.74563826
0.74289163
0.74459398
0.75035623
0.75961873
0.76893182
0.77313234
0.77373452
0.77385395
0.77464645
0.77953248
0.78766224
0.79431688
0.79967429
0.80304679
0.80289802
0.80201868
0.80071111
0.79768044
0.79542622
0.79414888
0.79283954
0.79348102
0.79549519
0.79777228
0.80204689
0.80731165
0.81197185
0.81654958
0.81950446
0.82063173
0.82255691
0.8256092
0.83031415
0.83763717
0.8451511
0.85151561
0.85677159
0.85907195
0.8590644
0.85849107
0.85684007
0.85578439
0.85648342
0.85677262
0.85685264
0.85688444
0.8555051
0.85520619
0.8570936
0.85830774
0.85825635
0.85511037
0.84647966
0.83643758
0.82862257
0.82367368
0.82435112
0.82879388
0.83254981
0.83579411
0.83756434
0.83654093
0.83516041
0.8329946
0.82862303
0.82426648
0.82026634
0.81689634
0.81653613
0.81750228
0.81699011
0.81454332
0.80863335
0.80054513
0.79472956
0.79234667
0.79335111
0.79674441
0.79806696
0.79542697
0.78977056
0.78096349
0.77129215
0.76317378
0.75625904
0.75264181
0.75422658
0.75950996
0.76822184
0.77822773
0.78479128
0.78766023
0.78758677
0.78456842
0.78267861
0.78365801
0.78532553
0.78833361
0.79125006
0.79107906
0.79040228
0.79010001
0.78914693
0.78974311
0.79078041
0.78952829
0.78735489
0.78404197
0.77917587
0.77571815
0.77377163
0.77234345
0.77249824
0.77247734
0.77058306
0.76777145
0.76319949
0.75717253
0.75240641
0.74942859
0.74933157
0.75351674
0.75954791
0.76540392
0.77005625
0.77134218
0.77066649
0.77088147
0.77208765
0.77541139
0.7808472
0.78575357
0.79070643
0.79616594
0.79980082
0.80167155
0.80085451
0.7951826
0.78771761
0.78120799
0.77562604
0.77332972
0.77358838
0.77311827
0.77347309
0.77443428
0.77394009
0.77322352
0.77105675
0.76563384
0.75968443
0.75425205
0.74926679
0.74697644
0.74670743
0.74731667
0.75040585
0.75484109
0.75881831
0.76223921
0.76293042
0.76044591
0.75743052
0.75465459
0.75332086
0.75470956
0.75660059
0.75792011
0.75889452
0.75806939
0.75632531
0.75503166
0.75303496
0.75126603
0.75066765
0.75002418
0.7508751
0.75413379
0.75791304
0.76280679
0.76813876
0.77094997
0.77210399
0.77177125
0.76833646
0.76422587
0.76018612
0.75462108
0.75013462
0.74711549
0.74417511
0.74341584
0.74400522
0.74327897
0.74183912
0.73854718
0.73251263
0.72673116
0.72209126
0.71861399
0.71811841
0.71960152
0.72206136
0.72658834
0.73158149
0.73544903
0.73825932
0.73859954
0.73732828
0.73739268
0.739051
0.74261587
0.7479525
0.75231622
0.75544524
0.75822029
0.75927292
0.75888213
0.75695527
0.75165598
0.7449263
0.73919497
0.73443743
0.73238648
0.73263249
0.73203108
0.73125765
0.73056409
0.72842904
0.72683331
0.72567062
0.72245192
0.71898868
0.71544809
0.71073954
0.70752373
0.70599574
0.70474018
0.70529876
0.70667595
0.70700578
0.70756421
0.7077108
0.70681222
0.70694818
0.70773653
0.70856302
0.71066405
0.71285174
0.71456353
0.71707339
0.7193666
0.72125967
0.7237234
0.72538699
0.72629082
0.72751196
0.7279834
0.72832984
0.72940766
0.72958746
0.72930357
0.72922536
0.72814365
0.72757835
0.72853735
0.7293311
0.73059824
0.7320347
0.73147142
0.73048349
0.72975512
0.72769098
0.72588762
0.72416889
0.72053913
0.71745784
0.71554813
0.71358815
0.71338784
0.71414459
0.71381251
0.7138278
0.71361455
0.71187198
0.71026293
0.70856773
0.70666426
0.70696408
0.70892564
0.71098999
0.7130728
0.71323667
0.71124414
0.7095633
0.70835563
0.70766831
0.70774944
0.70640058
0.70358613
0.70120259
0.69928651
0.69906564
0.70123596
0.70357672
0.70597053
0.70869693
0.71007596
0.71089592
0.71144205
0.70989717
0.70781223
0.70655254
0.7055144
0.70689487
0.71065296
0.71355717
0.7156954
0.71631159
0.71388987
0.71186296
0.71139279
0.7108582
0.71107918
0.7105732
0.70772959
0.70552894
0.70516309
0.70606629
0.70897577
0.71158071
0.71169354
0.71093849
0.70979083
0.70877687
0.70966956
0.71121221
0.71239789
0.71419514
0.71563674
0.71655297
0.71771923
0.7175032
0.71581321
0.71398108
0.71150888
0.70961579
0.70966489
0.71028019
0.71174883
0.71408575
0.71488049
0.71448947
0.71355566
0.71110763
0.70941204
0.70960303
0.70964377
0.71003591
0.71007665
0.70757957
0.70497706
0.70353771
0.70199368
0.70233584
0.70387213
0.70432621
0.7056119
0.70787243
0.70986613
0.71301281
0.71594262
0.71655011
0.71649622
0.71645268
0.71745814
0.72256509
0.73102232
0.74034291
0.74929317
0.75513188
0.75726276
0.75808653
0.75782178
0.75652832
0.7545393
0.75011582
0.74401955
0.73901282
0.73560273
0.73466776
0.7359795
0.73649441
0.73588331
0.73498214
0.73298573
0.73120849
0.72990804
0.72687125
0.72308839
0.71936917
0.71464458
0.71089656
0.70852532
0.70558909
0.7037914
0.70326608
0.70191512
0.70133576
0.70086185
0.69851285
0.69636343
0.69462735
0.69250907
0.6922794
0.69357413
0.69495259
0.69767771
0.70058831
0.70216298
0.70363097
0.70421532
0.70347016
0.70324633
0.70294206
0.70217669
0.70219428
0.70201765
0.7017405
0.70275231
0.70376835
0.70426901
0.70436329
0.70216921
0.69814181
0.69380095
0.68861587
0.68394049
0.68098007
0.67875813
0.67893326
0.68277512
0.68885702
0.69775597
0.70861411
0.7182392
0.7270185
0.73475123
0.73946166
0.74287136
0.74512118
0.74433385
0.7428548
0.7411548
0.73809583
0.73582846
0.73394589
0.73058315
0.72720053
0.72347943
0.7187493
0.71543071
0.71356885
0.71231088
0.71271667
0.71329237
0.71264982
0.71196183
0.71075595
0.70928643
0.70940137
0.71027301
0.71138391
0.71332656
0.71461837
0.71535174
0.71663524
0.71708033
0.71670938
0.71597772
0.71351158
0.7107961
0.70966284
0.70926835
0.71049031
0.7131243
0.71465145
0.71600139
0.71774856
0.7182236
0.7187487
0.71931303
0.71808198
0.71735188
0.71789141
0.71784043
0.7187677
0.72011768
0.72033575
0.72205608
0.72544231
0.7283371
0.73091655
0.73142985
0.7287927
0.72630958
0.72531437
0.72551638
0.72743886
0.72869374
0.7277885
0.72685629
0.72656605
0.72741249
0.73012191
0.7320494
0.73147947
0.72906712
0.7244629
0.71928912
0.71594321
0.71392834
0.71374255
0.71580045
0.71791478
0.71991483
0.72183558
0.72180613
0.72088019
0.7200516
0.71817144
0.71685681
0.71664196
0.71560855
0.71510598
0.71544118
0.71501545
0.71592454
0.71829494
0.71957561
0.72087615
0.72136435
0.71936736
0.71771457
0.71734148
0.71751262
0.71980471
0.72279461
0.72419891
0.72511166
0.72510854
0.72383546
0.72332226
0.72300116
0.7220249
0.72153678
0.72060649
0.71902118
0.71834918
0.71781577
0.71723065
0.71725556
0.71612978
0.71361354
0.71093655
0.70780728
0.70593787
0.70704522
0.70951772
0.71274291
0.7156726
0.7154295
0.71273736
0.70905172
0.70412277
0.70037328
0.6987249
0.69720182
0.69689862
0.69795097
0.69864492
0.70087593
0.70427347
0.70553485
0.70522088
0.70257675
0.69672429
0.69163858
0.68909095
0.68843395
0.69081884
0.69455516
0.6976817
0.70204264
0.70758473
0.71321817
0.71932387
0.72365046
0.72467139
0.72434303
0.72319043
0.72196224
0.72223373
0.72255582
0.72228392
0.72250996
0.72229877
0.72186315
0.72218312
0.72200155
0.72197132
0.72326364
0.72418355
0.72452328
0.72423998
0.72180672
0.71907476
0.71755055
0.71543437
0.71299397
0.71038252
0.70734239
0.70843391
0.71629521
0.72801708
0.7408581
0.74944483
0.74874087
0.74244409
0.73538077
0.73055806
0.73172776
0.73705603
0.74206434
0.74669282
0.75058597
0.75359284
0.75810471
0.76299386
0.76587595
0.76715363
0.7659457
0.76250788
0.75993194
0.7588772
0.75964152
0.76317054
0.7677151
0.7717097
0.77337689
0.77178605
0.77020333
0.77192965
0.77593687
0.77836506
0.77427731
0.76346845
0.75426322
0.75395566
0.76036078
0.76427094
0.75719351
0.74316659
0.73914772
0.75454687
0.77683449
0.7807017
0.75199938
0.71104683
0.70386507
0.75490872
