0.95359345
0.95572213
0.99742612
1.0462619
1.0744396
1.0747652
1.0594245
1.0480101
1.0552952
1.0827505
1.1189804
1.1470599
1.1577074
1.1517562
1.137794
1.124901
1.1199355
1.1227367
1.1277863
1.1286031
1.1231422
1.1127224
1.099869
1.0877578
1.0789776
1.0739962
1.0705883
1.0678572
1.0651179
1.0616365
1.0556291
1.0479017
1.0394879
1.0310466
1.0233042
1.0184394
1.0162699
1.0146654
1.0132067
1.0124928
1.0126864
1.0126086
1.0145368
1.0196075
1.0277969
1.0367196
1.0476536
1.0594594
1.0700154
1.0771878
1.0820316
1.0845568
1.0841217
1.0820879
1.0808911
1.0812383
1.081262
1.0815263
1.0816388
1.0806769
1.0761376
1.0708488
1.0657976
1.0611807
1.0561565
1.0523262
1.0491999
1.0452031
1.0402086
1.0359508
1.0330778
1.0304762
1.0291687
1.0296222
1.0313978
1.0323007
1.0345907
1.0391415
1.0460602
1.0539696
1.064162
1.0755507
1.085758
1.0932192
1.0987871
1.1024992
1.1032107
1.1021451
1.1006849
1.0990811
1.095457
1.0917451
1.0884864
1.0855035
1.0811714
1.0775802
1.0746902
1.0714173
1.0669113
1.062632
1.0586499
1.0538033
1.0488316
1.0450126
1.0423762
1.0389208
1.0358863
1.0336788
1.032346
1.0305735
1.0313569
1.0355225
1.0425261
1.0508843
1.0611759
1.0721673
1.0815469
1.0889382
1.0955262
1.1014576
1.1048539
1.1065464
1.1066057
1.1046262
1.0986215
1.0919581
1.0861502
1.0817928
1.0781687
1.0766724
1.0761776
1.0742078
1.0697744
1.0640802
1.0577373
1.0501246
1.0431832
1.0382967
1.0356089
1.0329816
1.0322981
1.0337642
1.0369741
1.0405603
1.0463771
1.0542811
1.0629026
1.0713686
1.0806045
1.0901109
1.0977954
1.1037558
1.1084005
1.1113296
1.1103518000000001
1.1074331
1.1034342
1.0986971
1.0922228
1.0867924
1.0829344
1.0799139
1.0769329
1.0751686
1.0740142
1.0713769
1.0671549
1.0621836
1.0566391
1.0492363
1.0423017
1.0370934
1.0338334
1.0305722
1.0291418
1.0292798
1.0301489
1.0310995
1.0342886
1.040176
1.0474913
1.0557832
1.0652117
1.0747047
1.0817304
1.087322
1.0923795
1.0971772
1.0995072
1.1013394
1.1021513
1.1008195
1.0961558
1.0906717
1.0854888
1.0805221
1.0763115
1.0741611
1.0734786
1.0718143
1.0695184
1.0671243
1.0647021
1.0604754
1.0567589
1.0539379
1.0515707
1.0482356
1.0458464
1.0445097
1.0433029
1.0419377
1.0419828
1.0437853
1.0463189
1.050726
1.0580796
1.0678794
1.0768777
1.0850657
1.0911027
1.0935962
1.0908321
1.0859921
1.0808459
1.076072
1.0718736
1.0697904
1.0691296
1.0676261
1.0652241
1.0629589
1.0610637
1.0578721
1.0548496
1.0522103
1.0494722
1.0447039
1.04041
1.0371355
1.0343847
1.031093
1.0284484
1.0261437
1.0232037
1.0208186
1.0215762
1.0266155
1.0343762
1.045001
1.0571261
1.0685198
1.0754541
1.0798122000000001
1.0823641
1.0836199
1.0832747
1.0834071
1.0837272
1.0825502
1.0795106
1.0761545
1.0731122
1.0694415
1.066504
1.0649185
1.0639964
1.0608483
1.056925
1.0523971
1.0472695
1.0409191
1.0359778
1.0328125
1.0301888
1.0270898
1.0242378
1.0214076
1.0176123
1.014637
1.0146078
1.0182316
1.0233546
1.0305684
1.0387006
1.046154
1.0507603
1.0549197
1.0594889
1.0640397
1.0675345
1.0703583
1.0711864
1.0679399
1.0615812
1.0547687
1.0494893
1.0453622
1.0442141
1.04561
1.0477044
1.0470479
1.0450792
1.0421192
1.0382992
1.0336471
1.0303014
1.0281813
1.0255761
1.022201
1.0190918
1.0165883
1.0136871
1.012342
1.0137185
1.0179082
1.0224873
1.0290887
1.0370786
1.0450764
1.0511579
1.0564696
1.06061
1.0621762
1.0609835
1.0585228
1.0552707
1.0503007
1.0454018
1.0420769
1.0406796
1.0390611
1.0387603
1.0392931
1.0395258
1.0376763
1.0356929
1.0339636
1.0318499
1.0291136
1.0269828
1.0250831
1.0215856
1.0171108
1.0128803
1.0095112
1.0058418
1.0042724
1.005622
1.0097033
1.0146558
1.0220024
1.0310915
1.0401078
1.0473387
1.05342
1.0579313
1.0596283
1.059564
1.0595983
1.060298
1.0598409
1.0592284
1.0582568
1.0562779
1.051522
1.0469314
1.0436573
1.0417488
1.0403874
1.0405896
1.0413897
1.0407178
1.0384692
1.036152
1.0344222
1.0321003
1.0304798
1.0298801
1.0298515
1.0281642
1.0274294
1.0284941
1.0314218
1.0351721
1.0408657
1.0474045
1.0524936
1.0551935
1.0565177
1.056893
1.0555728
1.0542494
1.0540063
1.0546329
1.0535972
1.0522812
1.0505697
1.0481311
1.0441703
1.0413874
1.0404275
1.0403319
1.0401682
1.0404815
1.0405395
1.0386182
1.0357619
1.0335089
1.0322384
1.0298896
1.027558
1.0250458
1.0221705
1.0184244
1.0173304
1.0200073
1.0251573
1.0298702
1.0321643
1.0289159
1.0175705
1.0000874
0.98131317
0.96582436
0.95526613
0.95219589
0.95569125
0.96267292
0.96844516
0.97364728
0.97854139
0.98370089
0.98965671
0.9986722
1.0102837
1.0219533
1.0323472
1.0414482
1.0486538
1.0521165
1.0529619
1.0515296
1.0472697
1.0376655
1.0250691
1.010624
0.99573084
0.98179621
0.97281438
0.97004898
0.97214003
0.97728635
0.98422353
0.99077579
0.99448433
0.99679357
0.99985863
1.0049819
1.0105453
1.0173528
1.0235295
1.0266086
1.0243758
1.0193362
1.0135911
1.0085435
1.0053636
1.0055221
1.0079002
1.0093579
1.0091133
1.0074999
1.0049415
1.0005972
0.997235
0.99588054
0.99628315
0.99636996
0.99739507
0.99857697
0.99825457
0.99514014
0.99028243
0.98356711
0.97400013
0.96275924
0.9519444
0.94279379
0.9347037
0.92973477
0.92845828
0.93020098
0.9322541
0.93566014
0.93982949
0.9439422
0.94757116
0.95296834
0.96065109
0.96933118
0.97836404
0.98751718
0.99539325
0.99947012
1.0008548
1.0008452
1.0004683
0.99865586
0.99815409
0.99915575
1.0008439
1.0017788
1.0033535
1.0053814
1.0065531
1.0063604
1.0053844
1.0029948
0.99736423
0.98959181
0.98117668
0.97332916
0.96556579
0.96079784
0.95963495
0.96125618
0.96336645
0.96644569
0.96956824
0.97141365
0.97179615
0.97249794
0.97398307
0.97493748
0.97554687
0.97597598
0.97575488
0.97323733
0.97082815
0.97002597
0.97146755
0.97379225
0.9780771
0.98277639
0.98525753
0.98360372
0.97891712
0.97192318
0.96277552
0.95346465
0.94609402
0.94105239
0.93640189
0.93283436
0.93005012
0.92742738
0.92333514
0.92022434
0.91883566
0.91908253
0.9204395
0.92417698
0.92970028
0.93509097
0.9397741
0.94427167
0.94833385
0.95038253
0.95159555
0.95255298
0.95314074
0.95137213
0.94940098
0.94763599
0.94608374
0.94441281
0.94484815
0.94777543
0.95212744
0.9572501
0.96313232
0.96819047
0.96932277
0.96608846
0.95856819
0.94714433
0.93147751
0.91552889
0.90171304
0.89124088
0.88352005
0.87986536
0.87930962
0.87984045
0.88036408
0.88195574
0.88484443
0.88793517
0.89179968
0.89685665
0.90245896
0.90623103
0.90941087
0.91230218
0.91468085
0.91496799
0.91478416
0.91390203
0.91138702
0.90683843
0.90219533
0.89813702
0.89390598
0.89003168
0.88732057
0.88558064
0.88314869
0.88160999
0.88168326
0.8831454
0.88369969
0.88451195
0.88504185
0.88469475
0.88361591
0.88491936
0.89012359
0.89869166
0.90994659
0.92299203
0.93555585
0.94443732
0.9501172
0.95377281
0.95659271
0.95780664
0.95969823
0.9620332
0.96369188
0.96332976
0.96266652
0.96234433
0.96196737
0.96156426
0.96177545
0.96180322
0.95960767
0.95595474
0.95207397
0.94881131
0.94513621
0.94320518
0.94330761
0.94496653
0.94688252
0.95062109
0.95594169
0.96121304
0.96478809
0.96632462
0.9647485
0.95873784
0.94991437
0.94071901
0.93266359
0.9248062
0.91816886
0.91192409
0.9048161
0.8954119
0.88653092
0.87994616
0.8764002
0.87586511
0.87885652
0.88367974
0.88744561
0.88963329
0.89121272
0.8930061
0.89448015
0.89758264
0.90266672
0.90894285
0.91400624
0.91896956
0.92321284
0.92541971
0.92413925
0.92004347
0.91279459
0.90179515
0.88860007
0.87608416
0.86603924
0.85808871
0.85323797
0.85085325
0.8492542
0.84536827
0.84081641
0.83634085
0.83275313
0.83045964
0.83170599
0.83625313
0.84197289
0.84709685
0.8510129
0.85258706
0.85025964
0.84551732
0.84032662
0.83616572
0.83251837
0.8315054
0.83287288
0.83502855
0.83525556
0.83379001
0.82997125
0.82317607
0.81417449
0.80565967
0.79915641
0.79453646
0.79278147
0.79413759
0.79743821
0.79979484
0.80164178
0.80291498
0.80381114
0.80411863
0.80663639
0.81203355
0.81924329
0.82641133
0.83287737
0.83708889
0.83741487
0.83492902
0.8320782
0.83054438
0.82980038
0.83093299
0.83346191
0.83624711
0.83727414
0.83868074
0.84131468
0.84497595
0.84834305
0.8513543
0.8523239
0.84907118
0.84177622
0.83274223
0.82388382
0.81533909
0.80865915
0.80399311
0.80051748
0.7960099
0.7923783
0.79034098
0.78993471
0.79006295
0.79116749
0.79212071
0.79141938
0.78940441
0.78850342
0.79046487
0.79515058
0.80315079
0.81363882
0.82452725
0.83246587
0.83835182
0.8429146
0.84715961
0.85146032
0.85822354
0.8675369
0.87789361
0.88788483
0.89748333
0.90579805
0.91106058
0.91347913
0.91355557
0.91117475
0.90487041
0.89636823
0.88652988
0.87584029
0.86377583
0.85264146
0.84300224
0.83443038
0.82643677
0.82011425
0.81543975
0.81145153
0.80864702
0.80794023
0.80917461
0.8103855
0.81180953
0.81287553
0.81276318
0.8098848
0.80639053
0.803279
0.80090279
0.79909514
0.79914467
0.80060751
0.8018515
0.80249787
0.80322596
0.80403257
0.80367282
0.80331061
0.80358607
0.80461578
0.80491484
0.80665146
0.81001728
0.81426847
0.81780816
0.82104903
0.82292522
0.82186345
0.81787777
0.81279925
0.80789981
0.80323604
0.80044291
0.80026073
0.80208271
0.80332334
0.80453128
0.80526278
0.80508895
0.80336163
0.80229707
0.80267235
0.80414069
0.80636571
0.80993725
0.81406176
0.81673978
0.81788642
0.81800162
0.81729378
0.81477992
0.81238497
0.81082066
0.80994559
0.80826943
0.80694793
0.80566765
0.80358997
0.80030621
0.79726115
0.79477465
0.79197605
0.78920552
0.78713819
0.78564589
0.78333081
0.78161768
0.78130745
0.78260948
0.78409861
0.78723665
0.79156622
0.79578337
0.79845117
0.80055354
0.80220667
0.80282079
0.80303894
0.80426494
0.80666598
0.80859763
0.81046563
0.81215392
0.81308515
0.81117167
0.80830653
0.80502147
0.80148745
0.79739491
0.79463514
0.79344088
0.79282314
0.79237791
0.79278748
0.79382868
0.79418135
0.79462877
0.79586095
0.79791915
0.79930296
0.80165802
0.80546806
0.81087358
0.81735881
0.8267353
0.83894719
0.85243194
0.86540614
0.87711421
0.88588598
0.88956645
0.88875955
0.88539532
0.88147589
0.87760592
0.87671436
0.87951778
0.88482102
0.88927956
0.8921832
0.89186585
0.88713791
0.87834445
0.86853267
0.85972153
0.85215703
0.84632794
0.84216738
0.8383012
0.83216017
0.82447498
0.81605407
0.80764032
0.79861499
0.79121815
0.78583151
0.78211482
0.7796951
0.78036649
0.78448565
0.79078669
0.79835296
0.80660551
0.81404934
0.81839181
0.82074831
0.82267196
0.82551035
0.82848898
0.83372447
0.84055105
0.84706228
0.85081272
0.85236491
0.85167366
0.84853124
0.84402172
0.84029337
0.83791593
0.83548049
0.8332211
0.83108422
0.82866841
0.82454449
0.82097742
0.81889075
0.81832906
0.81810915
0.81922365
0.82131088
0.82376094
0.82710319
0.83343384
0.84331752
0.85507378
0.86735403
0.87817299
0.88507749
0.8854536
0.88131722
0.8752733
0.87005574
0.86678953
0.86798063
0.8728574
0.87860922
0.88224508
0.88313935
0.88069539
0.87444524
0.86620109
0.85841673
0.85218911
0.84624738
0.84131075
0.83690433
0.83201332
0.82456556
0.81630683
0.80770396
0.79867578
0.78888534
0.77992092
0.77203935
0.76459434
0.75823842
0.75452577
0.75388614
0.75487261
0.75781368
0.76219273
0.76692417
0.76961096
0.77217736
0.77546549
0.7800185
0.78566308
0.79397355
0.80421816
0.81410531
0.82213871
0.8285333
0.83343475
0.836667
0.84066541
0.84739917
0.85714658
0.86719972
0.87708507
0.88456025
0.8874851
0.88435821
0.87781021
0.86996469
0.86220753000000006
0.85569665
0.85187695
0.85018951
0.84858635
0.84698101
0.84603129
0.84610982
0.84608477
0.84738233
0.84996687
0.85291655
0.85406862
0.85487963
0.85578206
0.85655441
0.85678627
0.85781515
0.85923194
0.85895839
0.85639713
0.85217276
0.84667423
0.83913766
0.83203282
0.82705317
0.82477451
0.82325221
0.82363492
0.8248714
0.82508713
0.82246723
0.81827903
0.81318805
0.80727591
0.80201929
0.79955749
0.80016583
0.80152397
0.80357239
0.80625009
0.80997688
0.81444778
0.82447478
0.84295422
0.87082572
0.90626191
0.94812644
0.99261845
1.034836
1.0714958
1.1016609
1.1238664
1.1353129
1.1357948
1.1262719
1.10919
1.0875913
1.0696522
1.0613416
1.0647403
1.0762399
1.0911373
1.1016007
1.100689
1.086419
1.0637313
1.0399152
1.0212954
1.0134813
1.018345
1.0332583
1.0518622
1.0710047
1.087823
1.1003915
1.1064842
1.1074479
1.1032188
1.0933443
1.0783097
1.0615726
1.0459618
1.0328448
1.0240575
1.0205878
1.0212409
1.0224403
1.0238056
1.0245987
1.0242338
1.0211937
1.0183581
1.0165356
1.0155804
1.015024
1.0165938
1.0200706
1.0237629
1.0272207
1.0308035
1.0337127
1.0336355
1.0313745
1.027348
1.0216976
1.0130649
1.004701
0.99790038
0.99327758
0.99085927
0.99053438
0.99031454
0.98830516
0.98509527
0.98231477
0.98055686
0.97871533
0.97605916
0.97070019
0.96195337
0.95165347
0.94574081
0.94751482
0.95567753
0.96415056
0.9661767
0.95717113
0.94016564
0.9266647
0.92950143
0.95256582
0.98579965
1.0099884
1.0058074
0.96769041
0.91130846
0.87024295
0.87468005
0.93151144
1.0134258
1.067488
