0.68165904
0.69773384
0.72694992
0.7386009
0.72419488
0.69725077
0.67763104
0.67805868
0.69544787
0.71665337
0.7318658
0.74169281
0.75372925
0.77502573
0.8075917
0.84613377
0.88150629
0.90867219
0.92664017
0.93627835
0.93947624
0.93769947
0.93119389
0.92033071
0.90761257
0.89526727
0.88346032
0.87342516
0.86561946
0.85873717
0.85388886
0.85122547
0.84884619
0.84521035
0.8403647
0.83334075
0.82247692
0.80993307
0.7965177
0.78131742
0.76604406
0.75186348
0.73868393
0.72738893
0.71998454
0.71642522
0.71458032
0.71439165
0.71391459
0.71017223
0.70464081
0.69930254
0.69574974
0.69709108
0.7064854
0.7241394
0.74807296
0.7777355
0.8097537
0.83873972
0.86311818
0.88121589
0.8915171
0.89555415
0.89654556
0.8961053
0.89437554
0.89335123
0.89255998
0.88935178
0.88522557
0.88086612
0.87563359
0.87030001
0.86593096
0.86147124
0.85493673
0.84718356
0.83782572
0.82481224
0.81009511
0.7946389
0.7782507
0.76262715
0.75002285
0.74072047
0.73385775
0.73046168
0.73014540000000006
0.73102145
0.73540592
0.74412549
0.75607693
0.7714483
0.79040984
0.81202758
0.83585817
0.86308463
0.8917421
0.91609879
0.9339402
0.94285516
0.9428142
0.93979333
0.94067924
0.9479636
0.95926236
0.97009342
0.97390148
0.96585076
0.95089492
0.93583346
0.92552586
0.9234086
0.92786094
0.9326448
0.9322431
0.92615131
0.91550664
0.90108279
0.8868163
0.87326796
0.85818993
0.84188808
0.82543822
0.80930422
0.79460132000000006
0.78368539
0.77674869
0.77200623
0.77123098
0.77449245
0.78018328
0.78948823
0.8027555
0.81864353
0.83663132
0.85726384
0.87908106
0.8992408
0.91818838
0.93479402
0.94699241
0.95648745
0.96418235
0.96924902
0.9716585
0.97225254
0.97038161
0.96488005
0.9584221
0.95196949
0.9443699
0.9375241
0.93191878
0.92633378
0.92101265
0.91750584
0.91550045
0.91311232
0.91086981
0.90720635
0.89889864
0.88685384
0.87187231
0.85391064
0.83444219
0.81565356
0.79785972
0.78043633
0.765564
0.75389372
0.74423184
0.7390728
0.73926073
0.74370182
0.75266757
0.76660214
0.78397578
0.80279736
0.82378718
0.84603754
0.86695392
0.88780848
0.90776995
0.92418548
0.93621547
0.94348792
0.94482791
0.94013075
0.93261997
0.9243881
0.91542735
0.9090356
0.90555533
0.90282847
0.90048051
0.89848215
0.89557474
0.89100211
0.88698342
0.88438541
0.88175157
0.88147962
0.88327452
0.884455
0.88391507
0.88076126
0.87319819
0.86046869
0.84488965
0.82791238
0.8091158
0.79168859
0.77664291
0.76319425
0.75292429
0.74704903
0.74478023
0.7453881
0.7499984
0.75850692
0.76977168
0.7869627
0.81058391
0.83813446
0.86824107
0.89803138
0.92333736
0.94204967
0.95520033
0.96337082
0.96609001
0.96591005
0.96307311
0.9563761
0.94796115
0.93969044
0.93173397
0.9244535
0.91883136
0.91391265
0.90775345
0.90255266
0.89901444
0.89587751
0.89446289
0.89483651
0.89524806
0.89496559
0.89482781
0.89410809
0.89057262
0.88486081
0.87600397
0.86181285
0.84425687
0.82554411
0.80690922
0.79045442
0.77828881
0.76965406
0.76208949
0.75628381
0.75210899
0.74901392
0.75085379
0.75965821
0.774347
0.7934993
0.81511157
0.83577761
0.8531151
0.86911291
0.88488272
0.89942128
0.91391218
0.92676206
0.93470094
0.93720856
0.93592435
0.93225183
0.92749412
0.92466307
0.92355099
0.9207042
0.91642954
0.91016799
0.90106132
0.89121047
0.88328319
0.87728437
0.87139271
0.86534946
0.85735542
0.84460644
0.82981336000000006
0.81496429
0.80032929
0.78703774
0.77551334
0.76430776
0.75238402
0.7418871
0.73407666
0.72792129
0.72578484
0.72746196
0.73126877
0.73834854
0.75020596
0.76648871
0.78617017
0.80906874
0.83285535
0.85389147
0.87343127
0.89147075
0.9067816
0.92030934
0.93218219
0.94092868
0.94604912
0.94932147
0.95126901
0.95069276
0.94961809
0.94763656
0.94259994
0.93542578
0.92722566
0.91792421
0.90803112
0.89951293
0.89235626
0.88463049
0.87787717
0.87191479
0.86491201
0.85769143
0.85054118
0.84206203
0.83144482
0.81964829
0.80673637
0.79208852
0.77879392
0.7681635
0.75920625
0.75317985
0.75007562
0.7483937
0.74821568
0.75136743
0.75835479
0.76851046
0.78365979
0.80291959
0.82313179
0.84424935
0.86509842
0.88319655
0.89778154
0.90940023
0.91746427
0.9211543
0.92308408
0.92405727
0.92268232
0.9207347
0.91842758
0.9143184
0.90874607
0.90338679
0.89843568
0.89313257
0.88929751
0.88643947
0.8816136
0.87554589
0.86796749
0.85756828
0.84510936
0.83252134
0.82031593
0.80826839
0.79844207
0.79100896
0.78391067
0.77879582
0.77610192
0.77497753
0.77643087
0.78178083
0.79036323
0.80083124000000006
0.81405827
0.8293735
0.84445576
0.86132647
0.88005125
0.89882943
0.91740192
0.93507948
0.94952251
0.95898546
0.96470004
0.96714567
0.96533229
0.96238583
0.95886197
0.95322331
0.94601584
0.93800168
0.92889504
0.91920718
0.91192708
0.90813715
0.90605602
0.90700636
0.90953358
0.91025461
0.90862102
0.90490518
0.89862905
0.88999125
0.8810136
0.87170443
0.85985748
0.84690044
0.83291213
0.817212
0.80246428
0.79117086
0.78380229
0.7804297
0.78151795
0.78541374
0.78947143
0.7953366
0.80357615
0.81372043
0.82799873
0.84690528
0.86826685
0.89001085
0.91094317
0.92859593
0.94034194
0.94804971
0.95262291
0.953707
0.95395287
0.9543944
0.95344101
0.9499089
0.94392221
0.93459083
0.92091387
0.90633183
0.89259836
0.87888961
0.86665601
0.85519146
0.84158622
0.82446273
0.80474608
0.78325408
0.76103168
0.74251704
0.72984686
0.72192435
0.71948373
0.72115142
0.72382878
0.72640152
0.72970394
0.73400426
0.73946397
0.74915425
0.76405889
0.78259905
0.80616285
0.83370503
0.86181514
0.88849735
0.91251733
0.93182082
0.94517643
0.95486002
0.9616594
0.96420879
0.96442156
0.96214407
0.95600345
0.94716249
0.93767767
0.92822919
0.91897857
0.91175027
0.90622961
0.89993397
0.8947353
0.8913268
0.88900929
0.88851056
0.89005498
0.89141724
0.88985087
0.88568701
0.87921594
0.86991944
0.86200621
0.85736472
0.85484999
0.85373517
0.85228993
0.84712562
0.83615891
0.82155908
0.80595677
0.79090956
0.78135682
0.77760304
0.7755968
0.77297225
0.76881925
0.76437817
0.76486181
0.77761289
0.80449615
0.8396726
0.87622491
0.90495996
0.92003223
0.92532234
0.92891186
0.93678646
0.95038686000000006
0.96649752
0.97750413
0.97674018
0.96689134
0.95381882
0.94287945
0.93933236
0.94284244
0.94782736
0.94927804
0.94644947
0.94034282
0.9323871
0.92705745
0.9247292
0.92162957
0.91600637
0.90600046
0.88987684
0.86872295
0.84630551
0.82519706
0.806169
0.7919226
0.78226942
0.77454631
0.76927291
0.76664854
0.76599883
0.76823853
0.77500634
0.78570863
0.79845158
0.81413201
0.83196046
0.84970377
0.86872194
0.88856617
0.90670021
0.92186242
0.9337656
0.94152787
0.94500877
0.94752565
0.9501669
0.95083464
0.95015832
0.94704909
0.93980973
0.93012163
0.92126858
0.91428847
0.9080442
0.90271497
0.89643156
0.88650619
0.87616328
0.86816233
0.86295757
0.86053545
0.85912917
0.85451859
0.8432794
0.82701809
0.80837206
0.78908725
0.774161
0.7650247
0.75964291
0.75708363
0.75710141
0.7591764
0.76405557
0.77510035
0.79317376
0.81534166
0.8413448
0.86794206
0.89087815
0.90965479
0.92508125
0.93722901
0.94646991
0.95434255
0.96010201
0.96124574
0.95960369
0.95569612
0.9490941
0.9418206
0.93510122
0.92807901
0.92016815
0.91284177
0.90660347
0.90067148
0.89784531
0.89799096
0.89804064
0.89689017
0.8936346
0.88731656
0.87914197
0.87278047
0.86946699
0.86668788
0.86339853
0.85624666
0.84165104
0.82152411
0.79970186
0.77922248
0.76275913
0.7521973
0.74605443
0.74118222
0.7386471
0.73855188
0.73973415
0.74402038
0.75171176
0.76129455
0.77268587
0.78730056
0.80501706
0.82435529
0.84609839
0.86836091
0.88733914
0.90289166
0.91461566
0.92148636
0.92445324
0.92565814
0.92543719
0.92287264
0.91982825
0.91614869
0.90970686
0.90207417
0.89367037
0.88331516
0.87148937
0.86015559
0.85034067
0.84263241
0.8399579
0.84189765
0.84390992
0.84361548
0.83796865
0.82487102
0.80688188
0.78945717
0.77639672
0.76865136
0.7667792
0.76807137
0.76829244
0.76886253
0.77173255
0.77807534
0.78986537
0.80747434
0.82823074
0.84903609
0.86964318
0.88893084
0.90436497
0.91733935
0.92746006
0.93348011
0.93707496
0.94031247
0.94313629
0.94445333
0.94456899
0.94242962
0.93609911
0.9291789
0.9235588
0.9185204
0.91400801
0.90910429
0.90178586
0.89175147
0.88225487
0.87502521
0.86835092
0.86249916
0.85489279
0.84215775
0.82535584
0.80751594
0.79076504
0.77646695
0.76601626
0.75808902
0.74980545
0.74323026
0.73982297
0.73978078
0.745246
0.75655487
0.77138206
0.78783016
0.80597877
0.82489704
0.84267558
0.86078258
0.87825121
0.89229691
0.90316318
0.91084166
0.91459243
0.91530509
0.9153664
0.91543882
0.9146308
0.91467972
0.91492531
0.91286926
0.90929478
0.90463229
0.89826152
0.89090324
0.88452826
0.87925951
0.87375152
0.86968452
0.86690613
0.86336446
0.85993361
0.856371
0.85067104
0.84185257
0.83041446
0.81618196
0.79898569
0.78215533
0.76741252
0.75405723
0.74377039
0.73632123
0.72981106
0.72428731
0.72133823
0.72159268
0.72519063
0.73437264
0.74860379
0.76473461
0.7827959
0.80157717
0.81917845
0.83612838
0.85358993
0.87081116
0.88602856
0.8991295
0.9081982
0.91027945
0.90723716
0.90058668
0.89128411
0.88206535
0.875095
0.86997665
0.86534903
0.86159278
0.8577098
0.85146482
0.84495002
0.83897567
0.83299679
0.82794097
0.82422435
0.82003725
0.81309605
0.8035464
0.79122326
0.77536459
0.7598586
0.74683468
0.73609511
0.72819369
0.72290512
0.71857243
0.71438937
0.71210658
0.71205007
0.71212139
0.71312364
0.71344091
0.71051773
0.70555666
0.70075952
0.69750171
0.69736663
0.7024569
0.71206212
0.72323208
0.73639322
0.75042248
0.76323778
0.77561932
0.78783504
0.79844175
0.80648801
0.81268748
0.81668797
0.81724975
0.81699009
0.81656786
0.81449558
0.81164968
0.80849764
0.80456254
0.80066288
0.79914307
0.79991773
0.80002935
0.79876129
0.79407052
0.78391628
0.77117982
0.75938917
0.75012541
0.74390673
0.74054545
0.73780318
0.73331912
0.72929645
0.72746111
0.72759459
0.73121462
0.73812269
0.74678056
0.75756408
0.7724112
0.7912651
0.81164944000000006
0.83220427
0.84965732
0.86057946
0.86722469
0.87254358
0.87814671
0.8854067
0.89430798
0.90214837
0.90595372
0.90673023
0.90500955
0.89965812
0.8924879
0.88346041
0.87121592
0.85695519
0.84369435
0.8332604
0.82619005
0.82425545
0.82632381
0.82852616
0.83066527
0.83158183
0.8291129
0.82319886
0.81490817
0.8045795
0.79292527
0.78330534
0.7771526
0.77281085
0.7712912
0.77135828
0.77066321
0.76996093
0.77128336
0.77554331
0.78319757
0.79566532
0.81162566
0.82719416
0.84268591
0.85697628
0.86830643
0.8778185
0.88677742
0.89484925
0.90172831
0.90861512
0.91477393
0.91751305
0.91808522
0.91630151
0.91110319
0.90436647
0.89790463
0.89161753
0.88520642
0.87983264
0.87521421
0.86979818
0.86595534
0.86383592
0.86109149
0.85703886
0.85060548
0.84016134
0.82619024
0.81219666
0.8005538
0.79126291
0.7861122
0.78376508
0.78085529
0.77739662
0.77399014
0.77063014
0.76840453
0.76947596
0.77392262
0.78022014
0.78984093
0.80202443
0.81400624
0.82574751
0.83629965
0.84376126
0.84822558
0.85156593
0.854376
0.85613982
0.85876326
0.8618402
0.86321114
0.86409241
0.86494862
0.86488444
0.86409191
0.86335413
0.86168688
0.85743105
0.85238058
0.84719722
0.84111872
0.836774
0.83525325
0.83532134
0.83613161
0.83696204
0.83530672
0.82838958
0.81726647
0.80289617
0.78569789
0.76999765
0.75829061
0.75020093
0.74531755
0.74287284
0.74072075
0.7373476
0.73496878
0.73487835
0.73634575
0.74144422
0.7497269
0.758939
0.76889527
0.78027059
0.79270076
0.80572863
0.82059081
0.83635431
0.84996125
0.86200948
0.87160675
0.87698751
0.87882462
0.87819273
0.87489724
0.86895273
0.86254083
0.85640465
0.84926172
0.84353072
0.83923111
0.83453586
0.82960629
0.82484897
0.81966637
0.81401768
0.80984501
0.80717954
0.80345671
0.79911394
0.79284931
0.78269974
0.77010692
0.75741621
0.74577694
0.73598361
0.72935054
0.72482244
0.71959429
0.71488435
0.71115443
0.7083053
0.708975
0.71479546
0.72490058
0.73798991
0.7533778
0.76872204
0.78095485
0.79113679
0.79931085
0.80464462
0.80914986
0.81388754
0.81803598
0.82124635
0.82427737
0.82656358
0.82668314
0.82654744
0.82616868
0.82361214
0.81972385
0.81488547
0.80861276
0.80189305
0.79685487
0.7933637
0.78912656
0.78410071
0.77690672
0.76576248
0.75331455
0.74224476
0.7334438
0.72742053
0.72418166
0.72170622
0.71764167
0.71344887
0.71001461
0.70672987
0.70556665
0.70684543
0.70940537
0.71385627
0.7219569
0.73386487
0.74833969
0.76549056
0.78307714
0.7973426
0.80866488
0.81706442
0.82187294
0.82412503
0.82515438
0.82481377
0.8228048
0.82123935
0.82045864
0.81847977
0.81639091
0.81379721
0.80941587
0.80436203
0.80043894
0.79751951
0.79431179
0.79121889
0.78745758
0.78134026
0.77592747
0.77302841
0.77214219
0.77291267
0.77391216
0.77202507
0.76509226
0.75491789
0.74353291
0.73147402
0.72232798
0.71649898
0.71178072
0.70780154
0.70498303
0.70351524
0.70471878
0.71182339
0.72545162
0.74273117
0.76291796
0.78267321
0.79779201
0.80792983
0.81428933
0.81786247
0.82030159
0.8242104
0.82969621
0.83456417
0.83965254
0.84410764
0.84598544
0.84618859
0.84560699
0.84439454
0.84319018
0.84210371
0.8402861
0.8376991
0.83646686
0.83688546
0.83719752
0.83567436
0.83010112
0.82078921
0.81253596
0.81043293
0.81428487
0.81763113
0.81256723
0.79502427
0.77092776
0.75506961
0.75758195
0.77389637
0.78629142
0.77578824
0.73943757
0.69919335
0.6903667
0.73181553
0.80414063
