0.78121671
0.80783221
0.84717395
0.86508147
0.85491301
0.83245724
0.81709383
0.81688599
0.82486139
0.82964103
0.82855153
0.82641865
0.82798403
0.83442963
0.84043821
0.83800792
0.8257508
0.80775929
0.78925524
0.77496345
0.76623253
0.7603766
0.75484143
0.74963501
0.74583125
0.74554753
0.75197258
0.76514854
0.7820871
0.79976543
0.81363617
0.82114214
0.82641216
0.83296494
0.84061801
0.85020844
0.85820232
0.85949727
0.85487704
0.84695004
0.8375845
0.82977621
0.82438345
0.81878084
0.81167379
0.80448127
0.79817068
0.7941215
0.79511464
0.80044039
0.80704717
0.81468931
0.82157094
0.82458972
0.82557953
0.82526206
0.82313912
0.82163196
0.82155813
0.82103847
0.81978444
0.81804223
0.81540035
0.81359819
0.8154248
0.82048016
0.82658394
0.83254462
0.83563478
0.8339669
0.8312918
0.83076056
0.83290972
0.84063374
0.85229687
0.86288658
0.8706648
0.87420472
0.87192346
0.86555609
0.85705698
0.84591354
0.83222124
0.81748859
0.80238588
0.78870147
0.78044497
0.77832094
0.77973084
0.78350494
0.78652562
0.78544399
0.78342936
0.78324119
0.78587927
0.7935848
0.80540642
0.81756438
0.82860622
0.83800767
0.84441097
0.84788595
0.8491508
0.84701023
0.84100866
0.83378735
0.82695177
0.82108287
0.81904532
0.82023797
0.82050964
0.82022703
0.81853966
0.81411145
0.810392
0.80992967
0.81195986
0.8156517
0.81820295
0.81415216
0.8003688
0.77783546
0.74899371
0.71851457
0.69343516
0.67696748
0.66823725
0.66709398
0.67060076
0.67436918
0.67984807
0.68785094
0.6978381
0.71215333
0.73133569
0.75358866
0.77951492
0.81004844
0.84394715
0.87987473
0.91560575
0.94519166
0.96237435
0.96489173
0.95221697
0.92687998
0.89759322
0.87156867
0.85166876
0.84154685
0.83967478
0.84114188
0.8445734
0.84877289
0.85167083
0.85363584
0.85502487
0.85425329
0.85099191
0.84679858
0.84209037
0.8372493
0.83433317
0.83299078
0.83115481
0.82939158
0.82693321
0.82179937
0.81668254
0.81297419
0.81040398
0.8114936
0.81710458
0.82549466
0.83656164
0.84916417
0.85922453
0.86412851
0.86408469
0.85970792
0.85376326
0.85142159
0.85331767
0.85540451
0.85508883
0.8492003
0.83641771
0.8238223
0.81731833
0.81787106
0.82437157
0.83045876
0.82776797
0.81433744
0.79417481
0.77353329
0.75968525
0.75675036
0.76140466
0.7671811
0.77097626
0.77280507
0.77699191
0.79251179
0.82245554
0.86024217
0.89696393
0.92099638
0.92501383
0.91409432
0.89877251
0.88776306
0.88602291
0.89089879
0.89379432
0.88877301
0.87592071
0.85805611
0.83955017
0.82498171
0.81441061
0.80566047
0.79959571
0.7959515
0.7925946
0.79075154
0.7891624
0.78537694
0.78134587
0.77902771
0.77832265
0.7799588
0.78339801
0.78563582
0.78516021
0.78267862
0.77815978
0.77220419
0.76735851
0.76374766
0.76002601
0.75794895
0.75736586
0.75614448
0.75602265
0.75545463
0.7500985
0.73923858
0.72307923
0.70316527
0.68596853
0.67809745
0.68139331
0.6944762
0.71377518
0.73355313
0.75065215
0.76722992
0.78488669
0.80260306
0.81952675
0.83087705
0.83041049
0.8197439
0.80285832
0.78448754
0.7722042
0.76957562
0.77422464
0.7829621
0.7919491
0.79669529
0.79625154
0.79344196
0.79067477
0.79012194
0.794437
0.8020975
0.80869402
0.81262216
0.81193558
0.80501604
0.79633941
0.7894098
0.7853714
0.78690447
0.79458461
0.80635141
0.82183429
0.84052414
0.85938348
0.87572335
0.8879637
0.89361841
0.8922051
0.88758816
0.88281385
0.87938179
0.88001698
0.8833755
0.88463756
0.88312589
0.87749012
0.8663329
0.85284975
0.83998671
0.82877827
0.82156314
0.81935374
0.81981504
0.82088883
0.82205138
0.82248001
0.82307992
0.82727732
0.835283
0.84411701
0.85251728
0.85829437
0.85981178
0.86129735
0.86452316
0.86677618
0.8656289
0.85746656
0.84046367
0.82023191
0.80511937
0.7996016
0.80377092000000006
0.81326757
0.81991764
0.81863571
0.812062
0.80458616
0.79938634
0.79967167
0.80311331
0.80402586
0.80258432
0.79935088
0.79441452
0.79047
0.78761837
0.78313353
0.77659717
0.76845572
0.75815438
0.74660422
0.73576728
0.72619506
0.71916142
0.71778522
0.72217223
0.73005616
0.74164414
0.75625416
0.77302985
0.79588284
0.82456136
0.85306026
0.87545913
0.88555549
0.88029438
0.86542077
0.85066341
0.84238516
0.84213959
0.84623401
0.84643644
0.83695326
0.81928914
0.79737878
0.77501793
0.75660326
0.74175192
0.72696779
0.71368314
0.70326202
0.69633658
0.69565137
0.70110342
0.70938985
0.71887168
0.72878706
0.73790084
0.74669963
0.7566131
0.76702801
0.77701515
0.78718949
0.79647477
0.80321631
0.80899599
0.81378867
0.8155812
0.8160419
0.8141719
0.80720984
0.7961323
0.78199393
0.76536541
0.74972759
0.73820287
0.73092825
0.72763354
0.72782322
0.72881656
0.72844348
0.72737468
0.72524918
0.72089369
0.71574371
0.70930914
0.69922465
0.68768866
0.67613682
0.66509772
0.65825655
0.65773634
0.66254308
0.67225429
0.68536609
0.69805456
0.70792536
0.71470804
0.71764217
0.71720989
0.71648128
0.71641001
0.71627294
0.71771422
0.72029823
0.7218273
0.7242777
0.72763578
0.72995252
0.73206211
0.73434125
0.7364347
0.74070612
0.7493605
0.76149409
0.77524588
0.78846753
0.79761795
0.80099716
0.80113076
0.80012561
0.79871988
0.79913069
0.80053875
0.79956066
0.79715168
0.79349721
0.78768367
0.78168014
0.776366
0.77076488
0.76589784
0.76282592
0.76048112
0.75811167
0.75560255
0.75157632
0.74566315
0.7400511
0.73524442
0.73021656
0.72608665
0.72262987
0.71888667
0.71838146
0.72244002
0.72929607
0.73847697
0.74837453
0.7572612
0.76739138
0.78128224
0.79759744
0.81289933
0.82293853
0.82311409
0.81312434
0.79893887
0.78596428
0.77615378
0.7703726
0.76472711
0.75347837
0.73780138
0.71999017
0.70178614
0.68720554
0.67762473
0.67138849
0.66888065
0.67088452
0.67574348
0.68152368
0.68659392
0.68786509
0.68410193
0.67873891
0.67503829
0.67492161
0.68135274
0.69317658
0.70565717
0.71811514
0.72944871
0.73865191
0.74893625
0.76211754
0.77646733
0.79072097
0.80303935
0.81059076
0.81367915
0.81569438
0.81853781
0.82304786
0.83090785
0.84114398
0.85177798
0.8643762
0.87842922
0.8899529
0.89739516
0.89731733
0.88641634
0.86750886
0.84543265
0.82404921
0.80775996
0.79866057
0.79488852
0.79451086
0.79690542
0.80018108
0.80281577
0.80605548
0.81029829
0.81570532
0.82573036
0.84100492
0.85794232
0.8750726
0.88845533
0.89378847
0.89246864
0.88706822
0.87901658
0.87109897
0.86466942
0.85814402
0.85105223
0.84466952
0.8388308
0.83348276
0.83057916
0.82952948
0.8283295
0.82885257
0.83120479
0.83322837
0.83686662
0.8413871
0.84389785
0.84509087
0.84550216
0.84452591
0.84381833
0.84440901
0.84432411
0.84182091
0.83626093
0.82639877
0.81306412
0.8008105
0.79270856
0.78969892
0.79357967
0.80199554
0.80985224
0.81774138
0.826832
0.8388337
0.8588562
0.88792298
0.92031654
0.94856036
0.96477412
0.96318387
0.94573938
0.92105033
0.89740496
0.88012004
0.87102456
0.86539184
0.85625434
0.84197643
0.82284411
0.80013225
0.78020547
0.76624478
0.75762794
0.75520686
0.75755896
0.76082929
0.76379822
0.76653938
0.76872241
0.77216852
0.77964366
0.7902855
0.801001
0.80960459
0.81278021
0.80865924
0.80126932
0.79408679
0.78772671
0.78502083
0.78455093
0.78239179
0.77907074
0.77540769
0.77137772
0.76934899
0.7707291
0.77388176
0.77792195
0.78344073
0.79000951
0.79801582
0.80982281
0.82504751
0.84103563
0.85682838
0.86926791
0.87385887
0.87146814
0.86300412
0.84934849
0.83510556
0.82348044
0.81467564
0.80945417
0.80753258000000006
0.80669066
0.80621848
0.80674212
0.80734617
0.80727282
0.80761777
0.80793479
0.80728415
0.80764465
0.80876792
0.80764155
0.80442974
0.79754392
0.78489345
0.76924501
0.7537597
0.7399359
0.73044091
0.72660719
0.72677464
0.72992502
0.73602381
0.74290927
0.74811279
0.75103072
0.74944364
0.74133242
0.72924772
0.71506426
0.69925517
0.68602206
0.67677661
0.67038651
0.66810806
0.66969504
0.67289834
0.67769393
0.68445067
0.69225671
0.7018565
0.71524687
0.73204908
0.7508707
0.7712867
0.79013594
0.80330688
0.8111845
0.81434211
0.81303119
0.81200273
0.81281431
0.81293083
0.81079105
0.80379841
0.78963672
0.77105409
0.75314343
0.73932977
0.7319699
0.73154045
0.73470923
0.73796645
0.7412984
0.74465127
0.74778918
0.75352019
0.76242632
0.77228032
0.78442492
0.79807438
0.81017204
0.8205084
0.82847202
0.83250923
0.83404915
0.83505922
0.83504704
0.83341096
0.82982889
0.82218834
0.80956003
0.7948422
0.78005842
0.76617708
0.75666508
0.75212735
0.75035676
0.75322455
0.76061308
0.77046973
0.78350078
0.79908105
0.81449822
0.82924981
0.84355522
0.85638418
0.86796053
0.87938468
0.88909302
0.89465611
0.89567207
0.89070754
0.87891357
0.86455214
0.85123462
0.84032751000000006
0.83605188
0.83847669
0.84402186
0.85131034
0.85791305
0.86049853
0.85935011
0.85627976
0.8524058
0.85004305
0.85132355
0.85450054
0.85610127
0.85453286
0.8483352
0.83805965
0.82961239
0.82708279
0.8299031
0.8382713
0.84815755
0.85395452
0.85566316
0.85471255
0.85169575
0.84892505
0.84731336
0.84488845
0.84093437
0.836229
0.82974244
0.82029122
0.80866178
0.794292
0.77701878
0.76129274
0.75009247
0.74324638
0.74279393
0.74681019
0.75101422
0.7554033
0.7606115
0.76667089
0.77592714
0.78948575
0.80473353
0.81900822
0.83083509
0.83825894
0.84124433
0.84273702
0.84337687
0.84152114
0.83729316
0.82918358
0.81568128
0.80141865
0.79014283
0.78329901
0.7830295
0.78774064
0.79277392
0.79615979
0.79768815
0.79726
0.79679861
0.79878933
0.80258322
0.80639371
0.81028404
0.81315794
0.81375405
0.81426495
0.81466955
0.81189436
0.80616172
0.79612502
0.78014495
0.76161227
0.74395345
0.7281677
0.71564166
0.70585684
0.69561437
0.68372179
0.67186782
0.66138381
0.65411123
0.65321443
0.65857112
0.66789678
0.68142107
0.69765965
0.71353096
0.73039324
0.74792689
0.76412646
0.77982225
0.79428488
0.80446291
0.80963706
0.81024263
0.80649818
0.80119414
0.79859216
0.79990648
0.80428056
0.81107718
0.81686238
0.81778095
0.8151248
0.81038626
0.80405683
0.80022524
0.79943908
0.79864137
0.79691906
0.79324894
0.78655603
0.77926057
0.77437933
0.77203398
0.77146364
0.77211946
0.77229359
0.77186937
0.7742567
0.78115964
0.79155083
0.80472625
0.81675424
0.82247278
0.8233496
0.82196831
0.82087788
0.82487759
0.83486464
0.84673374
0.85661407
0.86107553
0.85741341
0.84725755
0.83552464
0.82593314
0.82097987
0.82233368
0.82726566
0.8310583
0.83280047
0.83222696
0.82940498
0.82867369
0.83024263
0.82927222
0.82221358
0.8061388
0.7808981
0.7534699
0.7329826
0.72407842
0.72667241
0.7364818
0.74556552
0.74849859
0.74662196
0.74255532
0.73780663
0.73456897
0.73056867
0.7210723
0.70754801
0.69233726
0.67782418
0.66909768
0.66780596
0.67126506
0.67790081
0.68686427
0.69711987
0.71009696
0.72816706
0.7500895
0.77252023
0.79314569
0.8085276
0.81661758
0.82124055
0.82555347
0.82979234
0.83633073
0.84377725
0.84864577
0.85147349
0.85305552
0.85249614
0.8498388
0.84407321
0.83251443
0.81517342
0.79552747
0.77707988
0.76339352
0.75828498
0.76132769
0.76895979
0.77953077
0.79007571
0.79678901
0.8011915
0.80433627
0.80605908
0.80893502
0.81385405
0.81878561
0.82314614
0.82675419000000006
0.82841251
0.82884042
0.83000909
0.83118425
0.83046682
0.82730104
0.81961619
0.80590444
0.7896872
0.77382178
0.75906144
0.74910274
0.74391036
0.74057502
0.7394356
0.74048697
0.74266317
0.74750425
0.75658676
0.76909652
0.7844498
0.80230526
0.81980755
0.83398369
0.84463523
0.85103636
0.85281539
0.85325986
0.85327851
0.85052123
0.84570215
0.83763183
0.82469247
0.81021852
0.79741648
0.7870777
0.78054508
0.77758732
0.77566493
0.77435479
0.7758585
0.78132762
0.79121031
0.80590473
0.82168838
0.8327489
0.83710279
0.83371617
0.82279303
0.81060393
0.80171863
0.79704577
0.79755959
0.8006595
0.80090108
0.79623659
0.78749581
0.77652614
0.7678142
0.7660787
0.77124895
0.78013122
0.7899346
0.79648306
0.79706075
0.79483859
0.79253337
0.79033473
0.79054606
0.79164452
0.78983181
0.78513116
0.77815134
0.76911126
0.76070727
0.75522545
0.75249761
0.75301062
0.75801467
0.76673357
0.77804009
0.79191128
0.80574661
0.81605242
0.82300059
0.82652238
0.82616997
0.82593293
0.82705131
0.82742343
0.82651361
0.82258748
0.81350622
0.80131596
0.78959713
0.7799002
0.77306759
0.76879775
0.76365134
0.75474302
0.74332525
0.73103392
0.7197081
0.71409066
0.71534359
0.72014718
0.72734061
0.73307308
0.73248476
0.72562131
0.71376957
0.69818004
0.68317636
0.67341334
0.67114402
0.67808551
0.69426415
0.7146335
0.73227247
0.74337763
0.74632753
0.74368676
0.74425207
0.75344689
0.76933359
0.78860868
0.80420383
0.81066322
0.81150959
0.81307556
0.81871594
0.82892042
0.8396566
0.84441498
0.84121527
0.83372833
0.82561336
0.81850196
0.81275869
0.8056042
0.79505875
0.78548787
0.78101786
0.78181293
0.78812182
0.79586287
0.80007483
0.80184836
0.80412928
0.80789195
0.81317885
0.81741262
0.8162859
0.80937956
0.80076275
0.79408504
0.79135829
0.79345698
0.79730217
0.79902609
0.79979561
0.80071554
0.80105231
0.80313685
0.80610047
0.80718605
0.80778388
0.80908778
0.81043373
0.81244434
0.81485985
0.81555514
0.81429026
0.81253
0.80968888
0.80433067
0.79648489
0.78503016
0.76973201
0.75534853
0.74537795
0.73998877
0.74095672
0.74613299
0.75226223
0.75842749
0.76360515
0.767877
0.77418521
0.78410181
0.7959519
0.80662918
0.81219814
0.81055874000000006
0.80488105
0.80050303
0.79825194
0.79369537
0.78186381
0.76228377
0.74404941
0.74232151
0.76157681
0.78845401
0.80053166
0.78277438
0.74571747
0.72475946
0.75075409
0.81768424
