0.62944734
0.69225428
0.73629529
0.75487243
0.76792113
0.79367725
0.82992007
0.85847864
0.86819715
0.86438308
0.85821532
0.85686266
0.85722016
0.85205062
0.8407751
0.82705537
0.81376231
0.80190914
0.78902584
0.77393814
0.7591865
0.74621693
0.73611558
0.72870032
0.72046075
0.71174288
0.70165575
0.68975278
0.67935595
0.6710612
0.66458978
0.66024297
0.65554969
0.65060102
0.64673227
0.6429923
0.6412541
0.64162006
0.64172058
0.64436841
0.65037075
0.6600748
0.67569747
0.69461341
0.71331708
0.72969342
0.74037507
0.74607584
0.74910562
0.74918784
0.74812184
0.74592574
0.74030962
0.73403493
0.72779891
0.72090401
0.71487495
0.70785645
0.69858823
0.68894399
0.67911654
0.67102557
0.66619684
0.66191264
0.65761935
0.65278118
0.6458756
0.64054437
0.63759467
0.63521486
0.63327103
0.62980053
0.62530679
0.62348526
0.62506439
0.6307677
0.64058496
0.65294269
0.67097017
0.696695
0.72686143
0.75845111
0.78450276
0.79990594
0.8069982
0.80862669
0.80787803
0.80704395
0.80368672
0.79704028
0.78814524
0.7761233
0.76300517
0.74971359
0.73448138
0.72041982
0.70829914
0.69697036
0.68750467
0.67818705
0.66827183
0.65992143
0.65290881
0.64782296
0.64497007
0.64186623
0.6393316
0.63823961
0.63749877
0.64001991
0.64603304
0.65497209
0.66925815
0.68847602
0.71217237
0.74002608
0.76742308
0.79105019
0.80883065
0.81855357
0.82345947
0.82640737
0.82665857
0.82570878
0.82174493
0.81310827
0.80248388
0.79024262
0.77616673
0.76101345
0.7434408
0.72548797
0.71086785
0.69942188
0.69150669
0.68521855
0.67652871
0.66765786
0.65981516
0.65268402
0.64756807
0.64268974
0.63749866
0.63433392
0.63287209
0.63325055
0.63477809
0.6345888
0.63490477
0.63860863
0.64626191
0.66103814
0.68099667
0.70221884
0.72406729
0.74445501
0.763107
0.78134832
0.79677988
0.80797736
0.81418379
0.81357934
0.80895042
0.8024036
0.79212923
0.7792291
0.76286105
0.74345691
0.72638262
0.71384935
0.70531774
0.6990948
0.69069855
0.6797575
0.66930925
0.66049338
0.6553847
0.65315457
0.65012024
0.64761684
0.64602263
0.64511983
0.64676388
0.65001562
0.65499564
0.66390536
0.67593073
0.69066459
0.7064664
0.7190943
0.72878631
0.73633181
0.74094906
0.74524927
0.74763303
0.745131
0.73870215
0.72910277
0.71961533
0.71473925
0.71322345
0.7119672
0.70725737
0.69518365
0.67917114
0.66465742
0.65341596
0.64793994
0.64526838
0.64103264
0.63597138
0.63033334
0.62500455
0.62162667
0.61818181
0.61438026
0.61145861
0.60889528
0.60882144
0.6114763
0.61405275
0.61818494
0.62425662
0.63313886
0.64843455
0.6694585
0.6937456
0.71890051
0.7404353
0.75751241
0.77141954
0.78154339
0.78939046
0.79470019
0.7949702
0.79254314
0.78806958
0.78098134
0.77285687
0.7621936
0.74809164
0.73258131
0.71577962
0.69931532
0.68490818
0.67101637
0.65887167
0.64948743
0.6414921
0.63707207
0.63503956
0.63226415
0.6287104
0.62343327
0.61770407
0.61521066
0.61598095
0.61985493
0.626178
0.63300142
0.64368681
0.6614272
0.68521276
0.7147441
0.74441907
0.76812721
0.78509419
0.79462975
0.79815981
0.79871557
0.79630566
0.79240891
0.78839607
0.78244394
0.77496418
0.7657716
0.7534479
0.74169239
0.73167897
0.72209727
0.71316975
0.70281309
0.69087902
0.68052927
0.67222772
0.66620242
0.66164001
0.65529241
0.64814648
0.64192443
0.63606671
0.63271831
0.63056843
0.62754808
0.62525081
0.62342714
0.62258234
0.62444161
0.62802243
0.6346772
0.64617955
0.66114383
0.67973404
0.6994219
0.71479612
0.72556255
0.73089902
0.73122915
0.73058921
0.7294639
0.72709298
0.72334177
0.71564901
0.70459702
0.69285607
0.68088662
0.67123233
0.66434756
0.65727124
0.65112895
0.64540252
0.63924502
0.63472909
0.63114935
0.62773976
0.62536587
0.62283482
0.62085736
0.62067345
0.6209992
0.62316124
0.62799609
0.63466175
0.64633346
0.66298553
0.68237558
0.70353904
0.72253676
0.73687645
0.74703878
0.75203652
0.75296666
0.7511127
0.74523075
0.73741177
0.72926416
0.71965905
0.71101464
0.70269355
0.69285237
0.68317713
0.67341109
0.66380167
0.6562124
0.64927438
0.64267786
0.63679188
0.62993432
0.62386836
0.61996538
0.61674451
0.6158981
0.61628326
0.61602641
0.61685052
0.61906094
0.62404061
0.63441942
0.64918795
0.6678807
0.68948017
0.71043685
0.73059619
0.74917693
0.76324943
0.77390002
0.78011008
0.78099653
0.77924691
0.77540531
0.77022416
0.76545973
0.75990576
0.753815
0.7477556
0.73930946
0.72870932
0.71597593
0.69970485
0.68379595
0.67021673
0.65903621
0.65183277
0.64664773
0.64161502
0.63722883
0.63219412
0.62713395
0.62321134
0.61907278
0.61617342
0.61499857
0.61354301
0.61387988
0.61584607
0.61931416
0.62764014
0.6414514
0.66092629
0.68580223
0.71125445
0.73355694
0.75028688
0.75902127
0.7627413
0.76432207
0.76333417
0.7615935
0.75740887
0.74876394
0.73801791
0.72596337
0.7135106
0.70251334
0.69160049
0.68106215
0.67216235
0.66354646
0.65618735
0.65006159
0.64290462
0.63688226
0.63215307
0.62763914
0.62456354
0.62181462
0.61915262
0.61834338
0.61852739
0.61992007
0.6229003
0.6262255
0.63277569
0.64470148
0.66067947
0.68131005
0.70300942
0.72151426
0.73655652
0.74672741
0.75205566
0.75425885
0.75255505
0.74799667
0.74196551
0.73313674
0.72289231
0.71215333
0.70002127
0.68988625
0.68187406
0.67355296
0.66476171
0.65397709
0.64217764
0.63350909
0.6285286
0.62658453
0.62559691
0.62148337
0.61537553
0.60988934
0.60534706
0.60412871
0.60468053
0.60467027
0.60573648
0.608077
0.61249114
0.62069128
0.63162586
0.64629674
0.66566471
0.68692455
0.70844978
0.72702043
0.73858675
0.74538499
0.74881523
0.74941658
0.74923366
0.7469992
0.74208556
0.73615461
0.72815475
0.71797963
0.70604671
0.69104155
0.6759242
0.6633857
0.65216799
0.64341114
0.6354061
0.62644869
0.61922649
0.61433389
0.61137129
0.61007122
0.60749347
0.60346555
0.59991062
0.59708935
0.59728451
0.6006599
0.60470826
0.61181715
0.62366729
0.64213596
0.67009195
0.7039156
0.73703062
0.76403495
0.78086666
0.790363
0.79769354
0.80313326
0.80531734
0.80024838
0.78468187
0.76416065
0.74367374
0.72439201
0.70642014
0.68666495
0.66569068
0.64950414
0.64052389
0.63751847
0.63555618
0.6278512
0.6156994
0.60448525
0.59678465
0.59477475
0.59447888
0.59104152
0.58586802
0.58092672
0.5784885
0.58003638
0.58273789
0.58632113
0.5930723
0.60432559
0.62389171
0.6520503
0.68414384
0.71812971
0.74911861
0.77260033
0.7886574
0.79682263
0.79864956
0.79752044
0.79348718
0.78728072
0.78007654
0.77136849
0.76375537
0.75780911
0.74927201
0.73684495
0.71898401
0.69715037
0.67856476
0.66687447
0.66131772
0.6586982
0.65291132
0.64283155
0.63217495
0.62339783
0.61933541
0.61897731
0.61773535
0.61631187
0.61528204
0.61540054
0.61951921
0.62664498
0.63601465
0.64878011
0.66372067
0.68108627
0.70026143
0.71729111
0.73137215
0.74170083
0.74662796
0.74958201
0.75145449
0.75173549
0.75212547
0.75157891
0.74971846
0.74790802
0.74396911
0.73648669
0.72512434
0.70888203
0.6920278
0.67879107
0.66879724
0.66276992
0.65756925
0.64999667
0.64205352
0.63474024
0.6288357
0.6253483
0.62206327
0.61889463
0.61721693
0.61639469
0.61819064
0.62302485
0.62943036
0.64086592
0.65855651
0.68190628
0.71073608
0.74004162
0.76482101
0.78305829
0.79278302
0.79613558
0.79620615
0.7924943
0.78618416
0.77716051
0.76355123
0.74923444
0.73599443
0.723296
0.7121528
0.70007533
0.68554458
0.6708436
0.65673177
0.64528212
0.63799336
0.63232733
0.62817515
0.62527698
0.62146244
0.61915417
0.6185674
0.61878905
0.6217043
0.62663944
0.6334982
0.64409183
0.65794468
0.67656983
0.70116062
0.72907734
0.75940771
0.78936844
0.81405059
0.83352474
0.84610064
0.85019042
0.84805165
0.84088028
0.83160532
0.82434689
0.81856034
0.81299052
0.80631725
0.7964523
0.78637021
0.7781984
0.76848478
0.75553621
0.7364003
0.71161727
0.68935157
0.67498171
0.66889916
0.66772044
0.66386992
0.65496034
0.64429781
0.63450058
0.62913936
0.62754456
0.62506502
0.62258106
0.62031042
0.61874554
0.62105586
0.62701247
0.63733817
0.65482105
0.67905083
0.70983231
0.74476606
0.77735045
0.8046694
0.82491619
0.83648881
0.8431666
0.84522671
0.84067517
0.83071406
0.81630904
0.80163422
0.7927179
0.78839985
0.7834983
0.77174434
0.74856449
0.71991789
0.69551655
0.67988084
0.67451131
0.67292737
0.66769442
0.65897905
0.64906614
0.64127737
0.63800523
0.63642095
0.63486734
0.63377387
0.63294599
0.63586674
0.64472154
0.65879935
0.68104421
0.71030898
0.74278263
0.77567929
0.80275038
0.81983765
0.82713567
0.82487439
0.81694324
0.80767774
0.79755849
0.78848698
0.77983296
0.76765744
0.75319039
0.73673251
0.71887788
0.70379948
0.69204389
0.68283151
0.67630775
0.66978317
0.66296837
0.65730845
0.65188385
0.64832558
0.6468648
0.64455361
0.64293367
0.64208346
0.64184554
0.64489028
0.65013559
0.65615203
0.66368546
0.67269244
0.68683629
0.70929979
0.73721904
0.76696754
0.79253223
0.80815696
0.81677381
0.82165475
0.82498069
0.82913589
0.8319862
0.83213837
0.83112489
0.82850711
0.82466274
0.81941215
0.81032553
0.79929415
0.78827976
0.77565633
0.76237771
0.7465376
0.72666586
0.70676549
0.68913249
0.67498011
0.66529335
0.65715563
0.64973669
0.64396284
0.63849689
0.63452761
0.63175497
0.62738066
0.62384761
0.62163397
0.62063311
0.62350988
0.62972621
0.63946247
0.65477386
0.67470086
0.69929492
0.72725865
0.75339376
0.77570958
0.79260519
0.80232022
0.80883362
0.81326071
0.81456945
0.81347057
0.80840246
0.79987342
0.7912215
0.78267745
0.77427283
0.76518112
0.75259653
0.7386283
0.72634618
0.71598363
0.70961734
0.70488429
0.69803259
0.68963657
0.67992279
0.67048763
0.66409691
0.65960009
0.65625967
0.65366884
0.64986485
0.64690848
0.64621382
0.64615453
0.64839256
0.65155044
0.65423487
0.65902486
0.66601309
0.67522448
0.68709202
0.69850201
0.70843115
0.71680522
0.7212276
0.72285145
0.72238269
0.71842439
0.71452391
0.7110975
0.70624746
0.70055868
0.69240921
0.68212485
0.67344247
0.66714493
0.66393264
0.66334667
0.66177801
0.65953958
0.65765058
0.65522665
0.65482732
0.65597212
0.65726287
0.66070828
0.66651382
0.67539813
0.68932124
0.70723882
0.72905548
0.75387935
0.77708395
0.79652586
0.81038991
0.8170342
0.82090628
0.82381776
0.82474375
0.82382143
0.81864528
0.80910436
0.79861085
0.78736394
0.77511974
0.76081355
0.74156602
0.72038134
0.70180254
0.68708006
0.67884322
0.67429388
0.66876147
0.66245568
0.65551534
0.64958542
0.64736856
0.64704334
0.64723276
0.64753772
0.64685706
0.64903497
0.65733351
0.67106191
0.69126248
0.71415819
0.73498667
0.75332145
0.7678794
0.77936436
0.79010296
0.79893939
0.80599722
0.81159936
0.81394971
0.8147233
0.8144942
0.81088222
0.80547703
0.79774758
0.7869288
0.77603681
0.76507627
0.75323213
0.74097347
0.72628047
0.71003226
0.69508233
0.68151606
0.67132285
0.66455765
0.65795491
0.65291008
0.64895816
0.64482373
0.64237434
0.64082048
0.64004502
0.6417739
0.64460651
0.64890265
0.6560427
0.66606922
0.68312113
0.7091619
0.74054835
0.77468561
0.80490618
0.82560832
0.83791441
0.84331605
0.84483037
0.84600929
0.84569957
0.84348922
0.83966296
0.83259253
0.82453058
0.8170523
0.80835544
0.80008234
0.79102269
0.77918505
0.76639812
0.752606
0.73828173
0.72570017
0.71449751
0.70561468
0.69982449
0.69449695
0.68942137
0.68449238
0.67897495
0.67719614
0.68016643
0.68612362
0.69501002
0.70512671
0.71790575
0.7370617
0.76071627
0.78453844
0.80214422
0.80699602
0.80184324
0.79307837
0.78452993
0.78047651
0.77775685
0.77078837
0.75940271
0.7438689
0.72678943
0.71230797
0.70006451
0.69013604
0.68271894
0.6752969
0.66874661
0.66351905
0.65768925
0.65381668
0.65185315
0.650447
0.65119657
0.65331687
0.65671582
0.66306857
0.67098743
0.68046716
0.69192306
0.70367759
0.7175686
0.73393373
0.74961348
0.76472825
0.77665832
0.78326725
0.78703394
0.7889993
0.79078747
0.79433112
0.79740682
0.79873019
0.7978748
0.7933853
0.78778239
0.78261786
0.77580624
0.76843846
0.75950736
0.74822505
0.73783983
0.72829325
0.71804857
0.70675984
0.69261573
0.67799128
0.66733771
0.66087916
0.6585988
0.65735534
0.65192295
0.64442591
0.63699623
0.63107883
0.62924444
0.62921547
0.62895887
0.62952368
0.63089394
0.63586976
0.64744085
0.66520176
0.6905366
0.72168185
0.75233359
0.7797303
0.80011254
0.81225896
0.82044305
0.82609701
0.82894028
0.82866621
0.82267866
0.81257153
0.80236509
0.79227673
0.78315208
0.77351574
0.75962092
0.74476782
0.73130785
0.71946955
0.71072697
0.70248096
0.69285731
0.68389053
0.67596459
0.67045908
0.66798444
0.66537078
0.6628343
0.66145395
0.66099269
0.66566841
0.67596785
0.69019093
0.70951893
0.73323409
0.76212476
0.79773729
0.83572164
0.87070757
0.89745138
0.91160136
0.91699809
0.91887191
0.91811179
0.91615299
0.909722
0.89639704
0.88064665
0.86602112
0.85462078
0.84683189
0.83782243
0.82532813
0.81070778
0.79456692
0.78050729
0.76971779
0.75886298
0.74858931
0.73787128
0.72570895
0.71476951
0.70526527
0.69762727
0.69358481
0.69153454
0.69140262
0.69363727
0.69682856
0.70371508
0.71542688
0.7293206
0.74642709
0.76491704
0.78340569
0.80394154
0.82426637
0.84115606
0.85298216
0.8579749
0.85951221
0.86121195
0.86035383
0.8532687
0.83551862
0.8062314
0.77547085
0.75242118
0.74050001
0.73530366
0.72765284
0.71491996
0.70176468
0.69260146
0.68800405
0.68343156
0.6763444
0.67219576
0.67454397
0.67744483
0.67048727
0.64878531
0.62524972
0.6207925
0.63823557
0.6560036
0.64747169
0.61287102
0.59018629
0.61599921
