-9.275000e-05
-8.350000e-05
-5.775000e-05
-4.475000e-05
-6.700000e-05
-1.042500e-04
-8.800000e-05
-5.775000e-05
-5.900000e-05
-8.275000e-05
-9.775000e-05
-7.725000e-05
-4.775000e-05
-3.475000e-05
-6.675000e-05
-9.350000e-05
-7.225000e-05
-4.625000e-05
-4.100000e-05
-6.475000e-05
-9.550000e-05
-7.625000e-05
-4.475000e-05
-4.150000e-05
-6.825000e-05
-8.900000e-05
-8.225000e-05
-4.300000e-05
-4.575000e-05
-6.750000e-05
-8.550000e-05
-7.025000e-05
-1.900000e-05
-4.900000e-05
-5.325000e-05
-1.005000e-04
-7.175000e-05
-4.775000e-05
-3.600000e-05
-6.375000e-05
-8.775000e-05
-6.425000e-05
-4.325000e-05
-2.925000e-05
-6.700000e-05
-8.250000e-05
-7.525000e-05
-4.750000e-05
-2.400000e-05
-6.275000e-05
-8.500000e-05
-7.975000e-05
-4.825000e-05
-3.775000e-05
-6.925000e-05
-9.675000e-05
-9.200000e-05
-6.050000e-05
-4.275000e-05
-7.900000e-05
-9.950000e-05
-7.875000e-05
-5.825000e-05
-5.200000e-05
-7.050000e-05
-1.002500e-04
-8.025000e-05
-4.475000e-05
-4.500000e-05
-6.025000e-05
-8.425000e-05
-7.550000e-05
-4.100000e-05
-3.450000e-05
-5.975000e-05
-8.950000e-05
-7.250000e-05
-4.575000e-05
-4.550000e-05
-5.650000e-05
-1.060000e-04
-8.950000e-05
-5.450000e-05
-4.125000e-05
-7.600000e-05
-9.000000e-05
-1.075000e-04
-5.200000e-05
-3.775000e-05
-6.125000e-05
-8.150000e-05
-7.575000e-05
-4.300000e-05
-2.675000e-05
-4.475000e-05
-7.100000e-05
-7.175000e-05
-4.050000e-05
-2.100000e-05
-4.075000e-05
-7.975000e-05
-7.200000e-05
-2.825000e-05
-3.075000e-05
-5.125000e-05
-6.700000e-05
-6.975000e-05
-2.850000e-05
-3.125000e-05
-5.425000e-05
-8.225000e-05
-7.125000e-05
-4.450000e-05
-2.800000e-05
-7.100000e-05
-9.075000e-05
-7.550000e-05
-5.125000e-05
-3.325000e-05
-5.775000e-05
-9.125000e-05
-8.725000e-05
-5.250000e-05
-4.425000e-05
-5.700000e-05
-9.375000e-05
-8.675000e-05
-4.125000e-05
-3.925000e-05
-5.850000e-05
-8.450000e-05
-8.375000e-05
-5.275000e-05
-4.225000e-05
-5.825000e-05
-1.017500e-04
-8.325000e-05
-4.775000e-05
-2.525000e-05
-4.850000e-05
-6.750000e-05
-6.000000e-05
-2.600000e-05
-2.000000e-05
-2.850000e-05
-6.300000e-05
-4.200000e-05
-2.275000e-05
-1.175000e-05
-3.600000e-05
-6.075000e-05
-5.575000e-05
-2.250000e-05
-1.075000e-05
-3.850000e-05
-6.025000e-05
-6.825000e-05
-4.025000e-05
-1.800000e-05
-5.000000e-05
-7.275000e-05
-6.900000e-05
-3.550000e-05
-1.875000e-05
-4.075000e-05
-6.675000e-05
-7.750000e-05
-4.000000e-05
-1.125000e-05
-4.425000e-05
-7.975000e-05
-6.900000e-05
-3.175000e-05
-1.450000e-05
-5.825000e-05
-7.900000e-05
-7.100000e-05
-5.625000e-05
-3.625000e-05
-4.650000e-05
-8.050000e-05
-7.400000e-05
-4.825000e-05
-3.000000e-05
-4.725000e-05
-7.975000e-05
-6.875000e-05
-3.825000e-05
-2.600000e-05
-5.400000e-05
-9.525000e-05
-8.825000e-05
-5.400000e-05
-3.925000e-05
-6.425000e-05
-1.015000e-04
-7.700000e-05
-5.800000e-05
-3.675000e-05
-6.125000e-05
-8.150000e-05
-8.575000e-05
-5.425000e-05
-4.250000e-05
-6.975000e-05
-9.550000e-05
-8.750000e-05
-4.750000e-05
-4.725000e-05
-5.600000e-05
-8.500000e-05
-9.750000e-05
-5.050000e-05
-3.425000e-05
-4.450000e-05
-9.175000e-05
-7.425000e-05
-4.800000e-05
-2.500000e-05
-6.575000e-05
-9.700000e-05
-9.050000e-05
-5.200000e-05
-4.425000e-05
-7.175000e-05
-8.375000e-05
-9.675000e-05
-5.000000e-05
-4.725000e-05
-6.575000e-05
-9.400000e-05
-9.200000e-05
-5.050000e-05
-3.900000e-05
-5.950000e-05
-1.085000e-04
-9.775000e-05
-5.650000e-05
-4.150000e-05
-6.050000e-05
-8.675000e-05
-7.650000e-05
-5.475000e-05
-3.100000e-05
-5.375000e-05
-9.425000e-05
-9.375000e-05
-6.400000e-05
-4.050000e-05
-4.800000e-05
-9.525000e-05
-8.300000e-05
-5.250000e-05
-4.400000e-05
-8.100000e-05
-8.950000e-05
-8.425000e-05
-4.450000e-05
-3.050000e-05
-6.150000e-05
-8.600000e-05
-9.250000e-05
-5.850000e-05
-4.650000e-05
-6.975000e-05
-1.030000e-04
-8.850000e-05
-5.575000e-05
-4.250000e-05
-5.825000e-05
-9.275000e-05
-8.425000e-05
-7.725000e-05
-4.100000e-05
-7.175000e-05
-9.350000e-05
-9.100000e-05
-6.625000e-05
-4.825000e-05
-6.300000e-05
-8.900000e-05
-8.475000e-05
-6.000000e-05
-3.100000e-05
-6.550000e-05
-8.875000e-05
-1.017500e-04
-5.300000e-05
-4.750000e-05
-5.175000e-05
-9.600000e-05
-1.015000e-04
-5.725000e-05
-3.400000e-05
-6.325000e-05
-9.725000e-05
-9.450000e-05
-7.475000e-05
-4.300000e-05
-6.850000e-05
-9.825000e-05
-1.022500e-04
-6.125000e-05
-4.025000e-05
-5.325000e-05
-8.950000e-05
-7.825000e-05
-6.100000e-05
-3.600000e-05
-6.775000e-05
-1.035000e-04
-1.027500e-04
-7.050000e-05
-4.700000e-05
-6.075000e-05
-7.725000e-05
-7.350000e-05
-4.300000e-05
-3.300000e-05
-4.775000e-05
-8.625000e-05
-8.775000e-05
-5.825000e-05
-2.725000e-05
-5.725000e-05
-8.625000e-05
-8.825000e-05
-7.050000e-05
-2.775000e-05
-5.175000e-05
-1.005000e-04
-7.200000e-05
-4.925000e-05
-3.325000e-05
-3.650000e-05
-7.075000e-05
-7.450000e-05
-3.950000e-05
-2.750000e-06
-2.775000e-05
-5.050000e-05
-6.750000e-05
-2.750000e-05
-1.450000e-05
-3.325000e-05
-7.025000e-05
-6.850000e-05
-3.675000e-05
-1.000000e-05
-2.800000e-05
-5.525000e-05
-6.275000e-05
-3.025000e-05
-1.750000e-06
-2.175000e-05
-6.825000e-05
-6.525000e-05
-2.375000e-05
-3.750000e-06
-1.925000e-05
-4.075000e-05
-5.600000e-05
-2.225000e-05
-1.000000e-06
-2.300000e-05
-4.725000e-05
-6.100000e-05
-1.775000e-05
-2.150000e-05
-3.100000e-05
-6.200000e-05
-7.225000e-05
-5.625000e-05
-2.000000e-05
-3.250000e-05
-6.325000e-05
-7.500000e-05
-5.000000e-05
-1.925000e-05
-3.225000e-05
-7.725000e-05
-7.350000e-05
-3.575000e-05
-1.850000e-05
-3.300000e-05
-5.175000e-05
-6.400000e-05
-3.925000e-05
-2.225000e-05
-3.750000e-05
-6.875000e-05
-8.275000e-05
-6.000000e-05
-3.575000e-05
-5.000000e-05
-7.050000e-05
-6.900000e-05
-5.375000e-05
-3.300000e-05
-4.475000e-05
-8.050000e-05
-8.000000e-05
-6.700000e-05
-3.900000e-05
-5.250000e-05
-8.100000e-05
-8.525000e-05
-4.825000e-05
-2.325000e-05
-3.075000e-05
-7.325000e-05
-6.950000e-05
-6.125000e-05
-3.250000e-05
-3.900000e-05
-8.625000e-05
-7.775000e-05
-5.650000e-05
-2.700000e-05
-4.050000e-05
-7.275000e-05
-8.400000e-05
-4.425000e-05
-3.600000e-05
-6.125000e-05
-1.030000e-04
-1.282500e-04
-9.225000e-05
-7.650000e-05
-7.650000e-05
-9.850000e-05
-1.082500e-04
-6.600000e-05
-3.275000e-05
-4.450000e-05
-8.375000e-05
-8.800000e-05
-5.475000e-05
-4.750000e-05
-4.725000e-05
-1.005000e-04
-1.190000e-04
-9.325000e-05
-6.700000e-05
-7.750000e-05
-1.037500e-04
-1.265000e-04
-1.100000e-04
-7.200000e-05
-6.250000e-05
-8.800000e-05
-9.275000e-05
-6.000000e-05
-3.550000e-05
-4.875000e-05
-7.425000e-05
-8.750000e-05
-5.150000e-05
-2.050000e-05
-3.350000e-05
-7.100000e-05
-7.750000e-05
-6.225000e-05
-4.700000e-05
-7.225000e-05
-9.700000e-05
-1.195000e-04
-8.350000e-05
-6.200000e-05
-6.975000e-05
-9.600000e-05
-9.375000e-05
-7.375000e-05
-3.225000e-05
-5.275000e-05
-7.600000e-05
-7.875000e-05
-5.750000e-05
-1.450000e-05
-4.625000e-05
-7.475000e-05
-8.950000e-05
-6.850000e-05
-4.325000e-05
-6.225000e-05
-9.725000e-05
-1.050000e-04
-6.850000e-05
-3.275000e-05
-3.475000e-05
-5.850000e-05
-5.450000e-05
-3.150000e-05
1.225000e-05
-6.750000e-06
-4.175000e-05
-6.150000e-05
-4.175000e-05
-2.475000e-05
-4.350000e-05
-8.175000e-05
-9.625000e-05
-6.400000e-05
-5.200000e-05
-6.100000e-05
-9.525000e-05
-1.037500e-04
-6.350000e-05
-3.025000e-05
-3.475000e-05
-5.350000e-05
-6.900000e-05
-2.300000e-05
-4.000000e-06
-1.800000e-05
-5.800000e-05
-6.700000e-05
-4.475000e-05
-2.825000e-05
-3.350000e-05
-7.475000e-05
-8.175000e-05
-5.725000e-05
-5.375000e-05
-5.775000e-05
-9.150000e-05
-9.875000e-05
-8.300000e-05
-4.325000e-05
-3.925000e-05
-5.375000e-05
-6.900000e-05
-4.875000e-05
-1.550000e-05
-3.850000e-05
-6.750000e-05
-7.250000e-05
-6.050000e-05
-2.225000e-05
-2.700000e-05
-4.700000e-05
-6.575000e-05
-4.425000e-05
-2.250000e-05
-4.475000e-05
-7.100000e-05
-8.550000e-05
-4.375000e-05
-1.050000e-05
-2.075000e-05
-5.325000e-05
-6.475000e-05
-3.725000e-05
-1.425000e-05
-2.875000e-05
-6.225000e-05
-9.450000e-05
-8.225000e-05
-6.225000e-05
-6.900000e-05
-9.600000e-05
-1.087500e-04
-6.950000e-05
-4.425000e-05
-2.575000e-05
-6.075000e-05
-5.725000e-05
-2.675000e-05
1.500000e-06
7.500000e-06
-4.700000e-05
-7.175000e-05
-5.625000e-05
-2.800000e-05
-4.625000e-05
-6.725000e-05
-9.425000e-05
-5.950000e-05
-3.875000e-05
-3.450000e-05
-6.575000e-05
-8.125000e-05
-5.500000e-05
-3.200000e-05
-3.475000e-05
-6.500000e-05
-8.025000e-05
-5.525000e-05
-2.625000e-05
-4.200000e-05
-6.600000e-05
-8.125000e-05
-4.475000e-05
-1.400000e-05
-2.200000e-05
-4.725000e-05
-8.575000e-05
-4.425000e-05
-1.875000e-05
-7.500000e-07
-5.300000e-05
-5.550000e-05
-4.400000e-05
-1.600000e-05
-5.250000e-06
-6.000000e-05
-8.950000e-05
-7.100000e-05
-4.400000e-05
-5.475000e-05
-7.275000e-05
-9.725000e-05
-7.375000e-05
-3.600000e-05
-3.350000e-05
-4.525000e-05
-6.350000e-05
-5.500000e-05
-5.000000e-06
-1.425000e-05
-3.075000e-05
-5.850000e-05
-3.175000e-05
-1.350000e-05
-4.225000e-05
-6.750000e-05
-9.975000e-05
-6.825000e-05
-4.250000e-05
-3.700000e-05
-5.975000e-05
-7.175000e-05
-5.000000e-05
-9.250000e-06
-1.125000e-05
-3.975000e-05
-5.275000e-05
-3.550000e-05
-1.425000e-05
-3.150000e-05
-6.500000e-05
-8.825000e-05
-7.025000e-05
-5.125000e-05
-5.400000e-05
-7.850000e-05
-9.900000e-05
-6.700000e-05
-4.150000e-05
-2.150000e-05
-6.075000e-05
-6.325000e-05
-5.325000e-05
-1.650000e-05
-1.050000e-05
-7.625000e-05
-8.825000e-05
-7.775000e-05
-5.325000e-05
-5.300000e-05
-8.250000e-05
-1.025000e-04
-5.900000e-05
-3.150000e-05
-3.275000e-05
-5.700000e-05
-7.600000e-05
-4.025000e-05
-4.500000e-06
-8.250000e-06
-4.275000e-05
-6.600000e-05
-4.650000e-05
-2.925000e-05
-1.800000e-05
-6.150000e-05
-8.000000e-05
-7.675000e-05
-3.725000e-05
-3.625000e-05
-5.450000e-05
-7.100000e-05
-4.550000e-05
-9.750000e-06
-1.075000e-05
-4.125000e-05
-5.900000e-05
-4.725000e-05
-2.575000e-05
-4.800000e-05
-8.275000e-05
-1.182500e-04
-7.925000e-05
-5.175000e-05
-5.350000e-05
-7.200000e-05
-8.025000e-05
-4.925000e-05
-1.850000e-05
-1.325000e-05
-3.975000e-05
-6.025000e-05
-4.125000e-05
-2.300000e-05
-1.350000e-05
-5.675000e-05
-8.100000e-05
-4.625000e-05
-1.675000e-05
-3.350000e-05
-6.675000e-05
-9.175000e-05
-6.650000e-05
-5.500000e-05
-4.400000e-05
-7.775000e-05
-1.067500e-04
-9.300000e-05
-6.400000e-05
-5.675000e-05
-7.700000e-05
-8.525000e-05
-7.125000e-05
-2.550000e-05
-1.850000e-05
-5.825000e-05
-7.200000e-05
-5.600000e-05
-2.600000e-05
-3.000000e-05
-4.925000e-05
-8.300000e-05
-5.775000e-05
-3.900000e-05
-2.875000e-05
-6.350000e-05
-8.025000e-05
-5.225000e-05
-3.825000e-05
-3.625000e-05
-6.650000e-05
-7.425000e-05
-6.350000e-05
-4.100000e-05
-3.625000e-05
-7.400000e-05
-9.050000e-05
-6.275000e-05
-4.600000e-05
-4.950000e-05
-7.075000e-05
-8.575000e-05
-7.825000e-05
-4.025000e-05
-4.675000e-05
-6.900000e-05
-1.000000e-04
-7.675000e-05
-4.500000e-05
-4.000000e-05
-7.725000e-05
-9.925000e-05
-7.225000e-05
-3.250000e-05
-2.600000e-05
-4.450000e-05
-6.850000e-05
-6.600000e-05
-2.975000e-05
-3.300000e-05
-6.450000e-05
-8.750000e-05
-6.350000e-05
-3.600000e-05
-2.775000e-05
-6.125000e-05
-7.550000e-05
-5.925000e-05
-3.775000e-05
-3.025000e-05
-5.475000e-05
-7.125000e-05
-7.550000e-05
-4.075000e-05
-3.675000e-05
-6.100000e-05
-9.625000e-05
-7.125000e-05
-4.625000e-05
-3.925000e-05
-7.475000e-05
-8.900000e-05
-8.500000e-05
-4.625000e-05
-4.750000e-05
-6.300000e-05
-8.025000e-05
-7.225000e-05
-3.150000e-05
-2.500000e-05
-4.625000e-05
-7.775000e-05
-5.200000e-05
-2.500000e-05
-1.475000e-05
-4.350000e-05
-7.325000e-05
-6.375000e-05
-3.525000e-05
-2.375000e-05
-5.700000e-05
-9.075000e-05
-6.450000e-05
-2.925000e-05
-2.400000e-05
-5.225000e-05
-7.550000e-05
-6.475000e-05
-2.575000e-05
-2.525000e-05
-5.150000e-05
-9.375000e-05
-6.925000e-05
-4.175000e-05
-1.950000e-05
-7.300000e-05
-7.800000e-05
-7.875000e-05
-3.950000e-05
-2.675000e-05
-6.725000e-05
-7.750000e-05
-6.375000e-05
-3.125000e-05
-3.300000e-05
-5.600000e-05
-8.200000e-05
-7.075000e-05
-3.825000e-05
-3.650000e-05
-5.925000e-05
-8.450000e-05
-7.200000e-05
-2.225000e-05
-2.350000e-05
-4.900000e-05
-7.475000e-05
-6.775000e-05
-3.975000e-05
-5.300000e-05
-7.675000e-05
-1.112500e-04
-8.925000e-05
-5.025000e-05
-4.025000e-05
-7.050000e-05
-9.550000e-05
-8.375000e-05
-4.625000e-05
-3.650000e-05
-6.750000e-05
-1.017500e-04
-1.032500e-04
-6.850000e-05
-6.775000e-05
-8.275000e-05
-1.122500e-04
-8.650000e-05
-5.300000e-05
-2.900000e-05
-6.200000e-05
-7.850000e-05
-6.950000e-05
-4.075000e-05
-5.900000e-05
-8.900000e-05
-1.230000e-04
-1.112500e-04
-6.675000e-05
-4.375000e-05
-5.950000e-05
-7.925000e-05
-6.525000e-05
-3.475000e-05
-2.025000e-05
-6.200000e-05
-8.500000e-05
-8.000000e-05
-4.100000e-05
-3.925000e-05
-8.625000e-05
-1.062500e-04
-8.225000e-05
-4.425000e-05
-3.625000e-05
-5.200000e-05
-8.650000e-05
-6.850000e-05
-2.600000e-05
-2.050000e-05
-5.000000e-05
-7.450000e-05
-6.350000e-05
-2.200000e-05
-1.325000e-05
-5.625000e-05
-8.375000e-05
-7.325000e-05
-3.800000e-05
-2.325000e-05
-5.500000e-05
-8.750000e-05
-6.650000e-05
-4.350000e-05
-2.550000e-05
-7.525000e-05
-9.075000e-05
-9.750000e-05
-4.850000e-05
-3.125000e-05
-5.575000e-05
-8.350000e-05
-6.850000e-05
-3.075000e-05
-2.125000e-05
-4.225000e-05
-6.550000e-05
-6.250000e-05
-2.225000e-05
-1.525000e-05
-4.200000e-05
-7.050000e-05
-5.750000e-05
-2.925000e-05
-1.775000e-05
-5.150000e-05
-7.875000e-05
-6.225000e-05
-3.500000e-05
-2.800000e-05
-5.700000e-05
-6.750000e-05
-6.850000e-05
-2.175000e-05
-3.000000e-05
-6.600000e-05
-9.875000e-05
-8.750000e-05
-3.900000e-05
-3.975000e-05
-4.750000e-05
-7.850000e-05
-6.450000e-05
-1.775000e-05
-7.750000e-06
-3.125000e-05
-7.325000e-05
-5.900000e-05
-4.175000e-05
-3.150000e-05
-5.500000e-05
-8.925000e-05
-8.825000e-05
-4.525000e-05
-4.200000e-05
-7.150000e-05
-8.325000e-05
-5.600000e-05
-3.625000e-05
-1.400000e-05
-3.600000e-05
-6.600000e-05
-6.050000e-05
-3.575000e-05
-4.300000e-05
-7.850000e-05
-1.045000e-04
-1.010000e-04
-6.325000e-05
-3.675000e-05
-7.025000e-05
-9.575000e-05
-6.925000e-05
-3.600000e-05
-1.250000e-05
-4.150000e-05
-8.200000e-05
-8.825000e-05
-4.250000e-05
-3.575000e-05
-7.375000e-05
-1.120000e-04
-9.475000e-05
-6.950000e-05
-4.925000e-05
-6.200000e-05
-8.425000e-05
-6.075000e-05
-1.750000e-05
1.750000e-06
-3.550000e-05
-5.750000e-05
-6.050000e-05
-2.325000e-05
-3.825000e-05
-4.200000e-05
-7.825000e-05
-6.475000e-05
-3.750000e-05
-1.000000e-05
-5.875000e-05
-8.125000e-05
-7.700000e-05
-4.650000e-05
-3.400000e-05
-4.900000e-05
-6.575000e-05
-5.475000e-05
-1.850000e-05
4.500000e-06
-2.750000e-05
-5.000000e-05
-3.900000e-05
-5.750000e-06
1.375000e-05
-2.225000e-05
-5.175000e-05
-4.175000e-05
-1.375000e-05
1.050000e-05
-1.675000e-05
-5.550000e-05
-4.725000e-05
-1.300000e-05
-7.250000e-06
-4.750000e-05
-7.950000e-05
-8.325000e-05
-4.375000e-05
-2.500000e-05
-4.450000e-05
-5.350000e-05
-4.025000e-05
-1.000000e-06
2.450000e-05
-2.750000e-06
-3.950000e-05
-3.700000e-05
-2.450000e-05
-1.025000e-05
-4.450000e-05
-9.650000e-05
-7.500000e-05
-4.525000e-05
-2.200000e-05
-4.500000e-05
-6.450000e-05
-4.975000e-05
-1.000000e-05
3.250000e-06
-1.525000e-05
-4.975000e-05
-5.800000e-05
-4.225000e-05
-2.475000e-05
-4.825000e-05
-7.550000e-05
-5.850000e-05
-1.400000e-05
-1.025000e-05
-2.550000e-05
-4.300000e-05
-3.725000e-05
-8.500000e-06
9.500000e-06
-7.250000e-06
-3.600000e-05
-5.500000e-05
-2.400000e-05
-3.100000e-05
-7.425000e-05
-1.075000e-04
-1.077500e-04
-5.650000e-05
-4.950000e-05
-5.850000e-05
-8.075000e-05
-7.075000e-05
-4.000000e-05
-1.825000e-05
-4.150000e-05
-6.350000e-05
-6.225000e-05
-3.625000e-05
-1.500000e-05
-2.750000e-05
-6.450000e-05
-7.475000e-05
-4.500000e-05
-3.125000e-05
-5.350000e-05
-9.400000e-05
-9.350000e-05
-6.050000e-05
-3.625000e-05
-5.075000e-05
-7.325000e-05
-6.850000e-05
-1.825000e-05
-6.250000e-06
-2.175000e-05
-5.700000e-05
-4.825000e-05
-3.350000e-05
-1.300000e-05
-3.750000e-05
-6.050000e-05
-7.050000e-05
-4.750000e-05
-2.650000e-05
-6.125000e-05
-8.600000e-05
-9.375000e-05
-5.300000e-05
-3.625000e-05
-4.550000e-05
-6.850000e-05
-6.675000e-05
-3.200000e-05
-1.100000e-05
-2.925000e-05
-6.175000e-05
-5.325000e-05
-2.900000e-05
-2.050000e-05
-3.225000e-05
-7.150000e-05
-5.900000e-05
-5.350000e-05
-3.150000e-05
-4.725000e-05
-9.625000e-05
-7.825000e-05
-4.725000e-05
-2.475000e-05
-3.450000e-05
-6.725000e-05
-5.875000e-05
-3.850000e-05
-1.325000e-05
-4.850000e-05
-8.175000e-05
-7.225000e-05
-4.800000e-05
-2.375000e-05
-6.175000e-05
-7.800000e-05
-8.425000e-05
-4.000000e-05
-2.400000e-05
-4.950000e-05
-7.025000e-05
-6.875000e-05
-3.800000e-05
-2.800000e-05
-4.450000e-05
-8.025000e-05
-7.100000e-05
-4.575000e-05
-3.325000e-05
-4.750000e-05
-8.400000e-05
-6.625000e-05
-5.575000e-05
-2.425000e-05
-4.250000e-05
-7.375000e-05
-7.800000e-05
-4.050000e-05
-2.125000e-05
-3.850000e-05
-7.975000e-05
-7.325000e-05
-4.775000e-05
-3.000000e-05
-4.800000e-05
-7.325000e-05
-6.600000e-05
-2.775000e-05
-1.225000e-05
-3.300000e-05
-6.775000e-05
-6.700000e-05
-2.900000e-05
-3.025000e-05
-3.950000e-05
-6.925000e-05
-7.825000e-05
-4.375000e-05
-2.550000e-05
-3.775000e-05
-7.850000e-05
-6.400000e-05
-3.400000e-05
-2.200000e-05
-3.350000e-05
-6.100000e-05
-6.375000e-05
-3.450000e-05
-1.525000e-05
-2.875000e-05
-7.600000e-05
-8.125000e-05
-5.025000e-05
-2.200000e-05
-3.675000e-05
-7.725000e-05
-7.175000e-05
-4.175000e-05
-1.950000e-05
-3.825000e-05
-6.425000e-05
-6.475000e-05
-3.525000e-05
-5.750000e-06
-2.050000e-05
-4.650000e-05
-5.400000e-05
-1.025000e-05
2.225000e-05
6.750000e-06
-2.625000e-05
-2.175000e-05
2.000000e-06
3.075000e-05
-1.500000e-05
-3.475000e-05
-5.475000e-05
-3.025000e-05
-1.825000e-05
-3.225000e-05
-5.750000e-05
-4.600000e-05
-3.725000e-05
-7.250000e-06
-2.025000e-05
-4.625000e-05
-5.850000e-05
-1.550000e-05
-2.500000e-06
-2.250000e-05
-5.950000e-05
-6.900000e-05
-3.525000e-05
-1.950000e-05
-3.225000e-05
-6.375000e-05
-6.700000e-05
-4.000000e-05
-1.350000e-05
-2.525000e-05
-6.800000e-05
-6.725000e-05
-5.050000e-05
-3.400000e-05
-5.175000e-05
-7.375000e-05
-8.175000e-05
-3.375000e-05
-2.600000e-05
-3.500000e-05
-7.025000e-05
-7.975000e-05
-5.000000e-05
-2.150000e-05
-4.425000e-05
-6.825000e-05
-7.950000e-05
-4.050000e-05
-1.275000e-05
-2.525000e-05
-6.625000e-05
-6.750000e-05
-3.475000e-05
-2.075000e-05
-3.275000e-05
-6.475000e-05
-6.850000e-05
-3.875000e-05
1.250000e-06
-2.675000e-05
-4.900000e-05
-6.375000e-05
-3.975000e-05
-1.875000e-05
-2.425000e-05
-5.725000e-05
-7.325000e-05
-5.200000e-05
-2.675000e-05
-3.775000e-05
-6.650000e-05
-6.850000e-05
-4.725000e-05
-6.000000e-06
-3.025000e-05
-5.450000e-05
-7.450000e-05
-5.150000e-05
-2.550000e-05
-5.375000e-05
-7.800000e-05
-8.100000e-05
-4.150000e-05
-1.350000e-05
-2.175000e-05
-5.325000e-05
-5.425000e-05
-2.150000e-05
-6.750000e-06
-2.425000e-05
-7.200000e-05
-7.925000e-05
-5.850000e-05
-2.800000e-05
-5.000000e-05
-7.750000e-05
-8.275000e-05
-4.600000e-05
-1.150000e-05
-2.700000e-05
-5.975000e-05
-7.150000e-05
-4.025000e-05
-2.000000e-05
-3.775000e-05
-5.750000e-05
-7.825000e-05
-3.850000e-05
-2.125000e-05
-3.500000e-05
-7.625000e-05
-7.825000e-05
-5.700000e-05
-2.175000e-05
-4.775000e-05
-8.450000e-05
-6.300000e-05
-5.125000e-05
-9.750000e-06
-2.700000e-05
-5.975000e-05
-6.100000e-05
-4.025000e-05
-7.000000e-06
-3.300000e-05
-6.700000e-05
-6.775000e-05
-5.900000e-05
-3.300000e-05
-3.200000e-05
-7.150000e-05
-6.850000e-05
-3.925000e-05
-2.750000e-06
-1.025000e-05
-5.425000e-05
-7.550000e-05
-5.025000e-05
-3.025000e-05
-3.850000e-05
-7.975000e-05
-7.200000e-05
-4.975000e-05
-2.850000e-05
-3.750000e-05
-6.875000e-05
-7.225000e-05
-6.150000e-05
-2.650000e-05
-4.100000e-05
-7.650000e-05
-8.975000e-05
-7.025000e-05
-4.350000e-05
-5.500000e-05
-7.375000e-05
-7.225000e-05
-4.850000e-05
-1.700000e-05
-2.375000e-05
-5.600000e-05
-8.075000e-05
-5.500000e-05
-2.225000e-05
-4.900000e-05
-7.025000e-05
-8.950000e-05
-4.700000e-05
-1.750000e-05
-1.650000e-05
-4.775000e-05
-5.575000e-05
-3.625000e-05
-7.250000e-06
-2.075000e-05
-6.375000e-05
-8.350000e-05
-4.725000e-05
-1.700000e-05
-2.875000e-05
-5.375000e-05
-5.525000e-05
-2.825000e-05
-3.250000e-06
-7.250000e-06
-4.750000e-05
-4.900000e-05
-4.350000e-05
-2.200000e-05
-2.075000e-05
-5.975000e-05
-6.350000e-05
-4.400000e-05
-1.475000e-05
-2.825000e-05
-6.600000e-05
-7.975000e-05
-4.450000e-05
-2.675000e-05
-4.125000e-05
-6.925000e-05
-7.850000e-05
-4.775000e-05
-6.250000e-06
-3.175000e-05
-6.325000e-05
-7.400000e-05
-3.975000e-05
-2.075000e-05
-3.825000e-05
-7.475000e-05
-7.775000e-05
-4.675000e-05
-9.750000e-06
-2.800000e-05
-4.975000e-05
-9.425000e-05
-6.725000e-05
-3.225000e-05
-3.725000e-05
-6.725000e-05
-8.950000e-05
-4.800000e-05
-2.975000e-05
-2.825000e-05
-6.175000e-05
-7.025000e-05
-5.500000e-05
-1.225000e-05
-3.450000e-05
-5.775000e-05
-7.775000e-05
-4.800000e-05
-2.575000e-05
-3.525000e-05
-7.000000e-05
-7.600000e-05
-4.300000e-05
-1.175000e-05
-2.600000e-05
-6.775000e-05
-7.600000e-05
-5.650000e-05
-2.700000e-05
-2.775000e-05
-7.800000e-05
-6.800000e-05
-5.000000e-05
-1.550000e-05
-3.425000e-05
-5.500000e-05
-7.650000e-05
-5.425000e-05
-2.375000e-05
-2.675000e-05
-5.950000e-05
-6.400000e-05
-4.300000e-05
-2.550000e-05
-2.600000e-05
-5.325000e-05
-6.750000e-05
-4.050000e-05
-9.750000e-06
-3.000000e-05
-5.825000e-05
-6.650000e-05
-5.275000e-05
-1.475000e-05
-1.550000e-05
-4.950000e-05
-5.875000e-05
-3.725000e-05
-1.075000e-05
-1.925000e-05
-5.800000e-05
-7.175000e-05
-5.350000e-05
-2.675000e-05
-2.950000e-05
-6.975000e-05
-6.850000e-05
-4.375000e-05
-5.250000e-06
-2.475000e-05
-4.925000e-05
-6.925000e-05
-4.625000e-05
-2.025000e-05
-3.500000e-05
-7.775000e-05
-9.050000e-05
-5.625000e-05
-2.025000e-05
-1.275000e-05
-3.200000e-05
-5.275000e-05
-2.550000e-05
-3.750000e-06
-2.350000e-05
-4.975000e-05
-7.550000e-05
-5.875000e-05
-2.475000e-05
-3.450000e-05
-6.625000e-05
-7.175000e-05
-3.825000e-05
-8.750000e-06
-1.825000e-05
-5.175000e-05
-5.825000e-05
-4.375000e-05
-4.250000e-06
-8.000000e-06
-5.100000e-05
-6.425000e-05
-4.675000e-05
-1.000000e-05
-1.100000e-05
-5.175000e-05
-6.225000e-05
-2.450000e-05
1.000000e-05
9.000000e-06
-1.675000e-05
-3.200000e-05
-2.000000e-06
2.750000e-05
2.500000e-05
-2.750000e-06
-2.775000e-05
3.500000e-06
2.850000e-05
-1.500000e-05
-6.550000e-05
-8.925000e-05
-6.275000e-05
-2.200000e-05
-2.425000e-05
-5.725000e-05
-6.750000e-05
-2.625000e-05
6.500000e-06
4.750000e-06
-1.825000e-05
-3.975000e-05
-1.225000e-05
1.775000e-05
1.025000e-05
-1.400000e-05
-3.025000e-05
-2.300000e-05
2.200000e-05
1.500000e-06
-3.725000e-05
-4.925000e-05
-2.950000e-05
-2.075000e-05
-1.675000e-05
-6.150000e-05
-7.625000e-05
-5.425000e-05
-2.200000e-05
-2.475000e-05
-4.275000e-05
-5.700000e-05
-2.425000e-05
1.500000e-05
4.250000e-06
-4.375000e-05
-4.600000e-05
-3.175000e-05
-9.250000e-06
-2.150000e-05
-4.925000e-05
-6.075000e-05
-5.725000e-05
-1.850000e-05
-2.250000e-05
-5.250000e-05
-7.550000e-05
-2.250000e-05
-6.500000e-06
1.250000e-05
-3.225000e-05
-4.925000e-05
-1.450000e-05
-2.000000e-05
-2.025000e-05
-6.575000e-05
-6.525000e-05
-4.625000e-05
-9.250000e-06
-1.500000e-05
-4.100000e-05
-6.125000e-05
-2.725000e-05
-1.500000e-06
1.275000e-05
-3.125000e-05
-4.150000e-05
-3.800000e-05
-1.325000e-05
-2.400000e-05
-4.750000e-05
-8.200000e-05
-5.200000e-05
-1.975000e-05
-8.000000e-06
-4.600000e-05
-6.075000e-05
-3.025000e-05
8.250000e-06
-3.000000e-06
-3.600000e-05
-6.725000e-05
-3.850000e-05
-2.300000e-05
-2.825000e-05
-6.300000e-05
-8.050000e-05
-5.150000e-05
-1.325000e-05
-1.500000e-05
-4.250000e-05
-6.575000e-05
-4.650000e-05
-2.050000e-05
-2.375000e-05
-5.450000e-05
-6.975000e-05
-5.725000e-05
-1.325000e-05
-1.275000e-05
-4.225000e-05
-5.800000e-05
-5.025000e-05
-1.975000e-05
-1.925000e-05
-5.350000e-05
-7.525000e-05
-6.800000e-05
-2.400000e-05
-3.300000e-05
-5.975000e-05
-7.700000e-05
-4.150000e-05
-1.325000e-05
-7.000000e-06
-4.675000e-05
-6.400000e-05
-4.275000e-05
-1.125000e-05
-2.825000e-05
-5.850000e-05
-7.875000e-05
-6.850000e-05
-2.525000e-05
-2.200000e-05
-4.000000e-05
-7.025000e-05
-4.275000e-05
-1.000000e-05
-6.000000e-06
-3.950000e-05
-7.125000e-05
-3.900000e-05
-2.300000e-05
-1.400000e-05
-5.950000e-05
-6.950000e-05
-6.750000e-05
-2.175000e-05
-1.825000e-05
-4.125000e-05
-5.400000e-05
-3.850000e-05
3.750000e-06
-6.000000e-06
-3.500000e-05
-5.250000e-05
-4.650000e-05
-1.500000e-06
-1.300000e-05
-5.775000e-05
-6.625000e-05
-6.300000e-05
-3.725000e-05
-2.850000e-05
-5.250000e-05
-8.275000e-05
-4.550000e-05
-1.350000e-05
2.500000e-06
-2.625000e-05
-5.450000e-05
-3.625000e-05
1.450000e-05
-2.500000e-06
-2.850000e-05
-4.850000e-05
-3.200000e-05
-9.500000e-06
-1.425000e-05
-4.900000e-05
-6.725000e-05
-4.800000e-05
-9.750000e-06
-2.500000e-06
-2.825000e-05
-5.275000e-05
-3.325000e-05
-5.000000e-06
-6.750000e-06
-4.100000e-05
-6.400000e-05
-5.925000e-05
-3.250000e-05
-3.775000e-05
-5.900000e-05
-7.000000e-05
-4.400000e-05
-2.475000e-05
-2.500000e-07
-4.550000e-05
-6.375000e-05
-3.925000e-05
 
-1.500000e-05
-3.925000e-05
-6.675000e-05
-4.550000e-05
-2.125000e-05
-1.450000e-05
-4.600000e-05
-6.050000e-05
-4.475000e-05
-7.250000e-06
-1.200000e-05
-4.375000e-05
-6.700000e-05
-4.650000e-05
-1.850000e-05
-1.150000e-05
-4.725000e-05
-6.450000e-05
-3.800000e-05
4.500000e-06
-4.250000e-06
-2.125000e-05
-4.450000e-05
-1.150000e-05
-3.250000e-06
1.300000e-05
-1.875000e-05
-4.750000e-05
-2.875000e-05
-1.200000e-05
-2.250000e-06
-4.225000e-05
-7.100000e-05
-3.750000e-05
-6.500000e-06
7.250000e-06
-3.625000e-05
-6.750000e-05
-4.450000e-05
-2.300000e-05
-1.875000e-05
-5.175000e-05
-6.875000e-05
-5.050000e-05
-1.675000e-05
-5.750000e-06
-3.900000e-05
-5.775000e-05
-4.875000e-05
-1.175000e-05
-9.000000e-06
-4.125000e-05
-6.700000e-05
-5.050000e-05
-1.550000e-05
-9.500000e-06
-3.650000e-05
-5.650000e-05
-4.025000e-05
4.000000e-06
-4.750000e-06
-4.375000e-05
-5.875000e-05
-4.875000e-05
-6.750000e-06
-1.050000e-05
-3.875000e-05
-7.075000e-05
-5.825000e-05
-2.025000e-05
-1.900000e-05
-5.925000e-05
-7.875000e-05
-4.975000e-05
-3.050000e-05
-1.425000e-05
-4.500000e-05
-6.575000e-05
-4.700000e-05
-1.650000e-05
-1.950000e-05
-4.525000e-05
-6.925000e-05
-5.650000e-05
-1.375000e-05
-1.775000e-05
-3.050000e-05
-5.825000e-05
-3.575000e-05
-1.500000e-05
-1.275000e-05
-3.725000e-05
-6.100000e-05
-4.575000e-05
-1.900000e-05
-1.100000e-05
-4.750000e-05
-6.575000e-05
-4.875000e-05
-2.650000e-05
-1.475000e-05
-4.875000e-05
-6.500000e-05
-5.225000e-05
-1.925000e-05
-2.375000e-05
-4.925000e-05
-7.625000e-05
-6.325000e-05
-2.250000e-05
-1.550000e-05
-4.200000e-05
-6.700000e-05
-4.400000e-05
-1.975000e-05
-5.250000e-06
-2.975000e-05
-5.300000e-05
-4.475000e-05
-1.525000e-05
-5.500000e-06
-3.125000e-05
-5.450000e-05
-4.025000e-05
-8.750000e-06
-6.000000e-06
-5.200000e-05
-7.075000e-05
-5.775000e-05
-2.100000e-05
-1.600000e-05
-2.475000e-05
-6.950000e-05
-4.125000e-05
-5.750000e-06
2.500000e-07
-2.800000e-05
-5.025000e-05
-3.725000e-05
5.000000e-07
-5.500000e-06
-4.200000e-05
-7.150000e-05
-6.650000e-05
-1.825000e-05
-2.425000e-05
-3.975000e-05
-5.750000e-05
-5.400000e-05
-2.275000e-05
-7.250000e-06
-4.350000e-05
-6.900000e-05
-5.175000e-05
-2.325000e-05
-2.250000e-06
-4.275000e-05
-6.000000e-05
-5.575000e-05
-3.000000e-05
-2.200000e-05
-4.175000e-05
-6.575000e-05
-4.950000e-05
-1.725000e-05
-2.300000e-05
-3.900000e-05
-7.475000e-05
-5.625000e-05
-2.950000e-05
-2.000000e-05
-4.475000e-05
-6.525000e-05
-4.925000e-05
-4.750000e-06
-1.075000e-05
-4.050000e-05
-5.900000e-05
-5.100000e-05
2.250000e-06
-1.800000e-05
-4.125000e-05
-6.575000e-05
-7.100000e-05
-3.775000e-05
-3.550000e-05
-6.975000e-05
-9.250000e-05
-7.025000e-05
-2.775000e-05
3.500000e-06
-2.525000e-05
-4.400000e-05
-2.850000e-05
1.575000e-05
9.250000e-06
-3.425000e-05
-6.050000e-05
-5.175000e-05
-2.275000e-05
-1.900000e-05
-4.700000e-05
-6.800000e-05
-4.900000e-05
 
1.375000e-05
-1.025000e-05
-3.650000e-05
-3.300000e-05
-1.525000e-05
9.000000e-06
-2.875000e-05
-4.825000e-05
-4.775000e-05
-1.850000e-05
-2.075000e-05
-3.650000e-05
-6.625000e-05
-5.175000e-05
-1.250000e-06
2.425000e-05
-2.675000e-05
-5.250000e-05
-4.975000e-05
-1.700000e-05
-1.250000e-06
-3.325000e-05
-5.525000e-05
-4.325000e-05
-1.375000e-05
-2.750000e-06
-2.075000e-05
-3.475000e-05
-1.750000e-05
2.225000e-05
1.750000e-05
8.250000e-06
-3.050000e-05
-1.550000e-05
1.675000e-05
