3.407500e-04
3.585000e-04
3.890000e-04
4.000000e-04
3.675000e-04
3.425000e-04
3.495000e-04
3.910000e-04
3.932500e-04
3.637500e-04
3.442500e-04
3.645000e-04
3.880000e-04
4.012500e-04
3.625000e-04
3.372500e-04
3.522500e-04
3.770000e-04
3.787500e-04
3.562500e-04
3.297500e-04
3.510000e-04
3.775000e-04
3.807500e-04
3.610000e-04
3.287500e-04
3.385000e-04
3.767500e-04
3.885000e-04
3.482500e-04
3.425000e-04
3.542500e-04
3.915000e-04
3.917500e-04
3.760000e-04
3.412500e-04
3.590000e-04
3.865000e-04
3.972500e-04
3.662500e-04
3.420000e-04
3.505000e-04
3.807500e-04
3.985000e-04
3.705000e-04
3.512500e-04
3.752500e-04
3.987500e-04
4.255000e-04
3.865000e-04
3.612500e-04
3.650000e-04
3.957500e-04
3.975000e-04
3.697500e-04
3.362500e-04
3.537500e-04
3.772500e-04
3.945000e-04
3.590000e-04
3.472500e-04
3.530000e-04
3.820000e-04
3.932500e-04
3.677500e-04
3.380000e-04
3.500000e-04
3.822500e-04
3.915000e-04
3.697500e-04
3.455000e-04
3.572500e-04
3.862500e-04
3.980000e-04
3.687500e-04
3.380000e-04
3.520000e-04
3.880000e-04
3.877500e-04
3.800000e-04
3.287500e-04
3.537500e-04
3.792500e-04
3.952500e-04
3.587500e-04
3.382500e-04
3.327500e-04
3.745000e-04
3.835000e-04
3.670000e-04
3.385000e-04
3.510000e-04
3.840000e-04
3.912500e-04
3.745000e-04
3.437500e-04
3.452500e-04
3.870000e-04
4.030000e-04
3.780000e-04
3.357500e-04
3.465000e-04
3.767500e-04
3.875000e-04
3.657500e-04
3.445000e-04
3.535000e-04
3.955000e-04
3.922500e-04
3.680000e-04
3.407500e-04
3.482500e-04
3.845000e-04
3.887500e-04
3.622500e-04
3.305000e-04
3.490000e-04
3.760000e-04
3.877500e-04
3.682500e-04
3.367500e-04
3.347500e-04
3.745000e-04
3.772500e-04
3.597500e-04
3.195000e-04
3.287500e-04
3.745000e-04
3.862500e-04
3.567500e-04
3.335000e-04
3.340000e-04
3.725000e-04
3.802500e-04
3.672500e-04
3.195000e-04
3.435000e-04
3.710000e-04
3.985000e-04
3.707500e-04
3.427500e-04
3.505000e-04
3.865000e-04
3.990000e-04
3.875000e-04
3.547500e-04
3.712500e-04
3.940000e-04
4.082500e-04
3.855000e-04
3.540000e-04
3.552500e-04
3.900000e-04
4.090000e-04
3.837500e-04
3.607500e-04
3.590000e-04
3.870000e-04
4.007500e-04
3.675000e-04
3.420000e-04
3.432500e-04
3.855000e-04
4.017500e-04
3.772500e-04
3.440000e-04
3.515000e-04
3.797500e-04
3.910000e-04
3.662500e-04
3.345000e-04
3.427500e-04
3.817500e-04
3.955000e-04
3.560000e-04
3.385000e-04
3.445000e-04
3.645000e-04
3.907500e-04
3.675000e-04
3.435000e-04
3.467500e-04
3.735000e-04
3.937500e-04
3.637500e-04
3.407500e-04
3.377500e-04
3.705000e-04
3.837500e-04
3.610000e-04
3.185000e-04
3.242500e-04
3.470000e-04
3.720000e-04
3.487500e-04
3.215000e-04
3.250000e-04
3.607500e-04
3.742500e-04
3.480000e-04
3.200000e-04
3.262500e-04
3.615000e-04
3.727500e-04
3.495000e-04
3.162500e-04
3.282500e-04
3.597500e-04
3.690000e-04
3.557500e-04
3.225000e-04
3.162500e-04
3.510000e-04
3.687500e-04
3.560000e-04
3.087500e-04
3.275000e-04
3.527500e-04
3.850000e-04
3.542500e-04
3.130000e-04
3.267500e-04
3.455000e-04
3.555000e-04
3.365000e-04
3.100000e-04
3.115000e-04
3.525000e-04
3.727500e-04
3.532500e-04
3.200000e-04
3.220000e-04
3.587500e-04
3.627500e-04
3.440000e-04
3.030000e-04
3.100000e-04
3.455000e-04
3.642500e-04
3.447500e-04
3.140000e-04
3.282500e-04
3.512500e-04
3.587500e-04
3.457500e-04
3.072500e-04
3.162500e-04
3.327500e-04
3.617500e-04
3.400000e-04
3.092500e-04
3.130000e-04
3.425000e-04
3.607500e-04
3.387500e-04
3.152500e-04
3.210000e-04
3.530000e-04
3.645000e-04
3.407500e-04
3.120000e-04
3.137500e-04
3.450000e-04
3.702500e-04
3.405000e-04
3.117500e-04
3.192500e-04
3.467500e-04
3.730000e-04
3.560000e-04
3.150000e-04
3.225000e-04
3.437500e-04
3.697500e-04
3.435000e-04
3.152500e-04
3.127500e-04
3.412500e-04
3.607500e-04
3.465000e-04
3.182500e-04
3.080000e-04
3.380000e-04
3.712500e-04
3.325000e-04
3.042500e-04
3.052500e-04
3.405000e-04
3.595000e-04
3.400000e-04
3.045000e-04
3.032500e-04
3.430000e-04
3.757500e-04
3.455000e-04
3.160000e-04
3.190000e-04
3.452500e-04
3.580000e-04
3.332500e-04
3.107500e-04
3.012500e-04
3.330000e-04
3.562500e-04
3.405000e-04
2.985000e-04
3.062500e-04
3.332500e-04
3.590000e-04
3.365000e-04
3.085000e-04
3.085000e-04
3.435000e-04
3.695000e-04
3.475000e-04
3.255000e-04
3.245000e-04
3.545000e-04
3.647500e-04
3.465000e-04
3.165000e-04
3.110000e-04
3.452500e-04
3.645000e-04
3.537500e-04
3.145000e-04
3.127500e-04
3.385000e-04
3.672500e-04
3.555000e-04
3.202500e-04
3.397500e-04
3.540000e-04
3.772500e-04
3.590000e-04
3.325000e-04
3.245000e-04
3.587500e-04
3.890000e-04
3.707500e-04
3.380000e-04
3.300000e-04
3.642500e-04
3.905000e-04
3.645000e-04
3.295000e-04
3.292500e-04
3.595000e-04
3.897500e-04
3.672500e-04
3.370000e-04
3.367500e-04
3.652500e-04
3.892500e-04
3.737500e-04
3.340000e-04
3.325000e-04
3.692500e-04
3.960000e-04
3.777500e-04
3.452500e-04
3.375000e-04
3.660000e-04
3.905000e-04
3.715000e-04
3.487500e-04
3.257500e-04
3.632500e-04
3.825000e-04
3.737500e-04
3.352500e-04
3.322500e-04
3.457500e-04
3.800000e-04
3.530000e-04
3.220000e-04
3.135000e-04
3.370000e-04
3.765000e-04
3.547500e-04
3.242500e-04
3.347500e-04
3.560000e-04
3.655000e-04
3.492500e-04
3.202500e-04
3.185000e-04
3.462500e-04
3.745000e-04
3.562500e-04
3.282500e-04
3.187500e-04
3.475000e-04
3.732500e-04
3.512500e-04
3.235000e-04
3.207500e-04
3.395000e-04
3.590000e-04
3.530000e-04
3.152500e-04
3.132500e-04
3.365000e-04
3.537500e-04
3.402500e-04
3.097500e-04
3.020000e-04
3.340000e-04
3.590000e-04
3.510000e-04
3.137500e-04
3.105000e-04
3.345000e-04
3.652500e-04
3.545000e-04
3.152500e-04
3.110000e-04
3.350000e-04
3.485000e-04
3.342500e-04
3.037500e-04
2.920000e-04
3.207500e-04
3.340000e-04
3.167500e-04
2.850000e-04
2.795000e-04
3.170000e-04
3.415000e-04
3.362500e-04
3.060000e-04
2.942500e-04
3.262500e-04
3.555000e-04
3.425000e-04
3.025000e-04
2.865000e-04
3.082500e-04
3.207500e-04
2.957500e-04
2.475000e-04
2.187500e-04
2.442500e-04
2.807500e-04
2.877500e-04
2.722500e-04
2.795000e-04
3.087500e-04
3.350000e-04
3.422500e-04
3.167500e-04
3.027500e-04
3.320000e-04
3.570000e-04
3.487500e-04
3.120000e-04
2.987500e-04
3.307500e-04
3.470000e-04
3.362500e-04
2.985000e-04
2.845000e-04
3.052500e-04
3.227500e-04
3.065000e-04
2.770000e-04
2.635000e-04
2.867500e-04
3.192500e-04
2.977500e-04
2.692500e-04
2.595000e-04
3.002500e-04
3.395000e-04
3.255000e-04
3.005000e-04
2.952500e-04
3.237500e-04
3.615000e-04
3.535000e-04
3.140000e-04
3.045000e-04
3.312500e-04
3.630000e-04
3.430000e-04
3.067500e-04
2.825000e-04
2.960000e-04
3.152500e-04
3.082500e-04
2.850000e-04
2.820000e-04
3.097500e-04
3.520000e-04
3.435000e-04
3.185000e-04
3.175000e-04
3.367500e-04
3.610000e-04
3.570000e-04
3.250000e-04
3.140000e-04
3.370000e-04
3.640000e-04
3.497500e-04
3.132500e-04
2.847500e-04
3.082500e-04
3.320000e-04
3.237500e-04
3.072500e-04
2.977500e-04
3.442500e-04
3.547500e-04
3.422500e-04
3.000000e-04
2.910000e-04
3.237500e-04
3.515000e-04
3.532500e-04
3.167500e-04
3.130000e-04
3.262500e-04
3.457500e-04
3.407500e-04
3.102500e-04
2.965000e-04
3.007500e-04
3.262500e-04
3.227500e-04
2.877500e-04
2.870000e-04
3.130000e-04
3.540000e-04
3.502500e-04
3.300000e-04
3.292500e-04
3.530000e-04
3.750000e-04
3.672500e-04
3.372500e-04
3.087500e-04
3.362500e-04
3.587500e-04
3.515000e-04
3.255000e-04
2.990000e-04
3.347500e-04
3.437500e-04
3.362500e-04
2.937500e-04
2.832500e-04
3.025000e-04
3.325000e-04
3.212500e-04
2.832500e-04
2.692500e-04
2.920000e-04
3.300000e-04
3.325000e-04
3.130000e-04
2.967500e-04
3.230000e-04
3.480000e-04
3.537500e-04
3.082500e-04
2.935000e-04
3.062500e-04
3.295000e-04
3.215000e-04
2.837500e-04
2.752500e-04
3.000000e-04
3.315000e-04
3.337500e-04
2.937500e-04
2.917500e-04
3.160000e-04
3.475000e-04
3.425000e-04
3.162500e-04
2.965000e-04
3.175000e-04
3.427500e-04
3.320000e-04
3.065000e-04
2.922500e-04
3.187500e-04
3.430000e-04
3.385000e-04
3.085000e-04
3.020000e-04
3.350000e-04
3.710000e-04
3.575000e-04
3.252500e-04
2.895000e-04
3.217500e-04
3.420000e-04
3.462500e-04
3.067500e-04
2.845000e-04
2.987500e-04
3.350000e-04
3.350000e-04
3.037500e-04
2.850000e-04
3.045000e-04
3.375000e-04
3.327500e-04
3.065000e-04
2.885000e-04
3.182500e-04
3.367500e-04
3.362500e-04
3.167500e-04
2.977500e-04
3.102500e-04
3.415000e-04
3.282500e-04
2.980000e-04
2.685000e-04
3.002500e-04
3.240000e-04
3.267500e-04
2.987500e-04
2.935000e-04
3.335000e-04
3.615000e-04
3.527500e-04
3.240000e-04
2.950000e-04
3.090000e-04
3.382500e-04
3.305000e-04
2.925000e-04
2.755000e-04
2.890000e-04
3.090000e-04
3.022500e-04
2.640000e-04
2.490000e-04
2.715000e-04
3.167500e-04
3.042500e-04
2.895000e-04
2.797500e-04
3.130000e-04
3.315000e-04
3.405000e-04
3.060000e-04
2.980000e-04
3.097500e-04
3.382500e-04
3.405000e-04
2.950000e-04
2.860000e-04
2.972500e-04
3.242500e-04
3.197500e-04
2.737500e-04
2.537500e-04
2.710000e-04
3.122500e-04
3.070000e-04
2.752500e-04
2.617500e-04
2.975000e-04
3.287500e-04
3.227500e-04
2.942500e-04
2.677500e-04
2.952500e-04
3.260000e-04
3.280000e-04
3.025000e-04
2.830000e-04
3.002500e-04
3.240000e-04
3.280000e-04
3.017500e-04
2.812500e-04
3.107500e-04
3.477500e-04
3.385000e-04
3.052500e-04
2.860000e-04
3.025000e-04
3.232500e-04
3.197500e-04
2.860000e-04
2.567500e-04
2.880000e-04
3.100000e-04
3.085000e-04
2.775000e-04
2.572500e-04
2.777500e-04
3.040000e-04
3.060000e-04
2.845000e-04
2.620000e-04
2.880000e-04
3.187500e-04
3.260000e-04
2.902500e-04
2.757500e-04
2.942500e-04
3.247500e-04
3.150000e-04
2.865000e-04
2.615000e-04
2.925000e-04
3.112500e-04
3.195000e-04
2.802500e-04
2.592500e-04
2.727500e-04
2.990000e-04
3.050000e-04
2.690000e-04
2.612500e-04
2.685000e-04
3.077500e-04
3.202500e-04
2.777500e-04
2.735000e-04
2.837500e-04
3.160000e-04
3.217500e-04
2.917500e-04
2.650000e-04
2.810000e-04
3.075000e-04
3.157500e-04
2.842500e-04
2.647500e-04
2.875000e-04
3.127500e-04
3.105000e-04
2.862500e-04
2.490000e-04
2.755000e-04
3.017500e-04
3.122500e-04
2.785000e-04
2.725000e-04
2.890000e-04
3.110000e-04
3.187500e-04
2.862500e-04
2.535000e-04
2.705000e-04
2.910000e-04
2.945000e-04
2.752500e-04
2.537500e-04
2.760000e-04
3.102500e-04
3.257500e-04
2.905000e-04
2.697500e-04
2.877500e-04
3.137500e-04
3.127500e-04
2.812500e-04
2.555000e-04
2.640000e-04
3.117500e-04
3.062500e-04
2.820000e-04
2.607500e-04
2.820000e-04
3.120000e-04
3.092500e-04
2.762500e-04
2.572500e-04
2.712500e-04
3.062500e-04
2.890000e-04
2.820000e-04
2.505000e-04
2.702500e-04
2.982500e-04
3.065000e-04
2.775000e-04
2.527500e-04
2.692500e-04
3.035000e-04
3.110000e-04
2.790000e-04
2.627500e-04
2.717500e-04
3.135000e-04
3.105000e-04
2.852500e-04
2.707500e-04
2.702500e-04
3.150000e-04
3.175000e-04
2.907500e-04
2.715000e-04
2.905000e-04
3.235000e-04
3.225000e-04
2.867500e-04
2.582500e-04
2.665000e-04
2.920000e-04
3.075000e-04
2.742500e-04
2.592500e-04
2.795000e-04
3.230000e-04
3.255000e-04
2.985000e-04
2.690000e-04
2.790000e-04
3.095000e-04
3.002500e-04
2.755000e-04
2.382500e-04
2.597500e-04
3.010000e-04
3.160000e-04
2.807500e-04
2.725000e-04
2.780000e-04
3.197500e-04
3.212500e-04
2.902500e-04
2.627500e-04
2.787500e-04
2.860000e-04
2.950000e-04
2.685000e-04
2.367500e-04
2.595000e-04
3.002500e-04
3.112500e-04
2.962500e-04
2.742500e-04
2.757500e-04
3.092500e-04
3.107500e-04
2.882500e-04
2.590000e-04
2.695000e-04
2.952500e-04
2.862500e-04
2.632500e-04
2.290000e-04
2.555000e-04
2.982500e-04
3.025000e-04
2.782500e-04
2.517500e-04
2.572500e-04
2.847500e-04
2.965000e-04
2.662500e-04
2.375000e-04
2.442500e-04
2.835000e-04
2.810000e-04
2.695000e-04
2.345000e-04
2.597500e-04
2.837500e-04
3.030000e-04
2.687500e-04
2.445000e-04
2.662500e-04
2.875000e-04
2.850000e-04
2.497500e-04
2.197500e-04
2.390000e-04
2.775000e-04
2.922500e-04
2.672500e-04
2.550000e-04
2.562500e-04
2.885000e-04
2.962500e-04
2.637500e-04
2.410000e-04
2.632500e-04
3.057500e-04
3.132500e-04
2.775000e-04
2.517500e-04
2.682500e-04
2.965000e-04
3.072500e-04
2.765000e-04
2.482500e-04
2.407500e-04
2.782500e-04
2.915000e-04
2.602500e-04
2.427500e-04
2.590000e-04
3.077500e-04
3.232500e-04
2.950000e-04
2.667500e-04
2.727500e-04
3.005000e-04
2.955000e-04
2.632500e-04
2.270000e-04
2.365000e-04
2.692500e-04
2.842500e-04
2.480000e-04
2.320000e-04
2.387500e-04
2.850000e-04
2.952500e-04
2.762500e-04
2.450000e-04
2.512500e-04
2.777500e-04
2.907500e-04
2.627500e-04
2.442500e-04
2.602500e-04
2.980000e-04
3.177500e-04
2.997500e-04
2.825000e-04
2.747500e-04
3.122500e-04
3.175000e-04
2.792500e-04
2.465000e-04
2.465000e-04
2.680000e-04
2.745000e-04
2.405000e-04
2.247500e-04
2.407500e-04
2.842500e-04
3.000000e-04
2.740000e-04
2.557500e-04
2.672500e-04
3.177500e-04
3.145000e-04
3.057500e-04
2.722500e-04
2.812500e-04
3.060000e-04
3.115000e-04
2.797500e-04
2.407500e-04
2.505000e-04
2.800000e-04
2.845000e-04
2.727500e-04
2.342500e-04
2.517500e-04
2.907500e-04
2.950000e-04
2.662500e-04
2.365000e-04
2.545000e-04
2.682500e-04
3.027500e-04
2.710000e-04
2.562500e-04
2.722500e-04
3.027500e-04
3.082500e-04
2.787500e-04
2.470000e-04
2.592500e-04
2.930000e-04
2.997500e-04
2.705000e-04
2.442500e-04
2.515000e-04
2.800000e-04
2.930000e-04
2.632500e-04
2.307500e-04
2.345000e-04
2.755000e-04
2.817500e-04
2.500000e-04
2.190000e-04
2.272500e-04
2.765000e-04
2.857500e-04
2.765000e-04
2.462500e-04
2.662500e-04
3.072500e-04
3.210000e-04
2.890000e-04
2.747500e-04
2.775000e-04
3.052500e-04
3.050000e-04
2.845000e-04
2.490000e-04
2.500000e-04
2.765000e-04
2.957500e-04
2.637500e-04
2.292500e-04
2.365000e-04
2.827500e-04
3.027500e-04
2.922500e-04
2.722500e-04
2.875000e-04
3.147500e-04
3.327500e-04
3.150000e-04
2.750000e-04
2.767500e-04
3.002500e-04
3.062500e-04
2.660000e-04
2.375000e-04
2.365000e-04
2.825000e-04
3.072500e-04
2.872500e-04
2.705000e-04
2.715000e-04
3.097500e-04
3.212500e-04
2.890000e-04
2.472500e-04
2.495000e-04
2.840000e-04
2.837500e-04
2.542500e-04
2.335000e-04
2.525000e-04
2.880000e-04
3.167500e-04
2.992500e-04
2.660000e-04
2.780000e-04
3.030000e-04
3.290000e-04
2.937500e-04
2.630000e-04
2.692500e-04
2.945000e-04
3.045000e-04
2.687500e-04
2.387500e-04
2.505000e-04
2.797500e-04
2.910000e-04
2.740000e-04
2.445000e-04
2.545000e-04
2.930000e-04
3.090000e-04
2.932500e-04
2.525000e-04
2.680000e-04
2.980000e-04
3.137500e-04
2.970000e-04
2.707500e-04
2.865000e-04
3.050000e-04
3.262500e-04
2.920000e-04
2.570000e-04
2.420000e-04
2.745000e-04
2.787500e-04
2.520000e-04
2.112500e-04
2.230000e-04
2.592500e-04
2.847500e-04
2.640000e-04
2.455000e-04
2.525000e-04
2.932500e-04
2.965000e-04
2.835000e-04
2.590000e-04
2.642500e-04
2.845000e-04
3.082500e-04
2.827500e-04
2.477500e-04
2.405000e-04
2.590000e-04
2.792500e-04
2.445000e-04
2.257500e-04
2.232500e-04
2.772500e-04
2.910000e-04
2.762500e-04
2.472500e-04
2.495000e-04
2.862500e-04
2.935000e-04
2.805000e-04
2.382500e-04
2.537500e-04
2.685000e-04
2.850000e-04
2.635000e-04
2.415000e-04
2.362500e-04
2.657500e-04
2.817500e-04
2.630000e-04
2.345000e-04
2.335000e-04
2.702500e-04
2.792500e-04
2.585000e-04
2.322500e-04
2.345000e-04
2.665000e-04
2.865000e-04
2.727500e-04
2.447500e-04
2.455000e-04
2.810000e-04
2.922500e-04
2.675000e-04
2.327500e-04
2.470000e-04
2.622500e-04
2.735000e-04
2.582500e-04
2.142500e-04
2.267500e-04
2.522500e-04
2.757500e-04
2.670000e-04
2.412500e-04
2.457500e-04
2.792500e-04
2.952500e-04
2.722500e-04
2.372500e-04
2.387500e-04
2.672500e-04
2.855000e-04
2.617500e-04
2.335000e-04
2.262500e-04
2.645000e-04
2.770000e-04
2.515000e-04
2.252500e-04
2.210000e-04
2.500000e-04
2.767500e-04
2.550000e-04
2.267500e-04
2.457500e-04
2.637500e-04
2.797500e-04
2.592500e-04
2.275000e-04
2.400000e-04
2.527500e-04
2.785000e-04
2.625000e-04
2.352500e-04
2.352500e-04
2.610000e-04
2.820000e-04
2.642500e-04
2.240000e-04
2.277500e-04
2.505000e-04
2.830000e-04
2.605000e-04
2.442500e-04
2.447500e-04
2.782500e-04
2.922500e-04
2.730000e-04
2.360000e-04
2.340000e-04
2.612500e-04
2.725000e-04
2.595000e-04
2.412500e-04
2.325000e-04
2.632500e-04
2.935000e-04
2.822500e-04
2.347500e-04
2.442500e-04
2.630000e-04
2.875000e-04
2.620000e-04
2.237500e-04
2.197500e-04
2.497500e-04
2.742500e-04
2.660000e-04
2.385000e-04
2.400000e-04
2.747500e-04
2.892500e-04
2.720000e-04
2.282500e-04
2.275000e-04
2.505000e-04
2.782500e-04
2.492500e-04
2.237500e-04
2.265000e-04
2.652500e-04
2.935000e-04
2.857500e-04
2.575000e-04
2.617500e-04
2.955000e-04
3.165000e-04
3.030000e-04
2.717500e-04
2.555000e-04
2.817500e-04
3.075000e-04
2.787500e-04
2.585000e-04
2.402500e-04
2.815000e-04
2.927500e-04
2.850000e-04
2.495000e-04
2.582500e-04
2.680000e-04
2.900000e-04
2.620000e-04
2.282500e-04
2.137500e-04
2.482500e-04
2.777500e-04
2.650000e-04
2.352500e-04
2.355000e-04
2.667500e-04
2.977500e-04
2.900000e-04
2.500000e-04
2.422500e-04
2.602500e-04
2.787500e-04
2.615000e-04
2.222500e-04
2.285000e-04
2.472500e-04
2.697500e-04
2.555000e-04
2.345000e-04
2.267500e-04
2.697500e-04
2.937500e-04
2.785000e-04
2.515000e-04
2.467500e-04
2.665000e-04
2.797500e-04
2.592500e-04
2.187500e-04
2.007500e-04
2.235000e-04
2.467500e-04
2.357500e-04
1.985000e-04
2.092500e-04
2.432500e-04
2.780000e-04
2.715000e-04
2.397500e-04
2.407500e-04
2.765000e-04
3.007500e-04
2.772500e-04
2.425000e-04
2.255000e-04
2.490000e-04
2.662500e-04
2.465000e-04
2.185000e-04
2.060000e-04
2.347500e-04
2.540000e-04
2.382500e-04
2.075000e-04
2.187500e-04
2.382500e-04
2.695000e-04
2.567500e-04
2.357500e-04
2.245000e-04
2.542500e-04
2.802500e-04
2.567500e-04
2.280000e-04
2.105000e-04
2.422500e-04
2.600000e-04
2.515000e-04
2.155000e-04
2.127500e-04
2.490000e-04
2.632500e-04
2.495000e-04
2.080000e-04
2.002500e-04
2.362500e-04
2.632500e-04
2.432500e-04
2.227500e-04
2.195000e-04
2.485000e-04
2.717500e-04
2.532500e-04
2.160000e-04
2.125000e-04
2.362500e-04
2.627500e-04
2.480000e-04
2.317500e-04
2.075000e-04
2.430000e-04
2.580000e-04
2.492500e-04
2.107500e-04
2.085000e-04
2.295000e-04
2.597500e-04
2.362500e-04
2.002500e-04
2.017500e-04
2.235000e-04
2.580000e-04
2.477500e-04
2.200000e-04
2.047500e-04
2.352500e-04
2.652500e-04
2.502500e-04
2.082500e-04
2.127500e-04
2.305000e-04
2.580000e-04
2.520000e-04
2.197500e-04
2.102500e-04
2.395000e-04
2.747500e-04
2.520000e-04
2.170000e-04
2.045000e-04
2.285000e-04
2.565000e-04
2.475000e-04
2.152500e-04
2.135000e-04
2.395000e-04
2.667500e-04
2.432500e-04
2.097500e-04
1.915000e-04
2.130000e-04
2.387500e-04
2.277500e-04
1.930000e-04
1.957500e-04
2.115000e-04
2.320000e-04
2.260000e-04
2.000000e-04
1.970000e-04
2.252500e-04
2.537500e-04
2.430000e-04
2.180000e-04
2.065000e-04
2.367500e-04
2.800000e-04
2.560000e-04
2.272500e-04
2.105000e-04
2.477500e-04
2.752500e-04
2.722500e-04
2.317500e-04
2.157500e-04
2.387500e-04
2.682500e-04
2.502500e-04
2.117500e-04
1.995000e-04
2.320000e-04
2.602500e-04
2.475000e-04
2.180000e-04
2.067500e-04
2.387500e-04
2.605000e-04
2.530000e-04
2.297500e-04
2.160000e-04
2.472500e-04
2.737500e-04
2.652500e-04
2.265000e-04
2.167500e-04
2.412500e-04
2.587500e-04
2.487500e-04
2.130000e-04
2.050000e-04
2.385000e-04
2.602500e-04
2.472500e-04
2.142500e-04
2.080000e-04
2.320000e-04
2.607500e-04
2.440000e-04
2.062500e-04
1.975000e-04
2.370000e-04
2.520000e-04
2.467500e-04
2.177500e-04
2.155000e-04
2.337500e-04
2.722500e-04
2.560000e-04
2.197500e-04
1.990000e-04
2.185000e-04
2.490000e-04
2.410000e-04
2.152500e-04
1.905000e-04
2.265000e-04
2.597500e-04
2.495000e-04
2.180000e-04
2.072500e-04
2.277500e-04
2.707500e-04
2.502500e-04
2.157500e-04
2.017500e-04
2.287500e-04
2.517500e-04
2.397500e-04
2.085000e-04
2.005000e-04
2.340000e-04
2.552500e-04
2.472500e-04
2.115000e-04
2.090000e-04
2.307500e-04
2.542500e-04
2.412500e-04
2.050000e-04
1.970000e-04
2.260000e-04
2.500000e-04
2.437500e-04
2.102500e-04
2.065000e-04
2.187500e-04
2.535000e-04
2.490000e-04
2.147500e-04
2.120000e-04
2.397500e-04
2.580000e-04
2.542500e-04
2.165000e-04
2.077500e-04
2.360000e-04
2.672500e-04
2.535000e-04
2.245000e-04
2.100000e-04
2.255000e-04
2.625000e-04
2.520000e-04
2.310000e-04
2.015000e-04
2.340000e-04
2.592500e-04
2.587500e-04
2.295000e-04
2.197500e-04
2.295000e-04
2.515000e-04
2.465000e-04
2.112500e-04
1.977500e-04
2.190000e-04
2.467500e-04
2.485000e-04
1.992500e-04
1.895000e-04
2.132500e-04
2.492500e-04
2.372500e-04
2.127500e-04
1.895000e-04
2.197500e-04
2.445000e-04
2.427500e-04
2.162500e-04
1.955000e-04
2.195000e-04
2.492500e-04
2.487500e-04
2.287500e-04
2.040000e-04
2.242500e-04
2.530000e-04
2.485000e-04
2.130000e-04
2.020000e-04
2.230000e-04
2.520000e-04
2.357500e-04
2.042500e-04
1.940000e-04
2.042500e-04
2.472500e-04
2.400000e-04
2.102500e-04
2.020000e-04
2.295000e-04
2.720000e-04
2.617500e-04
2.442500e-04
2.175000e-04
2.480000e-04
2.830000e-04
2.852500e-04
2.432500e-04
2.315000e-04
2.560000e-04
2.815000e-04
2.830000e-04
2.467500e-04
2.227500e-04
2.545000e-04
2.857500e-04
2.695000e-04
2.257500e-04
2.247500e-04
2.437500e-04
2.715000e-04
2.767500e-04
2.365000e-04
2.280000e-04
2.462500e-04
2.712500e-04
2.697500e-04
2.307500e-04
2.117500e-04
2.340000e-04
2.605000e-04
2.565000e-04
2.377500e-04
2.140000e-04
2.440000e-04
2.762500e-04
2.775000e-04
2.312500e-04
2.222500e-04
2.377500e-04
2.612500e-04
2.622500e-04
2.167500e-04
1.985000e-04
2.292500e-04
2.600000e-04
2.520000e-04
2.272500e-04
2.030000e-04
2.242500e-04
2.577500e-04
2.540000e-04
2.152500e-04
2.047500e-04
2.235000e-04
2.492500e-04
2.442500e-04
2.117500e-04
2.125000e-04
2.172500e-04
2.462500e-04
2.522500e-04
2.162500e-04
2.082500e-04
2.410000e-04
2.610000e-04
2.677500e-04
2.252500e-04
2.187500e-04
2.342500e-04
2.525000e-04
2.492500e-04
2.182500e-04
2.100000e-04
2.312500e-04
2.675000e-04
2.610000e-04
2.320000e-04
2.100000e-04
2.315000e-04
2.582500e-04
2.652500e-04
2.232500e-04
1.957500e-04
2.230000e-04
2.462500e-04
2.422500e-04
2.212500e-04
2.005000e-04
2.270000e-04
2.517500e-04
2.537500e-04
2.122500e-04
1.947500e-04
2.042500e-04
2.435000e-04
2.380000e-04
2.125000e-04
1.890000e-04
2.145000e-04
2.465000e-04
2.340000e-04
2.015000e-04
1.867500e-04
2.125000e-04
2.322500e-04
2.377500e-04
2.027500e-04
1.937500e-04
2.160000e-04
2.550000e-04
2.565000e-04
2.267500e-04
2.107500e-04
2.170000e-04
2.557500e-04
2.475000e-04
2.110000e-04
1.945000e-04
2.102500e-04
2.352500e-04
2.232500e-04
1.942500e-04
1.817500e-04
2.002500e-04
2.332500e-04
2.342500e-04
1.985000e-04
1.892500e-04
2.042500e-04
2.460000e-04
2.340000e-04
1.980000e-04
1.850000e-04
2.037500e-04
2.352500e-04
2.295000e-04
1.905000e-04
1.740000e-04
1.855000e-04
2.327500e-04
2.327500e-04
2.195000e-04
1.907500e-04
2.200000e-04
2.417500e-04
2.507500e-04
2.130000e-04
1.965000e-04
2.250000e-04
2.375000e-04
2.412500e-04
2.010000e-04
1.867500e-04
1.912500e-04
2.275000e-04
2.317500e-04
2.022500e-04
1.877500e-04
2.197500e-04
2.540000e-04
2.535000e-04
2.205000e-04
1.990000e-04
2.070000e-04
2.407500e-04
2.347500e-04
2.042500e-04
2.000000e-04
2.032500e-04
2.365000e-04
2.392500e-04
2.097500e-04
1.730000e-04
1.947500e-04
2.335000e-04
2.360000e-04
2.107500e-04
1.945000e-04
2.160000e-04
2.545000e-04
2.482500e-04
2.317500e-04
2.035000e-04
2.282500e-04
2.565000e-04
2.527500e-04
2.177500e-04
1.932500e-04
1.997500e-04
2.300000e-04
2.335000e-04
2.015000e-04
1.820000e-04
2.065000e-04
2.312500e-04
2.395000e-04
2.037500e-04
1.930000e-04
2.007500e-04
2.477500e-04
2.345000e-04
2.190000e-04
1.955000e-04
2.162500e-04
2.450000e-04
2.490000e-04
2.225000e-04
1.947500e-04
2.100000e-04
2.392500e-04
2.410000e-04
2.077500e-04
1.872500e-04
2.120000e-04
2.417500e-04
2.385000e-04
2.112500e-04
1.977500e-04
2.155000e-04
2.502500e-04
2.512500e-04
2.240000e-04
1.922500e-04
2.215000e-04
2.380000e-04
2.482500e-04
2.117500e-04
1.887500e-04
2.120000e-04
2.440000e-04
2.537500e-04
2.175000e-04
1.960000e-04
2.162500e-04
2.532500e-04
2.500000e-04
2.202500e-04
1.947500e-04
2.115000e-04
2.457500e-04
2.570000e-04
2.227500e-04
1.902500e-04
2.185000e-04
2.520000e-04
2.600000e-04
2.325000e-04
1.905000e-04
2.000000e-04
2.327500e-04
2.322500e-04
2.052500e-04
1.845000e-04
2.010000e-04
2.392500e-04
2.400000e-04
2.065000e-04
1.920000e-04
2.022500e-04
2.425000e-04
2.352500e-04
2.115000e-04
1.872500e-04
2.027500e-04
2.302500e-04
2.337500e-04
2.045000e-04
1.855000e-04
2.035000e-04
2.450000e-04
2.462500e-04
2.090000e-04
1.940000e-04
2.045000e-04
2.410000e-04
2.427500e-04
2.127500e-04
1.825000e-04
1.987500e-04
2.277500e-04
2.272500e-04
1.997500e-04
1.722500e-04
1.947500e-04
2.257500e-04
2.272500e-04
2.055000e-04
1.740000e-04
1.890000e-04
2.190000e-04
2.335000e-04
1.982500e-04
1.775000e-04
1.910000e-04
2.307500e-04
2.392500e-04
2.175000e-04
1.892500e-04
2.077500e-04
2.375000e-04
2.360000e-04
2.082500e-04
1.840000e-04
2.017500e-04
2.287500e-04
2.332500e-04
1.952500e-04
1.770000e-04
1.922500e-04
2.195000e-04
2.252500e-04
1.927500e-04
1.660000e-04
1.852500e-04
2.112500e-04
2.242500e-04
1.992500e-04
1.667500e-04
1.897500e-04
2.197500e-04
2.282500e-04
2.075000e-04
1.770000e-04
2.030000e-04
2.195000e-04
2.312500e-04
2.040000e-04
1.855000e-04
1.957500e-04
2.287500e-04
2.317500e-04
2.125000e-04
2.005000e-04
1.850000e-04
2.190000e-04
2.287500e-04
2.000000e-04
1.775000e-04
2.002500e-04
2.290000e-04
2.207500e-04
1.927500e-04
1.640000e-04
1.775000e-04
2.240000e-04
2.350000e-04
2.162500e-04
1.880000e-04
2.075000e-04
2.522500e-04
2.522500e-04
2.257500e-04
1.847500e-04
2.015000e-04
2.197500e-04
2.285000e-04
1.862500e-04
1.645000e-04
1.660000e-04
2.085000e-04
2.250000e-04
2.017500e-04
1.870000e-04
2.087500e-04
2.345000e-04
2.492500e-04
2.022500e-04
1.670000e-04
1.885000e-04
2.045000e-04
2.177500e-04
2.050000e-04
1.857500e-04
2.030000e-04
2.295000e-04
2.377500e-04
2.137500e-04
1.760000e-04
1.882500e-04
2.010000e-04
1.992500e-04
1.790000e-04
1.512500e-04
1.727500e-04
2.170000e-04
2.362500e-04
1.955000e-04
1.865000e-04
1.940000e-04
2.352500e-04
2.382500e-04
2.085000e-04
1.850000e-04
1.805000e-04
2.095000e-04
2.137500e-04
1.940000e-04
1.605000e-04
1.865000e-04
2.275000e-04
2.510000e-04
2.185000e-04
1.985000e-04
2.067500e-04
2.505000e-04
2.490000e-04
2.220000e-04
1.932500e-04
2.007500e-04
2.362500e-04
2.332500e-04
1.927500e-04
1.630000e-04
1.645000e-04
2.030000e-04
2.025000e-04
1.712500e-04
1.635000e-04
1.732500e-04
2.147500e-04
2.387500e-04
2.107500e-04
1.917500e-04
1.972500e-04
2.317500e-04
2.452500e-04
2.185000e-04
1.865000e-04
2.032500e-04
2.417500e-04
2.432500e-04
1.977500e-04
1.767500e-04
1.890000e-04
2.252500e-04
2.380000e-04
2.045000e-04
1.862500e-04
1.915000e-04
2.107500e-04
2.212500e-04
1.975000e-04
1.765000e-04
1.932500e-04
2.412500e-04
2.527500e-04
2.482500e-04
2.187500e-04
2.330000e-04
2.717500e-04
