-1.855000e-04
-1.540000e-04
-1.295000e-04
-1.147500e-04
-1.725000e-04
-2.055000e-04
-1.905000e-04
-1.420000e-04
-1.422500e-04
-1.747500e-04
-1.692500e-04
-1.465000e-04
-1.545000e-04
-1.357500e-04
-2.155000e-04
-1.777500e-04
-1.680000e-04
-1.395000e-04
-1.540000e-04
-1.702500e-04
-1.852500e-04
-1.310000e-04
-1.750000e-04
-1.310000e-04
-1.717500e-04
-1.857500e-04
-2.260000e-04
-1.565000e-04
-1.320000e-04
-1.665000e-04
-1.600000e-04
-1.837500e-04
-1.095000e-04
-1.347500e-04
-1.565000e-04
-2.005000e-04
-1.732500e-04
-1.415000e-04
-1.047500e-04
-1.580000e-04
-1.925000e-04
-1.617500e-04
-1.525000e-04
-1.595000e-04
-1.172500e-04
-1.922500e-04
-1.015000e-04
-1.420000e-04
-1.225000e-04
-1.572500e-04
-1.427500e-04
-1.637500e-04
-1.407500e-04
-1.442500e-04
-1.562500e-04
-1.965000e-04
-2.067500e-04
-1.392500e-04
-1.220000e-04
-1.672500e-04
-1.890000e-04
-1.555000e-04
-1.545000e-04
-8.850000e-05
-1.515000e-04
-1.642500e-04
-1.682500e-04
-1.200000e-04
-1.462500e-04
-1.220000e-04
-1.972500e-04
-1.722500e-04
-1.405000e-04
-1.602500e-04
-1.692500e-04
-2.170000e-04
-1.462500e-04
-1.580000e-04
-1.387500e-04
-1.340000e-04
-1.615000e-04
-1.650000e-04
-1.395000e-04
-1.350000e-04
-1.410000e-04
-1.882500e-04
-1.732500e-04
-1.392500e-04
-1.297500e-04
-1.600000e-04
-1.630000e-04
-1.540000e-04
-1.410000e-04
-1.607500e-04
-1.290000e-04
-2.245000e-04
-2.032500e-04
-1.140000e-04
-1.330000e-04
-1.837500e-04
-2.017500e-04
-2.077500e-04
-1.557500e-04
-1.507500e-04
-1.440000e-04
-1.720000e-04
-1.220000e-04
-1.425000e-04
-1.302500e-04
-1.577500e-04
-1.827500e-04
-1.702500e-04
-1.380000e-04
-1.305000e-04
-1.222500e-04
-1.857500e-04
-1.605000e-04
-1.275000e-04
-1.357500e-04
-1.607500e-04
-2.075000e-04
-1.707500e-04
-1.687500e-04
-1.060000e-04
-1.532500e-04
-1.977500e-04
-1.815000e-04
-1.445000e-04
-1.162500e-04
-1.887500e-04
-1.227500e-04
-1.857500e-04
-7.075000e-05
-1.980000e-04
-1.455000e-04
-2.130000e-04
-1.867500e-04
-1.072500e-04
-1.020000e-04
-1.667500e-04
-1.965000e-04
-1.600000e-04
-1.560000e-04
-1.052500e-04
-1.250000e-04
-1.572500e-04
-1.427500e-04
-1.132500e-04
-9.350000e-05
-1.125000e-04
-1.625000e-04
-1.655000e-04
-1.602500e-04
-8.175000e-05
-1.745000e-04
-1.520000e-04
-1.667500e-04
-1.352500e-04
-1.382500e-04
-1.157500e-04
-1.625000e-04
-1.825000e-04
-1.485000e-04
-1.020000e-04
-1.427500e-04
-1.740000e-04
-1.625000e-04
-9.025000e-05
-1.397500e-04
-1.320000e-04
-1.910000e-04
-1.725000e-04
-1.465000e-04
-9.075000e-05
-1.395000e-04
-1.662500e-04
-1.712500e-04
-1.755000e-04
-1.007500e-04
-1.507500e-04
-2.017500e-04
-1.747500e-04
-1.342500e-04
-1.122500e-04
-1.530000e-04
-1.692500e-04
-1.372500e-04
-1.555000e-04
-1.172500e-04
-1.555000e-04
-1.812500e-04
-1.895000e-04
-1.252500e-04
-1.145000e-04
-1.367500e-04
-1.822500e-04
-1.837500e-04
-1.540000e-04
-1.285000e-04
-1.465000e-04
-1.865000e-04
-1.375000e-04
-1.612500e-04
-1.650000e-04
-1.290000e-04
-1.920000e-04
-1.777500e-04
-1.647500e-04
-1.205000e-04
-1.562500e-04
-1.830000e-04
-1.832500e-04
-1.497500e-04
-8.025000e-05
-1.677500e-04
-1.942500e-04
-1.892500e-04
-1.200000e-04
-1.407500e-04
-1.605000e-04
-1.665000e-04
-1.632500e-04
-1.632500e-04
-1.337500e-04
-1.730000e-04
-2.435000e-04
-1.645000e-04
-1.592500e-04
-1.252500e-04
-1.295000e-04
-1.807500e-04
-1.720000e-04
-1.480000e-04
-1.272500e-04
-1.365000e-04
-1.460000e-04
-1.830000e-04
-1.537500e-04
-1.252500e-04
-1.595000e-04
-1.787500e-04
-2.027500e-04
-1.200000e-04
-1.175000e-04
-1.482500e-04
-1.815000e-04
-1.725000e-04
-1.727500e-04
-1.197500e-04
-1.487500e-04
-2.002500e-04
-1.622500e-04
-1.487500e-04
-1.340000e-04
-1.717500e-04
-2.007500e-04
-1.617500e-04
-1.355000e-04
-1.177500e-04
-1.602500e-04
-1.790000e-04
-1.922500e-04
-1.485000e-04
-1.395000e-04
-1.382500e-04
-1.737500e-04
-1.200000e-04
-1.600000e-04
-1.005000e-04
-1.522500e-04
-1.502500e-04
-1.677500e-04
-1.645000e-04
-1.447500e-04
-1.250000e-04
-1.847500e-04
-1.945000e-04
-1.517500e-04
-8.075000e-05
-1.565000e-04
-1.437500e-04
-2.057500e-04
-1.562500e-04
-9.875000e-05
-1.927500e-04
-1.977500e-04
-1.872500e-04
-1.162500e-04
-9.375000e-05
-1.290000e-04
-2.182500e-04
-1.797500e-04
-1.335000e-04
-1.157500e-04
-1.350000e-04
-1.997500e-04
-1.252500e-04
-7.275000e-05
-1.742500e-04
-1.700000e-04
-1.895000e-04
-2.065000e-04
-1.547500e-04
-1.165000e-04
-1.582500e-04
-1.830000e-04
-1.732500e-04
-1.637500e-04
-1.225000e-04
-1.362500e-04
-1.710000e-04
-1.472500e-04
-1.175000e-04
-1.402500e-04
-1.327500e-04
-1.585000e-04
-1.300000e-04
-1.652500e-04
-1.337500e-04
-1.465000e-04
-1.622500e-04
-1.640000e-04
-1.502500e-04
-1.215000e-04
-1.465000e-04
-1.650000e-04
-1.787500e-04
-1.310000e-04
-1.162500e-04
-1.310000e-04
-1.427500e-04
-1.365000e-04
-1.795000e-04
-1.137500e-04
-1.377500e-04
-1.560000e-04
-1.762500e-04
-1.365000e-04
-1.062500e-04
-1.347500e-04
-1.922500e-04
-1.295000e-04
-1.527500e-04
-5.500000e-05
-1.107500e-04
-1.710000e-04
-1.962500e-04
-1.350000e-04
-1.067500e-04
-1.140000e-04
-1.760000e-04
-1.710000e-04
-1.327500e-04
-5.025000e-05
-1.300000e-04
-1.495000e-04
-1.775000e-04
-9.775000e-05
-4.925000e-05
-1.500000e-04
-8.675000e-05
-1.690000e-04
-1.295000e-04
-1.062500e-04
-1.042500e-04
-1.455000e-04
-1.657500e-04
-1.487500e-04
-7.850000e-05
-1.275000e-04
-1.470000e-04
-9.725000e-05
-1.595000e-04
-1.067500e-04
-1.382500e-04
-1.577500e-04
-1.685000e-04
-1.405000e-04
-1.085000e-04
-1.022500e-04
-1.307500e-04
-1.367500e-04
-9.450000e-05
-1.357500e-04
-1.397500e-04
-1.612500e-04
-1.717500e-04
-1.285000e-04
-6.650000e-05
-1.225000e-04
-1.415000e-04
-1.632500e-04
-1.300000e-04
-1.177500e-04
-1.252500e-04
-9.650000e-05
-1.592500e-04
-1.505000e-04
-9.725000e-05
-1.250000e-04
-1.527500e-04
-1.512500e-04
-1.287500e-04
-1.212500e-04
-1.472500e-04
-1.432500e-04
-1.560000e-04
-1.527500e-04
-1.487500e-04
-1.097500e-04
-1.587500e-04
-1.500000e-04
-1.402500e-04
-1.065000e-04
-9.350000e-05
-1.590000e-04
-1.670000e-04
-1.092500e-04
-1.215000e-04
-1.630000e-04
-1.725000e-04
-1.935000e-04
-1.360000e-04
-1.202500e-04
-1.420000e-04
-1.762500e-04
-1.880000e-04
-1.175000e-04
-9.125000e-05
-1.180000e-04
-1.722500e-04
-2.010000e-04
-1.627500e-04
-1.347500e-04
-1.190000e-04
-2.097500e-04
-1.610000e-04
-1.517500e-04
-1.405000e-04
-1.467500e-04
-1.955000e-04
-1.722500e-04
-1.532500e-04
-1.647500e-04
-1.172500e-04
-1.645000e-04
-1.807500e-04
-1.272500e-04
-1.467500e-04
-1.072500e-04
-1.795000e-04
-1.990000e-04
-1.560000e-04
-1.365000e-04
-1.397500e-04
-1.747500e-04
-1.777500e-04
-1.505000e-04
-1.170000e-04
-1.412500e-04
-1.470000e-04
-2.237500e-04
-9.425000e-05
-1.470000e-04
-9.475000e-05
-1.970000e-04
-1.915000e-04
-1.620000e-04
-1.222500e-04
-1.160000e-04
-1.582500e-04
-1.585000e-04
-1.082500e-04
-1.110000e-04
-1.402500e-04
-1.797500e-04
-1.762500e-04
-1.442500e-04
-1.145000e-04
-1.352500e-04
-1.770000e-04
-1.712500e-04
-1.557500e-04
-7.200000e-05
-1.052500e-04
-1.452500e-04
-1.507500e-04
-1.527500e-04
-1.372500e-04
-1.420000e-04
-1.325000e-04
-1.897500e-04
-1.457500e-04
-1.132500e-04
-1.165000e-04
-1.547500e-04
-1.597500e-04
-1.262500e-04
-9.600000e-05
-1.030000e-04
-1.315000e-04
-2.092500e-04
-1.212500e-04
-1.165000e-04
-1.045000e-04
-1.397500e-04
-1.700000e-04
-1.112500e-04
-1.177500e-04
-1.217500e-04
-1.527500e-04
-1.575000e-04
-8.900000e-05
-1.002500e-04
-1.445000e-04
-1.647500e-04
-1.790000e-04
-1.245000e-04
-1.085000e-04
-9.825000e-05
-2.022500e-04
-1.547500e-04
-1.307500e-04
-9.050000e-05
-1.005000e-04
-1.165000e-04
-1.392500e-04
-1.645000e-04
-9.250000e-05
-8.975000e-05
-1.732500e-04
-1.690000e-04
-1.507500e-04
-1.055000e-04
-1.275000e-04
-1.392500e-04
-1.380000e-04
-1.262500e-04
-8.350000e-05
-9.275000e-05
-1.607500e-04
-1.795000e-04
-1.132500e-04
-1.000000e-04
-1.027500e-04
-1.210000e-04
-1.735000e-04
-1.275000e-04
-1.125000e-04
-1.265000e-04
-1.675000e-04
-1.527500e-04
-1.337500e-04
-1.252500e-04
-1.162500e-04
-1.322500e-04
-1.457500e-04
-1.555000e-04
-1.352500e-04
-9.825000e-05
-1.632500e-04
-1.280000e-04
-1.455000e-04
-1.295000e-04
-1.005000e-04
-1.427500e-04
-1.565000e-04
-1.597500e-04
-1.015000e-04
-1.260000e-04
-1.792500e-04
-1.587500e-04
-1.577500e-04
-1.170000e-04
-7.950000e-05
-1.860000e-04
-1.572500e-04
-1.390000e-04
-1.425000e-04
-8.325000e-05
-1.415000e-04
-1.407500e-04
-7.450000e-05
-1.337500e-04
-1.252500e-04
-1.417500e-04
-1.720000e-04
-1.095000e-04
-1.077500e-04
-1.187500e-04
-1.627500e-04
-1.715000e-04
-1.135000e-04
-9.225000e-05
-9.425000e-05
-1.215000e-04
-1.897500e-04
-9.950000e-05
-1.075000e-04
-9.825000e-05
-1.802500e-04
-1.800000e-04
-1.452500e-04
-1.230000e-04
-1.207500e-04
-1.375000e-04
-1.500000e-04
-1.462500e-04
-1.072500e-04
-8.800000e-05
-1.347500e-04
-1.470000e-04
-1.015000e-04
-1.227500e-04
-1.110000e-04
-1.385000e-04
-1.552500e-04
-1.427500e-04
-8.600000e-05
-8.425000e-05
-1.345000e-04
-1.672500e-04
-1.122500e-04
-1.097500e-04
-1.210000e-04
-1.410000e-04
-1.775000e-04
-1.395000e-04
-7.450000e-05
-7.150000e-05
-1.120000e-04
-1.740000e-04
-1.560000e-04
-1.212500e-04
-1.137500e-04
-1.555000e-04
-1.417500e-04
-1.407500e-04
-1.140000e-04
-1.200000e-04
-1.572500e-04
-1.470000e-04
-1.215000e-04
-5.700000e-05
-1.412500e-04
-1.357500e-04
-1.855000e-04
-1.187500e-04
-1.195000e-04
-1.025000e-04
-1.345000e-04
-1.552500e-04
-1.397500e-04
-1.202500e-04
-1.117500e-04
-1.357500e-04
-1.342500e-04
-1.527500e-04
-1.227500e-04
-9.825000e-05
-1.002500e-04
-1.987500e-04
-1.527500e-04
-1.185000e-04
-1.280000e-04
-1.292500e-04
-1.652500e-04
-9.400000e-05
-1.015000e-04
-1.172500e-04
-1.425000e-04
-1.545000e-04
-1.295000e-04
-8.925000e-05
-6.800000e-05
-1.160000e-04
-1.477500e-04
-1.535000e-04
-1.040000e-04
-1.117500e-04
-1.415000e-04
-1.727500e-04
-1.682500e-04
-1.017500e-04
-1.057500e-04
-1.357500e-04
-1.535000e-04
-1.315000e-04
-1.232500e-04
-8.575000e-05
-1.635000e-04
-1.452500e-04
-1.137500e-04
-1.452500e-04
-1.165000e-04
-1.542500e-04
-1.815000e-04
-1.360000e-04
-1.137500e-04
-1.060000e-04
-1.465000e-04
-1.630000e-04
-1.402500e-04
-8.200000e-05
-8.375000e-05
-1.460000e-04
-1.625000e-04
-1.437500e-04
-1.172500e-04
-1.180000e-04
-1.610000e-04
-1.425000e-04
-1.505000e-04
-1.002500e-04
-1.150000e-04
-1.132500e-04
-1.437500e-04
-1.757500e-04
-1.395000e-04
-1.327500e-04
-1.302500e-04
-1.610000e-04
-1.560000e-04
-1.205000e-04
-1.072500e-04
-1.395000e-04
-1.557500e-04
-1.345000e-04
-1.080000e-04
-8.925000e-05
-1.562500e-04
-1.660000e-04
-1.330000e-04
-1.197500e-04
-1.310000e-04
-1.365000e-04
-1.537500e-04
-1.192500e-04
-9.675000e-05
-1.365000e-04
-1.505000e-04
-1.622500e-04
-1.555000e-04
-1.050000e-04
-1.207500e-04
-1.382500e-04
-1.800000e-04
-1.145000e-04
-1.047500e-04
-1.410000e-04
-1.382500e-04
-1.400000e-04
-1.665000e-04
-1.247500e-04
-1.410000e-04
-1.467500e-04
-1.847500e-04
-1.155000e-04
-1.200000e-04
-8.950000e-05
-1.485000e-04
-1.292500e-04
-1.387500e-04
-1.255000e-04
-8.175000e-05
-1.645000e-04
-1.855000e-04
-1.402500e-04
-1.272500e-04
-1.007500e-04
-1.472500e-04
-1.645000e-04
-1.155000e-04
-9.900000e-05
-1.312500e-04
-1.420000e-04
-1.477500e-04
-1.377500e-04
-8.125000e-05
-1.395000e-04
-1.677500e-04
-1.715000e-04
-1.347500e-04
-1.137500e-04
-1.132500e-04
-1.285000e-04
-1.570000e-04
-1.495000e-04
-1.245000e-04
-8.050000e-05
-1.677500e-04
-1.537500e-04
-1.750000e-04
-1.245000e-04
-9.075000e-05
-1.385000e-04
-1.497500e-04
-1.612500e-04
-1.012500e-04
-1.057500e-04
-1.002500e-04
-1.407500e-04
-1.760000e-04
-1.032500e-04
-1.277500e-04
-1.062500e-04
-1.545000e-04
-1.232500e-04
-1.360000e-04
-1.037500e-04
-1.285000e-04
-1.485000e-04
-1.450000e-04
-1.425000e-04
-7.125000e-05
-1.015000e-04
-1.670000e-04
-1.437500e-04
-8.775000e-05
-1.132500e-04
-1.177500e-04
-1.510000e-04
-1.457500e-04
-9.000000e-05
-6.775000e-05
-1.610000e-04
-1.445000e-04
-1.515000e-04
-9.225000e-05
-6.400000e-05
-1.612500e-04
-1.467500e-04
-1.445000e-04
-1.097500e-04
-1.087500e-04
-9.700000e-05
-1.855000e-04
-1.377500e-04
-9.750000e-05
-1.055000e-04
-1.112500e-04
-1.235000e-04
-1.685000e-04
-1.040000e-04
-9.550000e-05
-1.302500e-04
-1.202500e-04
-1.577500e-04
-1.287500e-04
-9.075000e-05
-1.575000e-04
-1.652500e-04
-1.305000e-04
-7.875000e-05
-8.925000e-05
-1.385000e-04
-1.392500e-04
-1.730000e-04
-1.200000e-04
-9.575000e-05
-1.480000e-04
-1.497500e-04
-1.600000e-04
-1.290000e-04
-9.550000e-05
-1.312500e-04
-1.475000e-04
-1.187500e-04
-1.272500e-04
-1.347500e-04
-1.150000e-04
-1.662500e-04
-1.180000e-04
-1.200000e-04
-1.122500e-04
-1.432500e-04
-1.647500e-04
-1.470000e-04
-9.975000e-05
-1.162500e-04
-1.260000e-04
-1.197500e-04
-1.412500e-04
-1.547500e-04
-1.222500e-04
-1.465000e-04
-1.727500e-04
-1.460000e-04
-9.250000e-05
-8.400000e-05
-1.587500e-04
-1.607500e-04
-1.292500e-04
-7.675000e-05
-1.175000e-04
-1.392500e-04
-1.615000e-04
-1.362500e-04
-1.187500e-04
-1.105000e-04
-1.090000e-04
-1.667500e-04
-1.380000e-04
-1.185000e-04
-6.400000e-05
-1.235000e-04
-1.692500e-04
-1.687500e-04
-1.045000e-04
-1.090000e-04
-1.360000e-04
-1.750000e-04
-1.142500e-04
-1.575000e-04
-1.152500e-04
-1.322500e-04
-1.507500e-04
-1.410000e-04
-8.325000e-05
-1.262500e-04
-1.187500e-04
-1.482500e-04
-1.477500e-04
-1.172500e-04
-1.122500e-04
-1.385000e-04
-1.290000e-04
-1.450000e-04
-9.200000e-05
-1.000000e-04
-9.875000e-05
-1.475000e-04
-1.597500e-04
-1.080000e-04
-7.500000e-05
-1.310000e-04
-1.682500e-04
-1.197500e-04
-1.280000e-04
-7.900000e-05
-1.490000e-04
-1.727500e-04
-1.435000e-04
-1.257500e-04
-7.275000e-05
-1.527500e-04
-1.690000e-04
-1.365000e-04
-1.625000e-05
-1.405000e-04
-9.575000e-05
-1.827500e-04
-1.472500e-04
-9.950000e-05
-9.225000e-05
-1.272500e-04
-1.325000e-04
-1.190000e-04
-1.035000e-04
-1.117500e-04
-1.175000e-04
-1.732500e-04
-4.600000e-05
-1.035000e-04
-1.542500e-04
-1.357500e-04
-1.197500e-04
-7.575000e-05
-1.712500e-04
-1.312500e-04
-1.132500e-04
-1.237500e-04
-1.417500e-04
-9.550000e-05
-3.600000e-05
-1.235000e-04
-1.292500e-04
-1.460000e-04
-6.700000e-05
-2.975000e-05
-1.700000e-04
-1.590000e-04
-1.415000e-04
-1.057500e-04
-6.050000e-05
-1.242500e-04
-1.447500e-04
-1.667500e-04
-1.160000e-04
-6.675000e-05
-4.550000e-05
-1.857500e-04
-2.042500e-04
-1.415000e-04
-9.275000e-05
-9.650000e-05
-1.610000e-04
-1.045000e-04
-4.750000e-05
-7.100000e-05
-1.377500e-04
-1.580000e-04
-8.800000e-05
-1.130000e-04
-8.725000e-05
-1.407500e-04
-1.112500e-04
-1.340000e-04
-1.092500e-04
-7.050000e-05
-1.105000e-04
-1.435000e-04
-1.385000e-04
-4.850000e-05
-8.500000e-05
-1.095000e-04
-1.720000e-04
-1.107500e-04
-9.075000e-05
-9.775000e-05
-5.775000e-05
-1.210000e-04
-1.257500e-04
-6.450000e-05
-7.200000e-05
-1.692500e-04
-1.595000e-04
-1.385000e-04
-1.250000e-04
-8.375000e-05
-1.327500e-04
-1.457500e-04
-1.265000e-04
-1.115000e-04
-4.200000e-05
-1.207500e-04
-1.215000e-04
-1.497500e-04
-9.550000e-05
-8.075000e-05
-8.600000e-05
-9.800000e-05
-1.115000e-04
-9.600000e-05
-7.075000e-05
-9.675000e-05
-1.010000e-04
-1.235000e-04
-9.500000e-05
-6.675000e-05
-1.132500e-04
-1.142500e-04
-1.120000e-04
-1.157500e-04
-1.065000e-04
-1.085000e-04
-1.385000e-04
-1.202500e-04
-1.032500e-04
-8.675000e-05
-1.035000e-04
-1.352500e-04
-9.775000e-05
-7.525000e-05
-1.010000e-04
-1.082500e-04
-1.582500e-04
-1.552500e-04
-7.875000e-05
-9.550000e-05
-1.077500e-04
-1.305000e-04
-1.327500e-04
-8.700000e-05
-7.950000e-05
-9.475000e-05
-1.492500e-04
-1.482500e-04
-1.105000e-04
-4.850000e-05
-9.475000e-05
-1.620000e-04
-1.260000e-04
-1.272500e-04
-9.975000e-05
-1.255000e-04
-1.112500e-04
-1.107500e-04
-1.062500e-04
-9.850000e-05
-1.107500e-04
-1.432500e-04
-1.105000e-04
-1.105000e-04
-6.550000e-05
-1.012500e-04
-1.475000e-04
-1.337500e-04
-1.097500e-04
-9.500000e-05
-1.035000e-04
-1.552500e-04
-1.252500e-04
-1.055000e-04
-8.875000e-05
-1.065000e-04
-1.292500e-04
-1.412500e-04
-1.017500e-04
-9.975000e-05
-1.112500e-04
-1.455000e-04
-1.020000e-04
-1.332500e-04
-1.247500e-04
-1.295000e-04
-1.030000e-04
-1.147500e-04
-1.552500e-04
-9.550000e-05
-1.332500e-04
-1.447500e-04
-1.460000e-04
-1.272500e-04
-7.450000e-05
-1.100000e-04
-1.322500e-04
-1.097500e-04
-1.367500e-04
-7.525000e-05
-1.127500e-04
-1.357500e-04
-1.282500e-04
-6.650000e-05
-1.057500e-04
-1.117500e-04
-1.512500e-04
-1.110000e-04
-1.337500e-04
-7.550000e-05
-8.550000e-05
-1.470000e-04
-1.237500e-04
-1.152500e-04
-8.975000e-05
-1.235000e-04
-1.045000e-04
-1.415000e-04
-8.800000e-05
-1.050000e-04
-1.012500e-04
-1.515000e-04
-1.412500e-04
-1.110000e-04
-6.700000e-05
-9.900000e-05
-1.737500e-04
-1.045000e-04
-6.100000e-05
-1.107500e-04
-1.100000e-04
-1.335000e-04
-1.562500e-04
-1.095000e-04
-9.325000e-05
-1.182500e-04
-1.282500e-04
-1.247500e-04
-1.090000e-04
-1.027500e-04
-1.137500e-04
-1.317500e-04
-1.185000e-04
-1.525000e-04
-6.875000e-05
-1.082500e-04
-1.227500e-04
-1.225000e-04
-1.045000e-04
-7.525000e-05
-9.375000e-05
-1.075000e-04
-1.505000e-04
-1.060000e-04
-7.475000e-05
-1.052500e-04
-1.505000e-04
-9.550000e-05
-1.472500e-04
-8.025000e-05
-1.255000e-04
-1.375000e-04
-8.425000e-05
-8.675000e-05
-9.375000e-05
-1.072500e-04
-1.162500e-04
-1.492500e-04
-9.550000e-05
-4.850000e-05
-8.700000e-05
-1.500000e-04
-1.315000e-04
-8.400000e-05
-1.012500e-04
-1.152500e-04
-1.297500e-04
-1.457500e-04
-1.115000e-04
-7.500000e-05
-1.292500e-04
-1.227500e-04
-7.800000e-05
-8.000000e-05
-9.425000e-05
-7.200000e-05
-1.420000e-04
-1.230000e-04
-1.027500e-04
-3.325000e-05
-1.197500e-04
-1.567500e-04
-1.202500e-04
-1.005000e-04
-5.350000e-05
-9.650000e-05
-1.390000e-04
-1.140000e-04
-5.725000e-05
-6.800000e-05
-8.925000e-05
-8.900000e-05
-9.125000e-05
-8.800000e-05
-4.875000e-05
-9.575000e-05
-7.150000e-05
-1.435000e-04
-9.375000e-05
-8.200000e-05
-7.750000e-05
-1.085000e-04
-1.130000e-04
-1.057500e-04
-6.625000e-05
-1.125000e-04
-1.360000e-04
-1.390000e-04
-9.800000e-05
-8.100000e-05
-6.775000e-05
-1.107500e-04
-1.525000e-04
-7.600000e-05
-6.125000e-05
-6.175000e-05
-1.130000e-04
-8.275000e-05
-9.000000e-05
-1.090000e-04
-1.105000e-04
-1.475000e-04
-1.520000e-04
-1.082500e-04
-7.800000e-05
-1.005000e-04
-1.252500e-04
-1.315000e-04
-9.525000e-05
-3.325000e-05
-1.267500e-04
-8.325000e-05
-1.367500e-04
-1.007500e-04
-1.112500e-04
-9.875000e-05
-1.682500e-04
-1.417500e-04
-9.650000e-05
-7.500000e-05
-1.202500e-04
-1.375000e-04
-1.562500e-04
-1.080000e-04
-6.200000e-05
-1.240000e-04
-1.230000e-04
-1.222500e-04
-9.325000e-05
-9.725000e-05
-1.000000e-04
-1.170000e-04
-1.120000e-04
-1.202500e-04
-9.700000e-05
-8.625000e-05
-1.615000e-04
-1.135000e-04
-1.265000e-04
-6.800000e-05
-8.875000e-05
-1.237500e-04
-1.157500e-04
-1.460000e-04
-1.045000e-04
-9.600000e-05
-1.235000e-04
-1.440000e-04
-1.167500e-04
-8.500000e-05
-9.650000e-05
-1.050000e-04
-1.497500e-04
-1.172500e-04
-7.650000e-05
-1.202500e-04
-1.337500e-04
-1.347500e-04
-8.975000e-05
-6.925000e-05
-1.210000e-04
-1.490000e-04
-1.497500e-04
-1.122500e-04
-7.075000e-05
-1.247500e-04
-1.242500e-04
-1.375000e-04
-1.142500e-04
-7.575000e-05
-1.080000e-04
-1.370000e-04
-1.680000e-04
-8.625000e-05
-8.425000e-05
-1.265000e-04
-8.475000e-05
-1.505000e-04
-1.210000e-04
-1.200000e-04
-1.150000e-04
-1.232500e-04
-1.560000e-04
-1.250000e-04
-7.900000e-05
-1.527500e-04
-1.485000e-04
-1.435000e-04
-1.087500e-04
-1.127500e-04
-7.450000e-05
-9.000000e-05
-1.662500e-04
-9.350000e-05
-8.225000e-05
-1.315000e-04
-1.445000e-04
-1.487500e-04
-1.220000e-04
-1.012500e-04
-1.212500e-04
-1.300000e-04
-1.345000e-04
-1.250000e-04
-4.050000e-05
-1.285000e-04
-1.810000e-04
-1.367500e-04
-1.217500e-04
-9.100000e-05
-7.650000e-05
-1.642500e-04
-1.232500e-04
-1.302500e-04
-6.150000e-05
-1.180000e-04
-1.442500e-04
-1.410000e-04
-1.087500e-04
-8.200000e-05
-1.355000e-04
-1.012500e-04
-1.792500e-04
-1.452500e-04
-1.102500e-04
-1.105000e-04
-1.427500e-04
-1.540000e-04
-1.265000e-04
-9.350000e-05
-9.525000e-05
-1.057500e-04
-1.582500e-04
-1.320000e-04
-5.375000e-05
-7.550000e-05
-1.560000e-04
-1.365000e-04
-7.425000e-05
-8.100000e-05
-7.850000e-05
-1.307500e-04
-1.275000e-04
-1.025000e-04
-6.725000e-05
-9.725000e-05
-1.525000e-04
-1.480000e-04
-1.125000e-04
-6.200000e-05
-1.060000e-04
-1.247500e-04
-1.360000e-04
-1.127500e-04
-8.050000e-05
-1.010000e-04
-1.345000e-04
-1.225000e-04
-1.040000e-04
-7.350000e-05
-8.225000e-05
-1.365000e-04
-1.090000e-04
-6.825000e-05
-1.052500e-04
-9.875000e-05
-1.355000e-04
-1.150000e-04
-1.077500e-04
-8.425000e-05
-1.145000e-04
-1.272500e-04
-1.302500e-04
-1.327500e-04
-7.200000e-05
-1.027500e-04
-1.287500e-04
-1.390000e-04
-1.022500e-04
-7.550000e-05
-9.850000e-05
-8.525000e-05
-1.515000e-04
-1.117500e-04
-7.825000e-05
-9.200000e-05
-1.477500e-04
-1.627500e-04
-8.625000e-05
-8.325000e-05
-1.007500e-04
-1.312500e-04
-1.367500e-04
-9.225000e-05
-6.650000e-05
-9.200000e-05
-1.252500e-04
-1.370000e-04
-9.525000e-05
-9.725000e-05
-6.525000e-05
-1.500000e-04
-1.412500e-04
-1.025000e-04
-7.900000e-05
-1.030000e-04
-1.287500e-04
-1.310000e-04
-1.325000e-04
-4.825000e-05
-9.725000e-05
-1.240000e-04
-1.222500e-04
-8.200000e-05
-9.050000e-05
-1.060000e-04
-1.475000e-04
-1.442500e-04
-8.775000e-05
-6.000000e-05
-1.140000e-04
-1.205000e-04
-1.457500e-04
-1.140000e-04
-8.400000e-05
-9.475000e-05
-1.142500e-04
-1.412500e-04
-5.900000e-05
-4.725000e-05
-7.525000e-05
-1.735000e-04
-1.265000e-04
-1.330000e-04
-8.725000e-05
-7.625000e-05
-1.362500e-04
-1.200000e-04
-9.600000e-05
-4.425000e-05
-1.082500e-04
-9.825000e-05
-1.295000e-04
-9.700000e-05
-6.250000e-05
-8.975000e-05
-1.237500e-04
-9.400000e-05
-1.115000e-04
-9.175000e-05
-8.475000e-05
-1.310000e-04
-1.387500e-04
-1.175000e-04
-6.275000e-05
-9.800000e-05
-7.800000e-05
-1.647500e-04
-1.295000e-04
-8.025000e-05
-1.032500e-04
-1.260000e-04
-1.470000e-04
-1.220000e-04
-1.117500e-04
-5.000000e-05
-1.267500e-04
-1.347500e-04
-1.242500e-04
-7.700000e-05
-6.750000e-05
-1.122500e-04
-1.350000e-04
-1.097500e-04
-8.825000e-05
-1.012500e-04
-1.272500e-04
-1.367500e-04
-1.105000e-04
-1.037500e-04
-8.475000e-05
-1.475000e-04
-9.600000e-05
-1.377500e-04
-8.900000e-05
-9.400000e-05
-1.170000e-04
-1.332500e-04
-8.800000e-05
-4.000000e-05
-8.300000e-05
-1.480000e-04
-8.900000e-05
-8.075000e-05
-5.025000e-05
-4.450000e-05
-1.055000e-04
-1.127500e-04
-6.525000e-05
-1.187500e-04
-5.250000e-05
-1.057500e-04
-1.665000e-04
-1.040000e-04
-3.750000e-05
-6.400000e-05
-1.372500e-04
-3.575000e-05
-7.225000e-05
-9.725000e-05
-6.650000e-05
-9.275000e-05
-9.750000e-05
-7.200000e-05
-5.525000e-05
-3.975000e-05
-9.075000e-05
-1.200000e-04
-9.000000e-05
-5.900000e-05
-9.350000e-05
-9.875000e-05
-1.232500e-04
-9.425000e-05
-7.175000e-05
-5.325000e-05
-9.500000e-05
-8.800000e-05
-1.105000e-04
-7.325000e-05
-7.650000e-05
-1.230000e-04
-1.225000e-04
-1.062500e-04
-3.575000e-05
-7.600000e-05
-9.500000e-05
-1.135000e-04
-8.175000e-05
-3.000000e-05
-7.675000e-05
-1.162500e-04
-1.372500e-04
-8.750000e-05
-3.375000e-05
-1.072500e-04
-1.060000e-04
-1.095000e-04
-1.192500e-04
-6.800000e-05
-6.950000e-05
-1.182500e-04
-1.255000e-04
-5.500000e-05
-6.425000e-05
-9.075000e-05
-1.052500e-04
-1.217500e-04
-7.625000e-05
-7.275000e-05
-6.300000e-05
-1.052500e-04
-1.385000e-04
-6.350000e-05
-8.050000e-05
-8.300000e-05
-1.322500e-04
-1.177500e-04
-1.287500e-04
-5.400000e-05
-5.950000e-05
-8.750000e-05
-1.255000e-04
-6.575000e-05
-6.525000e-05
-9.025000e-05
-1.042500e-04
-1.160000e-04
-1.187500e-04
-6.900000e-05
-9.225000e-05
-1.135000e-04
-1.535000e-04
-9.750000e-05
-5.850000e-05
-9.825000e-05
-9.125000e-05
-1.442500e-04
-8.100000e-05
-6.250000e-05
-9.800000e-05
-1.255000e-04
-1.332500e-04
-6.450000e-05
-8.950000e-05
-9.775000e-05
-1.150000e-04
-1.355000e-04
-1.057500e-04
-4.425000e-05
-4.500000e-05
-1.082500e-04
-1.620000e-04
-1.220000e-04
-4.150000e-05
-1.030000e-04
-1.252500e-04
-1.400000e-04
-9.100000e-05
-7.425000e-05
-9.850000e-05
-7.650000e-05
-1.562500e-04
-8.350000e-05
-8.450000e-05
-7.200000e-05
-1.260000e-04
-1.680000e-04
-8.900000e-05
-1.007500e-04
-6.650000e-05
-1.505000e-04
-1.090000e-04
-1.497500e-04
-8.500000e-05
-9.650000e-05
-1.260000e-04
-1.182500e-04
-1.087500e-04
-7.975000e-05
-8.050000e-05
-8.250000e-05
-1.547500e-04
-8.975000e-05
-9.525000e-05
-7.550000e-05
-1.185000e-04
-1.265000e-04
-1.037500e-04
-8.525000e-05
-9.050000e-05
-1.170000e-04
-1.522500e-04
-1.000000e-04
-5.925000e-05
-4.950000e-05
-9.975000e-05
-1.562500e-04
-8.550000e-05
-6.400000e-05
-8.350000e-05
-1.262500e-04
-1.135000e-04
-1.205000e-04
-6.750000e-05
-9.625000e-05
-9.500000e-05
-1.345000e-04
-9.525000e-05
-1.015000e-04
-6.950000e-05
-1.080000e-04
-1.290000e-04
-1.177500e-04
-6.525000e-05
-7.350000e-05
-9.750000e-05
-1.255000e-04
-8.950000e-05
-9.300000e-05
-3.900000e-05
-8.850000e-05
-1.177500e-04
-1.285000e-04
-8.250000e-05
-6.550000e-05
-8.925000e-05
-1.520000e-04
-1.027500e-04
-6.650000e-05
-7.075000e-05
-1.045000e-04
-1.342500e-04
-1.007500e-04
-7.525000e-05
-7.750000e-05
-1.202500e-04
-1.300000e-04
-9.625000e-05
-5.550000e-05
-7.900000e-05
-1.200000e-04
-1.042500e-04
-1.310000e-04
-6.875000e-05
-5.625000e-05
-8.475000e-05
-8.025000e-05
-1.240000e-04
-8.175000e-05
-7.125000e-05
-9.175000e-05
-1.017500e-04
-9.975000e-05
-6.300000e-05
-8.925000e-05
-8.200000e-05
-1.402500e-04
-6.925000e-05
-5.075000e-05
-1.035000e-04
-1.287500e-04
-1.050000e-04
-6.650000e-05
-1.022500e-04
-7.050000e-05
-1.062500e-04
-1.312500e-04
-8.425000e-05
-6.050000e-05
-7.325000e-05
-1.005000e-04
-1.070000e-04
-9.250000e-05
-2.100000e-05
-9.025000e-05
-7.200000e-05
-1.430000e-04
-8.625000e-05
-6.125000e-05
-2.450000e-05
-1.102500e-04
-1.325000e-04
-1.002500e-04
-6.150000e-05
-7.000000e-05
-8.175000e-05
-1.390000e-04
-8.925000e-05
-7.275000e-05
-7.625000e-05
-1.032500e-04
-1.467500e-04
-9.200000e-05
-6.150000e-05
-6.600000e-05
-9.750000e-05
-1.025000e-04
-9.525000e-05
-5.775000e-05
-7.075000e-05
-6.725000e-05
-1.072500e-04
-1.265000e-04
-8.400000e-05
-4.475000e-05
-1.092500e-04
-1.495000e-04
-1.267500e-04
-8.175000e-05
-4.225000e-05
-1.037500e-04
-1.350000e-04
-9.225000e-05
-8.025000e-05
-4.900000e-05
-1.037500e-04
-1.235000e-04
-7.275000e-05
-1.065000e-04
-6.075000e-05
-1.142500e-04
-1.282500e-04
-1.027500e-04
-6.875000e-05
-7.800000e-05
-6.850000e-05
-1.190000e-04
-1.460000e-04
-8.325000e-05
-8.550000e-05
-7.275000e-05
-1.270000e-04
-1.262500e-04
-8.050000e-05
-7.200000e-05
-1.307500e-04
-1.170000e-04
-9.250000e-05
-3.575000e-05
-1.040000e-04
-8.700000e-05
-1.555000e-04
-5.050000e-05
-5.025000e-05
-4.000000e-05
-1.372500e-04
-1.255000e-04
-1.272500e-04
-4.750000e-05
-6.025000e-05
-1.315000e-04
-1.405000e-04
-7.900000e-05
-1.255000e-04
-3.775000e-05
-1.375000e-04
-9.600000e-05
-1.325000e-04
-7.300000e-05
-6.050000e-05
-1.152500e-04
-7.825000e-05
-8.750000e-05
-1.150000e-04
-6.275000e-05
-1.030000e-04
-1.387500e-04
-7.950000e-05
-1.750000e-05
-9.400000e-05
-1.312500e-04
-5.650000e-05
-8.650000e-05
-1.230000e-04
-6.100000e-05
-1.015000e-04
-1.282500e-04
-6.200000e-05
-3.600000e-05
-1.175000e-04
-1.152500e-04
-1.230000e-04
-1.045000e-04
-5.600000e-05
-4.400000e-05
-1.055000e-04
-1.102500e-04
-9.625000e-05
-4.700000e-05
-5.025000e-05
-8.900000e-05
-7.925000e-05
-7.375000e-05
-8.150000e-05
-6.900000e-05
-1.095000e-04
-1.230000e-04
-1.025000e-04
-7.275000e-05
-6.375000e-05
-7.950000e-05
-1.567500e-04
-6.175000e-05
-6.525000e-05
2.500000e-07
-7.000000e-05
-1.772500e-04
-1.130000e-04
-7.950000e-05
-7.650000e-05
-6.625000e-05
-1.007500e-04
-1.340000e-04
-4.950000e-05
-3.925000e-05
-1.825000e-05
-1.190000e-04
-4.825000e-05
-1.070000e-04
-4.950000e-05
-8.400000e-05
-1.635000e-04
-1.082500e-04
-5.000000e-05
-5.525000e-05
-9.225000e-05
-9.875000e-05
-1.137500e-04
-8.700000e-05
-2.000000e-05
-8.600000e-05
-6.125000e-05
-1.245000e-04
-6.525000e-05
-6.950000e-05
-6.600000e-05
-1.320000e-04
-9.250000e-05
-5.500000e-05
-1.350000e-05
-9.900000e-05
-2.700000e-05
-7.725000e-05
-9.325000e-05
-6.225000e-05
-6.825000e-05
-1.030000e-04
-6.500000e-05
-7.175000e-05
-3.250000e-05
-1.132500e-04
-1.100000e-04
-1.132500e-04
-1.300000e-05
-8.125000e-05
-8.300000e-05
-1.545000e-04
-1.067500e-04
-7.250000e-05
-5.400000e-05
-7.100000e-05
-1.005000e-04
-1.035000e-04
-6.075000e-05
-6.475000e-05
-6.700000e-05
-1.057500e-04
-4.850000e-05
1.100000e-05
-7.175000e-05
-1.162500e-04
-1.107500e-04
-8.750000e-05
-4.575000e-05
-2.450000e-05
-5.675000e-05
-4.550000e-05
-1.027500e-04
-9.275000e-05
-2.000000e-06
-8.825000e-05
-9.150000e-05
-8.225000e-05
-3.425000e-05
-3.775000e-05
-5.575000e-05
-9.250000e-05
-6.450000e-05
5.750000e-06
