   1.0940000e+00
   1.0940000e+00
   1.0940000e+00
   1.0940000e+00
   1.0940000e+00
   1.0940000e+00
   1.0940000e+00
   1.0940000e+00
   1.0940000e+00
   1.0940000e+00
   1.0940000e+00
   1.0940000e+00
   1.0940000e+00
   1.0940000e+00
   1.0940000e+00
   1.0940000e+00
   1.0940000e+00
   1.0940000e+00
   1.0940000e+00
   1.0940000e+00
   1.0940000e+00
   1.0940000e+00
   1.0950000e+00
   1.0950000e+00
   1.0950000e+00
   1.0950000e+00
   1.0950000e+00
   1.0950000e+00
   1.0950000e+00
   1.0950000e+00
   1.0950000e+00
   1.0950000e+00
   1.0950000e+00
   1.0950000e+00
   1.0950000e+00
   1.0950000e+00
   1.0950000e+00
   1.0950000e+00
   1.0950000e+00
   1.0950000e+00
   1.0950000e+00
   1.0950000e+00
   1.0950000e+00
   1.0950000e+00
   1.0950000e+00
   1.0950000e+00
   1.0950000e+00
   1.0950000e+00
   1.0950000e+00
   1.0950000e+00
   1.0950000e+00
   1.0950000e+00
   1.0950000e+00
   1.0950000e+00
   1.0950000e+00
   1.0950000e+00
   1.0950000e+00
   1.0950000e+00
   1.0950000e+00
   1.0950000e+00
   1.0950000e+00
   1.0950000e+00
   1.0950000e+00
   1.0950000e+00
   1.0950000e+00
   1.0950000e+00
   1.0950000e+00
   1.0950000e+00
   1.0950000e+00
   1.0950000e+00
   1.0950000e+00
   1.0950000e+00
   1.0950000e+00
   1.0950000e+00
   1.0950000e+00
   1.0940000e+00
   1.0940000e+00
   1.0940000e+00
   1.0940000e+00
   1.0940000e+00
   1.0940000e+00
   1.0940000e+00
   1.0940000e+00
   1.0940000e+00
   1.0940000e+00
   1.0940000e+00
   1.0940000e+00
   1.0940000e+00
   1.0940000e+00
   1.0940000e+00
   1.0940000e+00
   1.0940000e+00
   1.0940000e+00
   1.0940000e+00
   1.0940000e+00
   1.0940000e+00
   1.0940000e+00
   1.0940000e+00
   1.0940000e+00
   1.0940000e+00
   1.0940000e+00
   1.0940000e+00
   1.0940000e+00
   1.0940000e+00
   1.0940000e+00
   1.0940000e+00
   1.0930000e+00
   1.0930000e+00
   1.0930000e+00
   1.0930000e+00
   1.0930000e+00
   1.0930000e+00
   1.0930000e+00
   1.0930000e+00
   1.0930000e+00
   1.0930000e+00
   1.0930000e+00
   1.0930000e+00
   1.0930000e+00
   1.0930000e+00
   1.0930000e+00
   1.0930000e+00
   1.0930000e+00
   1.0930000e+00
   1.0930000e+00
   1.0930000e+00
   1.0930000e+00
   1.0930000e+00
   1.0930000e+00
   1.0930000e+00
   1.0930000e+00
   1.0920000e+00
   1.0920000e+00
   1.0920000e+00
   1.0920000e+00
   1.0920000e+00
   1.0920000e+00
   1.0920000e+00
   1.0920000e+00
   1.0920000e+00
   1.0920000e+00
   1.0920000e+00
   1.0920000e+00
   1.0920000e+00
   1.0920000e+00
   1.0920000e+00
   1.0920000e+00
   1.0920000e+00
   1.0920000e+00
   1.0920000e+00
   1.0920000e+00
   1.0920000e+00
   1.0910000e+00
   1.0910000e+00
   1.0910000e+00
   1.0910000e+00
   1.0910000e+00
   1.0910000e+00
   1.0910000e+00
   1.0910000e+00
   1.0910000e+00
   1.0910000e+00
   1.0910000e+00
   1.0910000e+00
   1.0910000e+00
   1.0910000e+00
   1.0910000e+00
   1.0910000e+00
   1.0910000e+00
   1.0910000e+00
   1.0910000e+00
   1.0910000e+00
   1.0910000e+00
   1.0910000e+00
   1.0910000e+00
   1.0910000e+00
   1.0910000e+00
   1.0910000e+00
   1.0910000e+00
   1.0910000e+00
   1.0900000e+00
   1.0900000e+00
   1.0900000e+00
   1.0900000e+00
   1.0900000e+00
   1.0900000e+00
   1.0900000e+00
   1.0900000e+00
   1.0900000e+00
   1.0900000e+00
   1.0900000e+00
   1.0900000e+00
   1.0900000e+00
   1.0900000e+00
   1.0900000e+00
   1.0900000e+00
   1.0900000e+00
   1.0900000e+00
   1.0900000e+00
   1.0900000e+00
   1.0900000e+00
   1.0900000e+00
   1.0900000e+00
   1.0900000e+00
   1.0900000e+00
   1.0900000e+00
   1.0890000e+00
   1.0890000e+00
   1.0890000e+00
   1.0890000e+00
   1.0890000e+00
   1.0890000e+00
   1.0890000e+00
   1.0890000e+00
   1.0890000e+00
   1.0890000e+00
   1.0890000e+00
   1.0890000e+00
   1.0890000e+00
   1.0890000e+00
   1.0890000e+00
   1.0890000e+00
   1.0890000e+00
   1.0890000e+00
   1.0890000e+00
   1.0890000e+00
   1.0890000e+00
   1.0890000e+00
   1.0890000e+00
   1.0890000e+00
   1.0890000e+00
   1.0890000e+00
   1.0880000e+00
   1.0880000e+00
   1.0880000e+00
   1.0880000e+00
   1.0880000e+00
   1.0880000e+00
   1.0880000e+00
   1.0880000e+00
   1.0880000e+00
   1.0880000e+00
   1.0880000e+00
   1.0880000e+00
   1.0880000e+00
   1.0880000e+00
   1.0880000e+00
   1.0880000e+00
   1.0880000e+00
   1.0880000e+00
   1.0880000e+00
   1.0880000e+00
   1.0880000e+00
   1.0880000e+00
   1.0880000e+00
   1.0880000e+00
   1.0880000e+00
   1.0880000e+00
   1.0880000e+00
   1.0880000e+00
   1.0880000e+00
   1.0880000e+00
   1.0880000e+00
   1.0880000e+00
   1.0880000e+00
   1.0880000e+00
   1.0880000e+00
   1.0880000e+00
   1.0880000e+00
   1.0880000e+00
   1.0880000e+00
   1.0880000e+00
   1.0880000e+00
   1.0880000e+00
   1.0880000e+00
   1.0880000e+00
   1.0880000e+00
   1.0880000e+00
   1.0880000e+00
   1.0880000e+00
   1.0880000e+00
   1.0880000e+00
   1.0880000e+00
   1.0880000e+00
   1.0880000e+00
   1.0880000e+00
   1.0880000e+00
   1.0880000e+00
   1.0880000e+00
   1.0880000e+00
   1.0880000e+00
   1.0880000e+00
   1.0880000e+00
   1.0880000e+00
   1.0880000e+00
   1.0880000e+00
   1.0880000e+00
   1.0880000e+00
   1.0880000e+00
   1.0880000e+00
   1.0880000e+00
   1.0880000e+00
   1.0880000e+00
   1.0880000e+00
   1.0880000e+00
   1.0880000e+00
   1.0880000e+00
   1.0880000e+00
   1.0880000e+00
   1.0880000e+00
   1.0880000e+00
   1.0880000e+00
   1.0880000e+00
   1.0880000e+00
   1.0880000e+00
   1.0880000e+00
   1.0880000e+00
   1.0880000e+00
   1.0880000e+00
   1.0880000e+00
   1.0880000e+00
   1.0880000e+00
   1.0880000e+00
   1.0880000e+00
   1.0880000e+00
   1.0880000e+00
   1.0880000e+00
   1.0880000e+00
   1.0880000e+00
   1.0890000e+00
   1.0890000e+00
   1.0890000e+00
   1.0890000e+00
   1.0890000e+00
   1.0890000e+00
   1.0890000e+00
   1.0890000e+00
   1.0890000e+00
   1.0890000e+00
   1.0890000e+00
   1.0890000e+00
   1.0890000e+00
   1.0890000e+00
   1.0890000e+00
   1.0890000e+00
   1.0890000e+00
   1.0890000e+00
   1.0890000e+00
   1.0890000e+00
   1.0890000e+00
   1.0890000e+00
   1.0890000e+00
   1.0890000e+00
   1.0900000e+00
   1.0900000e+00
   1.0900000e+00
   1.0900000e+00
   1.0900000e+00
   1.0900000e+00
   1.0900000e+00
   1.0900000e+00
   1.0900000e+00
   1.0900000e+00
   1.0900000e+00
   1.0900000e+00
   1.0900000e+00
   1.0900000e+00
   1.0900000e+00
   1.0900000e+00
   1.0900000e+00
   1.0900000e+00
   1.0900000e+00
   1.0900000e+00
   1.0900000e+00
   1.0900000e+00
   1.0900000e+00
   1.0900000e+00
   1.0900000e+00
   1.0900000e+00
   1.0900000e+00
   1.0900000e+00
   1.0900000e+00
   1.0900000e+00
   1.0900000e+00
   1.0900000e+00
   1.0900000e+00
   1.0900000e+00
   1.0900000e+00
   1.0900000e+00
   1.0900000e+00
   1.0900000e+00
   1.0900000e+00
   1.0900000e+00
   1.0900000e+00
   1.0900000e+00
   1.0900000e+00
   1.0900000e+00
   1.0900000e+00
   1.0900000e+00
   1.0900000e+00
   1.0900000e+00
   1.0900000e+00
   1.0900000e+00
   1.0900000e+00
   1.0900000e+00
   1.0900000e+00
   1.0900000e+00
   1.0900000e+00
   1.0900000e+00
   1.0900000e+00
   1.0900000e+00
   1.0900000e+00
   1.0900000e+00
   1.0900000e+00
   1.0900000e+00
   1.0900000e+00
   1.0900000e+00
   1.0900000e+00
   1.0900000e+00
   1.0900000e+00
   1.0900000e+00
   1.0900000e+00
   1.0900000e+00
   1.0900000e+00
   1.0900000e+00
   1.0900000e+00
   1.0900000e+00
   1.0900000e+00
   1.0900000e+00
   1.0900000e+00
   1.0900000e+00
   1.0900000e+00
   1.0900000e+00
   1.0900000e+00
   1.0900000e+00
   1.0900000e+00
   1.0900000e+00
   1.0900000e+00
   1.0900000e+00
   1.0900000e+00
   1.0900000e+00
   1.0900000e+00
   1.0900000e+00
   1.0900000e+00
   1.0900000e+00
   1.0900000e+00
   1.0900000e+00
   1.0890000e+00
   1.0890000e+00
   1.0890000e+00
   1.0890000e+00
   1.0890000e+00
   1.0890000e+00
   1.0890000e+00
   1.0890000e+00
   1.0890000e+00
   1.0890000e+00
   1.0890000e+00
   1.0890000e+00
   1.0890000e+00
   1.0890000e+00
   1.0890000e+00
   1.0890000e+00
   1.0890000e+00
   1.0890000e+00
   1.0890000e+00
   1.0890000e+00
   1.0890000e+00
   1.0890000e+00
   1.0890000e+00
   1.0890000e+00
   1.0890000e+00
   1.0890000e+00
   1.0890000e+00
   1.0880000e+00
   1.0880000e+00
   1.0880000e+00
   1.0880000e+00
   1.0880000e+00
   1.0880000e+00
   1.0880000e+00
   1.0880000e+00
   1.0880000e+00
   1.0880000e+00
   1.0880000e+00
   1.0880000e+00
   1.0880000e+00
   1.0880000e+00
   1.0880000e+00
   1.0880000e+00
   1.0880000e+00
   1.0880000e+00
   1.0880000e+00
   1.0880000e+00
   1.0880000e+00
   1.0880000e+00
   1.0880000e+00
   1.0880000e+00
   1.0880000e+00
   1.0880000e+00
   1.0880000e+00
   1.0880000e+00
   1.0880000e+00
   1.0880000e+00
   1.0880000e+00
   1.0880000e+00
   1.0880000e+00
   1.0870000e+00
   1.0870000e+00
   1.0870000e+00
   1.0870000e+00
   1.0870000e+00
   1.0870000e+00
   1.0870000e+00
   1.0870000e+00
   1.0870000e+00
   1.0870000e+00
   1.0870000e+00
   1.0870000e+00
   1.0870000e+00
   1.0870000e+00
   1.0870000e+00
   1.0870000e+00
   1.0870000e+00
   1.0870000e+00
   1.0870000e+00
   1.0870000e+00
   1.0870000e+00
   1.0870000e+00
   1.0870000e+00
   1.0870000e+00
   1.0870000e+00
   1.0870000e+00
   1.0870000e+00
   1.0870000e+00
   1.0870000e+00
   1.0870000e+00
   1.0870000e+00
   1.0870000e+00
   1.0870000e+00
   1.0870000e+00
   1.0870000e+00
   1.0870000e+00
   1.0870000e+00
   1.0870000e+00
   1.0870000e+00
   1.0870000e+00
   1.0870000e+00
   1.0870000e+00
   1.0870000e+00
   1.0870000e+00
   1.0870000e+00
   1.0870000e+00
   1.0870000e+00
   1.0870000e+00
   1.0870000e+00
   1.0870000e+00
   1.0870000e+00
   1.0870000e+00
   1.0870000e+00
   1.0870000e+00
   1.0870000e+00
   1.0870000e+00
   1.0870000e+00
   1.0870000e+00
   1.0870000e+00
   1.0870000e+00
   1.0870000e+00
   1.0870000e+00
   1.0870000e+00
   1.0870000e+00
   1.0870000e+00
   1.0870000e+00
   1.0880000e+00
   1.0880000e+00
   1.0880000e+00
   1.0880000e+00
   1.0880000e+00
   1.0880000e+00
   1.0880000e+00
   1.0880000e+00
   1.0880000e+00
   1.0880000e+00
   1.0880000e+00
   1.0880000e+00
   1.0880000e+00
   1.0880000e+00
   1.0880000e+00
   1.0880000e+00
   1.0880000e+00
   1.0880000e+00
   1.0880000e+00
   1.0880000e+00
   1.0880000e+00
   1.0880000e+00
   1.0880000e+00
   1.0880000e+00
   1.0880000e+00
   1.0880000e+00
   1.0880000e+00
   1.0880000e+00
   1.0880000e+00
   1.0880000e+00
   1.0880000e+00
   1.0880000e+00
   1.0880000e+00
   1.0880000e+00
   1.0880000e+00
   1.0880000e+00
   1.0880000e+00
   1.0880000e+00
   1.0880000e+00
   1.0890000e+00
   1.0890000e+00
   1.0890000e+00
   1.0890000e+00
   1.0890000e+00
   1.0890000e+00
   1.0890000e+00
   1.0890000e+00
   1.0890000e+00
   1.0890000e+00
   1.0890000e+00
   1.0890000e+00
   1.0890000e+00
   1.0890000e+00
   1.0890000e+00
   1.0890000e+00
   1.0890000e+00
   1.0890000e+00
   1.0890000e+00
   1.0890000e+00
   1.0890000e+00
   1.0890000e+00
   1.0890000e+00
   1.0890000e+00
   1.0890000e+00
   1.0890000e+00
   1.0890000e+00
   1.0890000e+00
   1.0890000e+00
   1.0890000e+00
   1.0890000e+00
   1.0890000e+00
   1.0890000e+00
   1.0890000e+00
   1.0890000e+00
   1.0890000e+00
   1.0890000e+00
   1.0890000e+00
   1.0890000e+00
   1.0890000e+00
   1.0890000e+00
   1.0890000e+00
   1.0890000e+00
   1.0890000e+00
   1.0890000e+00
   1.0890000e+00
   1.0890000e+00
   1.0890000e+00
   1.0890000e+00
   1.0890000e+00
   1.0890000e+00
   1.0890000e+00
   1.0890000e+00
   1.0890000e+00
   1.0890000e+00
   1.0890000e+00
   1.0890000e+00
   1.0900000e+00
   1.0900000e+00
   1.0900000e+00
   1.0900000e+00
   1.0900000e+00
   1.0900000e+00
   1.0900000e+00
   1.0900000e+00
   1.0900000e+00
   1.0900000e+00
   1.0900000e+00
   1.0900000e+00
   1.0900000e+00
   1.0900000e+00
   1.0900000e+00
   1.0900000e+00
   1.0900000e+00
   1.0900000e+00
   1.0900000e+00
   1.0900000e+00
   1.0900000e+00
   1.0900000e+00
   1.0900000e+00
   1.0900000e+00
   1.0900000e+00
   1.0900000e+00
   1.0900000e+00
   1.0900000e+00
   1.0900000e+00
   1.0900000e+00
   1.0900000e+00
   1.0900000e+00
   1.0900000e+00
   1.0900000e+00
   1.0900000e+00
   1.0900000e+00
   1.0900000e+00
   1.0900000e+00
   1.0900000e+00
   1.0900000e+00
   1.0900000e+00
   1.0910000e+00
   1.0910000e+00
   1.0910000e+00
   1.0910000e+00
   1.0910000e+00
   1.0910000e+00
   1.0910000e+00
   1.0910000e+00
   1.0910000e+00
   1.0910000e+00
   1.0910000e+00
   1.0910000e+00
   1.0910000e+00
   1.0910000e+00
   1.0910000e+00
   1.0910000e+00
   1.0910000e+00
   1.0910000e+00
   1.0910000e+00
   1.0910000e+00
   1.0910000e+00
   1.0910000e+00
   1.0910000e+00
   1.0910000e+00
   1.0910000e+00
   1.0910000e+00
   1.0910000e+00
   1.0910000e+00
   1.0910000e+00
   1.0910000e+00
   1.0910000e+00
   1.0910000e+00
   1.0910000e+00
   1.0910000e+00
   1.0910000e+00
   1.0910000e+00
   1.0910000e+00
   1.0910000e+00
   1.0910000e+00
   1.0910000e+00
   1.0910000e+00
   1.0910000e+00
   1.0910000e+00
   1.0910000e+00
   1.0910000e+00
   1.0910000e+00
   1.0910000e+00
   1.0910000e+00
   1.0910000e+00
   1.0910000e+00
   1.0910000e+00
   1.0910000e+00
   1.0910000e+00
   1.0910000e+00
   1.0910000e+00
   1.0910000e+00
   1.0910000e+00
   1.0910000e+00
   1.0910000e+00
   1.0900000e+00
   1.0900000e+00
   1.0900000e+00
   1.0900000e+00
   1.0900000e+00
   1.0900000e+00
   1.0900000e+00
   1.0900000e+00
   1.0900000e+00
   1.0900000e+00
   1.0900000e+00
   1.0900000e+00
   1.0900000e+00
   1.0900000e+00
   1.0900000e+00
   1.0900000e+00
   1.0900000e+00
   1.0900000e+00
   1.0900000e+00
   1.0900000e+00
   1.0900000e+00
   1.0900000e+00
   1.0900000e+00
   1.0900000e+00
   1.0890000e+00
   1.0890000e+00
   1.0890000e+00
   1.0890000e+00
   1.0890000e+00
   1.0890000e+00
   1.0890000e+00
   1.0890000e+00
   1.0890000e+00
   1.0890000e+00
   1.0890000e+00
   1.0890000e+00
   1.0890000e+00
   1.0890000e+00
   1.0890000e+00
   1.0890000e+00
   1.0890000e+00
   1.0890000e+00
   1.0890000e+00
   1.0890000e+00
   1.0880000e+00
   1.0880000e+00
   1.0880000e+00
   1.0880000e+00
   1.0880000e+00
   1.0880000e+00
   1.0880000e+00
   1.0880000e+00
   1.0880000e+00
   1.0880000e+00
   1.0880000e+00
   1.0880000e+00
   1.0880000e+00
   1.0880000e+00
   1.0880000e+00
   1.0880000e+00
   1.0880000e+00
   1.0870000e+00
   1.0870000e+00
   1.0870000e+00
   1.0870000e+00
   1.0870000e+00
   1.0870000e+00
   1.0870000e+00
   1.0870000e+00
   1.0870000e+00
   1.0870000e+00
   1.0870000e+00
   1.0870000e+00
   1.0870000e+00
   1.0870000e+00
   1.0870000e+00
   1.0870000e+00
   1.0860000e+00
   1.0860000e+00
   1.0860000e+00
   1.0860000e+00
   1.0860000e+00
   1.0860000e+00
   1.0860000e+00
   1.0860000e+00
   1.0860000e+00
   1.0860000e+00
   1.0860000e+00
   1.0860000e+00
   1.0860000e+00
   1.0860000e+00
   1.0860000e+00
   1.0850000e+00
   1.0850000e+00
   1.0850000e+00
   1.0850000e+00
   1.0850000e+00
   1.0850000e+00
   1.0850000e+00
   1.0850000e+00
   1.0850000e+00
   1.0850000e+00
   1.0850000e+00
   1.0850000e+00
   1.0850000e+00
   1.0850000e+00
   1.0850000e+00
   1.0840000e+00
   1.0840000e+00
   1.0840000e+00
   1.0840000e+00
   1.0840000e+00
   1.0840000e+00
   1.0840000e+00
   1.0840000e+00
   1.0840000e+00
   1.0840000e+00
   1.0840000e+00
   1.0840000e+00
   1.0840000e+00
   1.0840000e+00
   1.0840000e+00
   1.0840000e+00
   1.0830000e+00
   1.0830000e+00
   1.0830000e+00
   1.0830000e+00
   1.0830000e+00
   1.0830000e+00
   1.0830000e+00
   1.0830000e+00
   1.0830000e+00
   1.0830000e+00
   1.0830000e+00
   1.0830000e+00
   1.0830000e+00
   1.0830000e+00
   1.0830000e+00
   1.0820000e+00
   1.0820000e+00
   1.0820000e+00
   1.0820000e+00
   1.0820000e+00
   1.0820000e+00
   1.0820000e+00
   1.0820000e+00
   1.0820000e+00
   1.0820000e+00
   1.0820000e+00
   1.0820000e+00
   1.0820000e+00
   1.0820000e+00
   1.0820000e+00
   1.0820000e+00
   1.0810000e+00
   1.0810000e+00
   1.0810000e+00
   1.0810000e+00
   1.0810000e+00
   1.0810000e+00
   1.0810000e+00
   1.0810000e+00
   1.0810000e+00
   1.0810000e+00
   1.0810000e+00
   1.0810000e+00
   1.0810000e+00
   1.0810000e+00
   1.0810000e+00
   1.0800000e+00
   1.0800000e+00
   1.0800000e+00
   1.0800000e+00
   1.0800000e+00
   1.0800000e+00
   1.0800000e+00
   1.0800000e+00
   1.0800000e+00
   1.0800000e+00
   1.0800000e+00
   1.0800000e+00
   1.0800000e+00
   1.0800000e+00
   1.0800000e+00
   1.0800000e+00
   1.0790000e+00
   1.0790000e+00
   1.0790000e+00
   1.0790000e+00
   1.0790000e+00
   1.0790000e+00
   1.0790000e+00
   1.0790000e+00
   1.0790000e+00
   1.0790000e+00
   1.0790000e+00
   1.0790000e+00
   1.0790000e+00
   1.0790000e+00
   1.0790000e+00
   1.0780000e+00
   1.0780000e+00
   1.0780000e+00
   1.0780000e+00
   1.0780000e+00
   1.0780000e+00
   1.0780000e+00
   1.0780000e+00
   1.0780000e+00
   1.0780000e+00
   1.0780000e+00
   1.0780000e+00
   1.0780000e+00
   1.0780000e+00
   1.0780000e+00
   1.0780000e+00
   1.0770000e+00
   1.0770000e+00
   1.0770000e+00
   1.0770000e+00
   1.0770000e+00
   1.0770000e+00
   1.0770000e+00
   1.0770000e+00
   1.0770000e+00
   1.0770000e+00
   1.0770000e+00
   1.0770000e+00
   1.0770000e+00
   1.0770000e+00
   1.0770000e+00
   1.0770000e+00
   1.0760000e+00
   1.0760000e+00
   1.0760000e+00
   1.0760000e+00
   1.0760000e+00
   1.0760000e+00
   1.0760000e+00
   1.0760000e+00
   1.0760000e+00
   1.0760000e+00
   1.0760000e+00
   1.0760000e+00
   1.0760000e+00
   1.0760000e+00
   1.0760000e+00
   1.0760000e+00
   1.0750000e+00
   1.0750000e+00
   1.0750000e+00
   1.0750000e+00
   1.0750000e+00
   1.0750000e+00
   1.0750000e+00
   1.0750000e+00
   1.0750000e+00
   1.0750000e+00
   1.0750000e+00
   1.0750000e+00
   1.0750000e+00
   1.0750000e+00
   1.0750000e+00
   1.0750000e+00
   1.0740000e+00
   1.0740000e+00
   1.0740000e+00
   1.0740000e+00
   1.0740000e+00
   1.0740000e+00
   1.0740000e+00
   1.0740000e+00
   1.0740000e+00
   1.0740000e+00
   1.0740000e+00
   1.0740000e+00
   1.0740000e+00
   1.0740000e+00
   1.0740000e+00
   1.0740000e+00
   1.0730000e+00
   1.0730000e+00
   1.0730000e+00
   1.0730000e+00
   1.0730000e+00
   1.0730000e+00
   1.0730000e+00
   1.0730000e+00
   1.0730000e+00
   1.0730000e+00
   1.0730000e+00
   1.0730000e+00
   1.0730000e+00
   1.0730000e+00
   1.0730000e+00
   1.0730000e+00
   1.0720000e+00
   1.0720000e+00
   1.0720000e+00
   1.0720000e+00
   1.0720000e+00
   1.0720000e+00
   1.0720000e+00
   1.0720000e+00
   1.0720000e+00
   1.0720000e+00
   1.0720000e+00
   1.0720000e+00
   1.0720000e+00
   1.0720000e+00
   1.0720000e+00
   1.0720000e+00
   1.0720000e+00
   1.0710000e+00
   1.0710000e+00
   1.0710000e+00
   1.0710000e+00
   1.0710000e+00
   1.0710000e+00
   1.0710000e+00
   1.0710000e+00
   1.0710000e+00
   1.0710000e+00
   1.0710000e+00
   1.0710000e+00
   1.0710000e+00
   1.0710000e+00
   1.0710000e+00
   1.0710000e+00
   1.0710000e+00
   1.0700000e+00
   1.0700000e+00
   1.0700000e+00
   1.0700000e+00
   1.0700000e+00
   1.0700000e+00
   1.0700000e+00
   1.0700000e+00
   1.0700000e+00
   1.0700000e+00
   1.0700000e+00
   1.0700000e+00
   1.0700000e+00
   1.0700000e+00
   1.0700000e+00
   1.0700000e+00
   1.0690000e+00
   1.0690000e+00
   1.0690000e+00
   1.0690000e+00
   1.0690000e+00
   1.0690000e+00
   1.0690000e+00
   1.0690000e+00
   1.0690000e+00
   1.0690000e+00
   1.0690000e+00
   1.0690000e+00
   1.0690000e+00
   1.0690000e+00
   1.0690000e+00
   1.0690000e+00
   1.0680000e+00
   1.0680000e+00
   1.0680000e+00
   1.0680000e+00
   1.0680000e+00
   1.0680000e+00
   1.0680000e+00
   1.0680000e+00
   1.0680000e+00
   1.0680000e+00
   1.0680000e+00
   1.0680000e+00
   1.0680000e+00
   1.0680000e+00
   1.0680000e+00
   1.0670000e+00
   1.0670000e+00
   1.0670000e+00
   1.0670000e+00
   1.0670000e+00
   1.0670000e+00
   1.0670000e+00
   1.0670000e+00
   1.0670000e+00
   1.0670000e+00
   1.0670000e+00
   1.0670000e+00
   1.0670000e+00
   1.0670000e+00
   1.0670000e+00
   1.0660000e+00
   1.0660000e+00
   1.0660000e+00
   1.0660000e+00
   1.0660000e+00
   1.0660000e+00
   1.0660000e+00
   1.0660000e+00
   1.0660000e+00
   1.0660000e+00
   1.0660000e+00
   1.0660000e+00
   1.0660000e+00
   1.0660000e+00
   1.0650000e+00
   1.0650000e+00
   1.0650000e+00
   1.0650000e+00
   1.0650000e+00
   1.0650000e+00
   1.0650000e+00
   1.0650000e+00
   1.0650000e+00
   1.0650000e+00
   1.0650000e+00
   1.0650000e+00
   1.0650000e+00
   1.0650000e+00
   1.0640000e+00
   1.0640000e+00
   1.0640000e+00
   1.0640000e+00
   1.0640000e+00
   1.0640000e+00
   1.0640000e+00
   1.0640000e+00
   1.0640000e+00
   1.0640000e+00
   1.0640000e+00
   1.0640000e+00
   1.0640000e+00
   1.0640000e+00
   1.0630000e+00
   1.0630000e+00
   1.0630000e+00
   1.0630000e+00
   1.0630000e+00
   1.0630000e+00
   1.0630000e+00
   1.0630000e+00
   1.0630000e+00
   1.0630000e+00
   1.0630000e+00
   1.0630000e+00
   1.0630000e+00
   1.0630000e+00
   1.0620000e+00
   1.0620000e+00
   1.0620000e+00
   1.0620000e+00
   1.0620000e+00
   1.0620000e+00
   1.0620000e+00
   1.0620000e+00
   1.0620000e+00
   1.0620000e+00
   1.0620000e+00
   1.0620000e+00
   1.0620000e+00
   1.0610000e+00
   1.0610000e+00
   1.0610000e+00
   1.0610000e+00
   1.0610000e+00
   1.0610000e+00
   1.0610000e+00
   1.0610000e+00
   1.0610000e+00
   1.0610000e+00
   1.0610000e+00
   1.0610000e+00
   1.0610000e+00
   1.0610000e+00
   1.0600000e+00
   1.0600000e+00
   1.0600000e+00
   1.0600000e+00
   1.0600000e+00
   1.0600000e+00
   1.0600000e+00
   1.0600000e+00
   1.0600000e+00
   1.0600000e+00
   1.0600000e+00
   1.0600000e+00
   1.0600000e+00
   1.0600000e+00
   1.0590000e+00
   1.0590000e+00
   1.0590000e+00
   1.0590000e+00
   1.0590000e+00
   1.0590000e+00
   1.0590000e+00
   1.0590000e+00
   1.0590000e+00
   1.0590000e+00
   1.0590000e+00
   1.0590000e+00
   1.0590000e+00
   1.0590000e+00
   1.0580000e+00
   1.0580000e+00
   1.0580000e+00
   1.0580000e+00
   1.0580000e+00
   1.0580000e+00
   1.0580000e+00
   1.0580000e+00
   1.0580000e+00
   1.0580000e+00
   1.0580000e+00
   1.0580000e+00
   1.0580000e+00
   1.0580000e+00
   1.0570000e+00
   1.0570000e+00
   1.0570000e+00
   1.0570000e+00
   1.0570000e+00
   1.0570000e+00
   1.0570000e+00
   1.0570000e+00
   1.0570000e+00
   1.0570000e+00
   1.0570000e+00
   1.0570000e+00
   1.0570000e+00
   1.0570000e+00
   1.0560000e+00
   1.0560000e+00
   1.0560000e+00
   1.0560000e+00
   1.0560000e+00
   1.0560000e+00
   1.0560000e+00
   1.0560000e+00
   1.0560000e+00
   1.0560000e+00
   1.0560000e+00
   1.0560000e+00
   1.0560000e+00
   1.0560000e+00
   1.0550000e+00
   1.0550000e+00
   1.0550000e+00
   1.0550000e+00
   1.0550000e+00
   1.0550000e+00
   1.0550000e+00
   1.0550000e+00
   1.0550000e+00
   1.0550000e+00
   1.0550000e+00
   1.0550000e+00
   1.0550000e+00
   1.0550000e+00
   1.0540000e+00
   1.0540000e+00
   1.0540000e+00
   1.0540000e+00
   1.0540000e+00
   1.0540000e+00
   1.0540000e+00
   1.0540000e+00
   1.0540000e+00
   1.0540000e+00
   1.0540000e+00
   1.0540000e+00
   1.0540000e+00
   1.0540000e+00
   1.0540000e+00
   1.0530000e+00
   1.0530000e+00
   1.0530000e+00
   1.0530000e+00
   1.0530000e+00
   1.0530000e+00
   1.0530000e+00
   1.0530000e+00
   1.0530000e+00
   1.0530000e+00
   1.0530000e+00
   1.0530000e+00
   1.0530000e+00
   1.0530000e+00
   1.0520000e+00
   1.0520000e+00
   1.0520000e+00
   1.0520000e+00
   1.0520000e+00
   1.0520000e+00
   1.0520000e+00
   1.0520000e+00
   1.0520000e+00
   1.0520000e+00
   1.0520000e+00
   1.0520000e+00
   1.0520000e+00
   1.0520000e+00
   1.0520000e+00
   1.0510000e+00
   1.0510000e+00
   1.0510000e+00
   1.0510000e+00
   1.0510000e+00
   1.0510000e+00
   1.0510000e+00
   1.0510000e+00
   1.0510000e+00
   1.0510000e+00
   1.0510000e+00
   1.0510000e+00
   1.0510000e+00
   1.0510000e+00
   1.0510000e+00
   1.0500000e+00
   1.0500000e+00
   1.0500000e+00
   1.0500000e+00
   1.0500000e+00
   1.0500000e+00
   1.0500000e+00
   1.0500000e+00
   1.0500000e+00
   1.0500000e+00
   1.0500000e+00
   1.0500000e+00
   1.0500000e+00
   1.0500000e+00
   1.0500000e+00
   1.0500000e+00
   1.0490000e+00
   1.0490000e+00
   1.0490000e+00
   1.0490000e+00
   1.0490000e+00
   1.0490000e+00
   1.0490000e+00
   1.0490000e+00
   1.0490000e+00
   1.0490000e+00
   1.0490000e+00
   1.0490000e+00
   1.0490000e+00
   1.0490000e+00
   1.0490000e+00
   1.0490000e+00
   1.0480000e+00
   1.0480000e+00
   1.0480000e+00
   1.0480000e+00
   1.0480000e+00
   1.0480000e+00
   1.0480000e+00
   1.0480000e+00
   1.0480000e+00
   1.0480000e+00
   1.0480000e+00
   1.0480000e+00
   1.0480000e+00
   1.0480000e+00
   1.0480000e+00
   1.0480000e+00
   1.0480000e+00
   1.0480000e+00
   1.0470000e+00
   1.0470000e+00
   1.0470000e+00
   1.0470000e+00
   1.0470000e+00
   1.0470000e+00
   1.0470000e+00
   1.0470000e+00
   1.0470000e+00
   1.0470000e+00
   1.0470000e+00
   1.0470000e+00
   1.0470000e+00
   1.0470000e+00
   1.0470000e+00
   1.0470000e+00
   1.0470000e+00
   1.0470000e+00
   1.0470000e+00
   1.0470000e+00
   1.0470000e+00
   1.0470000e+00
   1.0470000e+00
   1.0470000e+00
   1.0470000e+00
   1.0470000e+00
   1.0470000e+00
   1.0470000e+00
   1.0470000e+00
   1.0470000e+00
   1.0470000e+00
   1.0470000e+00
   1.0470000e+00
   1.0470000e+00
   1.0470000e+00
   1.0470000e+00
   1.0470000e+00
   1.0470000e+00
   1.0470000e+00
   1.0470000e+00
   1.0470000e+00
   1.0470000e+00
   1.0470000e+00
   1.0470000e+00
   1.0470000e+00
   1.0470000e+00
   1.0470000e+00
   1.0470000e+00
   1.0470000e+00
   1.0470000e+00
   1.0470000e+00
   1.0470000e+00
   1.0470000e+00
   1.0470000e+00
   1.0470000e+00
   1.0470000e+00
   1.0470000e+00
   1.0470000e+00
   1.0470000e+00
   1.0470000e+00
   1.0470000e+00
   1.0470000e+00
   1.0470000e+00
   1.0470000e+00
   1.0470000e+00
   1.0470000e+00
   1.0470000e+00
   1.0470000e+00
   1.0470000e+00
   1.0470000e+00
   1.0470000e+00
   1.0480000e+00
   1.0480000e+00
   1.0480000e+00
   1.0480000e+00
   1.0480000e+00
   1.0480000e+00
   1.0480000e+00
   1.0480000e+00
   1.0480000e+00
   1.0480000e+00
   1.0480000e+00
   1.0480000e+00
   1.0480000e+00
   1.0480000e+00
   1.0480000e+00
   1.0480000e+00
   1.0480000e+00
   1.0480000e+00
   1.0480000e+00
   1.0480000e+00
   1.0480000e+00
   1.0480000e+00
   1.0480000e+00
   1.0480000e+00
   1.0480000e+00
   1.0480000e+00
   1.0480000e+00
   1.0480000e+00
   1.0480000e+00
   1.0480000e+00
   1.0480000e+00
   1.0480000e+00
   1.0480000e+00
   1.0480000e+00
   1.0480000e+00
   1.0480000e+00
   1.0480000e+00
   1.0480000e+00
   1.0480000e+00
   1.0480000e+00
   1.0480000e+00
   1.0480000e+00
   1.0480000e+00
   1.0480000e+00
   1.0480000e+00
   1.0480000e+00
   1.0480000e+00
   1.0480000e+00
   1.0480000e+00
   1.0480000e+00
   1.0480000e+00
   1.0480000e+00
   1.0480000e+00
   1.0480000e+00
   1.0480000e+00
   1.0480000e+00
   1.0480000e+00
   1.0480000e+00
   1.0480000e+00
   1.0480000e+00
   1.0480000e+00
   1.0480000e+00
   1.0480000e+00
   1.0480000e+00
   1.0480000e+00
   1.0480000e+00
   1.0470000e+00
   1.0470000e+00
   1.0470000e+00
   1.0470000e+00
   1.0470000e+00
   1.0470000e+00
   1.0470000e+00
   1.0470000e+00
   1.0470000e+00
   1.0470000e+00
   1.0470000e+00
   1.0470000e+00
   1.0470000e+00
   1.0470000e+00
   1.0470000e+00
   1.0470000e+00
   1.0470000e+00
   1.0470000e+00
   1.0470000e+00
   1.0470000e+00
   1.0470000e+00
   1.0470000e+00
   1.0470000e+00
   1.0470000e+00
   1.0470000e+00
   1.0470000e+00
   1.0470000e+00
   1.0460000e+00
   1.0460000e+00
   1.0460000e+00
   1.0460000e+00
   1.0460000e+00
   1.0460000e+00
   1.0460000e+00
   1.0460000e+00
   1.0460000e+00
   1.0460000e+00
   1.0460000e+00
   1.0460000e+00
   1.0460000e+00
   1.0460000e+00
   1.0460000e+00
   1.0460000e+00
   1.0460000e+00
   1.0460000e+00
   1.0460000e+00
   1.0460000e+00
   1.0460000e+00
   1.0450000e+00
   1.0450000e+00
   1.0450000e+00
   1.0450000e+00
   1.0450000e+00
   1.0450000e+00
   1.0450000e+00
   1.0450000e+00
   1.0450000e+00
   1.0450000e+00
   1.0450000e+00
   1.0450000e+00
   1.0450000e+00
   1.0450000e+00
   1.0450000e+00
   1.0450000e+00
   1.0450000e+00
   1.0450000e+00
   1.0450000e+00
   1.0440000e+00
   1.0440000e+00
   1.0440000e+00
   1.0440000e+00
   1.0440000e+00
   1.0440000e+00
   1.0440000e+00
   1.0440000e+00
   1.0440000e+00
   1.0440000e+00
   1.0440000e+00
   1.0440000e+00
   1.0440000e+00
   1.0440000e+00
   1.0440000e+00
   1.0440000e+00
   1.0440000e+00
   1.0440000e+00
   1.0440000e+00
   1.0430000e+00
   1.0430000e+00
   1.0430000e+00
   1.0430000e+00
   1.0430000e+00
   1.0430000e+00
   1.0430000e+00
   1.0430000e+00
   1.0430000e+00
   1.0430000e+00
   1.0430000e+00
   1.0430000e+00
   1.0430000e+00
   1.0430000e+00
   1.0430000e+00
   1.0430000e+00
   1.0430000e+00
   1.0430000e+00
   1.0430000e+00
   1.0420000e+00
   1.0420000e+00
   1.0420000e+00
   1.0420000e+00
   1.0420000e+00
   1.0420000e+00
   1.0420000e+00
   1.0420000e+00
   1.0420000e+00
   1.0420000e+00
   1.0420000e+00
   1.0420000e+00
   1.0420000e+00
   1.0420000e+00
   1.0420000e+00
   1.0420000e+00
   1.0420000e+00
   1.0420000e+00
   1.0420000e+00
   1.0420000e+00
   1.0410000e+00
   1.0410000e+00
   1.0410000e+00
   1.0410000e+00
   1.0410000e+00
   1.0410000e+00
   1.0410000e+00
   1.0410000e+00
   1.0410000e+00
   1.0410000e+00
   1.0410000e+00
   1.0410000e+00
   1.0410000e+00
   1.0410000e+00
   1.0410000e+00
   1.0410000e+00
   1.0410000e+00
   1.0410000e+00
   1.0410000e+00
   1.0410000e+00
   1.0410000e+00
   1.0410000e+00
   1.0400000e+00
   1.0400000e+00
   1.0400000e+00
   1.0400000e+00
   1.0400000e+00
   1.0400000e+00
   1.0400000e+00
   1.0400000e+00
   1.0400000e+00
   1.0400000e+00
   1.0400000e+00
   1.0400000e+00
   1.0400000e+00
   1.0400000e+00
   1.0400000e+00
   1.0400000e+00
   1.0400000e+00
   1.0400000e+00
   1.0400000e+00
   1.0400000e+00
   1.0400000e+00
   1.0400000e+00
   1.0400000e+00
   1.0400000e+00
   1.0400000e+00
   1.0400000e+00
   1.0400000e+00
   1.0400000e+00
   1.0400000e+00
   1.0400000e+00
   1.0400000e+00
   1.0390000e+00
   1.0390000e+00
   1.0390000e+00
   1.0390000e+00
   1.0390000e+00
   1.0390000e+00
   1.0390000e+00
   1.0390000e+00
   1.0390000e+00
   1.0390000e+00
   1.0390000e+00
   1.0390000e+00
   1.0390000e+00
   1.0390000e+00
   1.0390000e+00
   1.0390000e+00
   1.0390000e+00
   1.0390000e+00
   1.0390000e+00
   1.0390000e+00
   1.0390000e+00
   1.0390000e+00
   1.0390000e+00
   1.0390000e+00
   1.0390000e+00
   1.0390000e+00
   1.0390000e+00
   1.0390000e+00
   1.0390000e+00
   1.0390000e+00
   1.0390000e+00
   1.0390000e+00
   1.0390000e+00
   1.0390000e+00
   1.0390000e+00
   1.0390000e+00
   1.0390000e+00
   1.0390000e+00
   1.0390000e+00
   1.0390000e+00
   1.0390000e+00
   1.0390000e+00
   1.0380000e+00
   1.0380000e+00
   1.0380000e+00
   1.0380000e+00
   1.0380000e+00
   1.0380000e+00
   1.0380000e+00
   1.0380000e+00
   1.0380000e+00
   1.0380000e+00
   1.0380000e+00
   1.0380000e+00
   1.0380000e+00
   1.0380000e+00
   1.0380000e+00
   1.0380000e+00
   1.0380000e+00
   1.0380000e+00
   1.0380000e+00
   1.0380000e+00
   1.0380000e+00
   1.0380000e+00
   1.0380000e+00
   1.0380000e+00
   1.0380000e+00
   1.0380000e+00
   1.0380000e+00
   1.0380000e+00
   1.0380000e+00
   1.0380000e+00
   1.0380000e+00
   1.0380000e+00
   1.0370000e+00
   1.0370000e+00
   1.0370000e+00
   1.0370000e+00
   1.0370000e+00
   1.0370000e+00
   1.0370000e+00
   1.0370000e+00
   1.0370000e+00
   1.0370000e+00
   1.0370000e+00
   1.0370000e+00
   1.0370000e+00
   1.0370000e+00
   1.0370000e+00
   1.0370000e+00
   1.0370000e+00
   1.0370000e+00
   1.0370000e+00
   1.0370000e+00
   1.0370000e+00
   1.0370000e+00
   1.0370000e+00
   1.0370000e+00
   1.0370000e+00
   1.0360000e+00
   1.0360000e+00
   1.0360000e+00
   1.0360000e+00
   1.0360000e+00
   1.0360000e+00
   1.0360000e+00
   1.0360000e+00
   1.0360000e+00
   1.0360000e+00
   1.0360000e+00
   1.0360000e+00
   1.0360000e+00
   1.0360000e+00
   1.0360000e+00
   1.0360000e+00
   1.0360000e+00
   1.0360000e+00
   1.0360000e+00
   1.0360000e+00
   1.0360000e+00
   1.0360000e+00
   1.0360000e+00
   1.0360000e+00
   1.0360000e+00
   1.0360000e+00
   1.0360000e+00
   1.0360000e+00
   1.0360000e+00
   1.0360000e+00
   1.0360000e+00
   1.0360000e+00
   1.0350000e+00
   1.0350000e+00
   1.0350000e+00
   1.0350000e+00
   1.0350000e+00
   1.0350000e+00
   1.0350000e+00
   1.0350000e+00
   1.0350000e+00
   1.0350000e+00
   1.0350000e+00
   1.0350000e+00
   1.0350000e+00
   1.0350000e+00
   1.0350000e+00
   1.0350000e+00
   1.0350000e+00
   1.0350000e+00
   1.0350000e+00
   1.0350000e+00
   1.0350000e+00
   1.0350000e+00
   1.0350000e+00
   1.0350000e+00
   1.0350000e+00
   1.0350000e+00
   1.0350000e+00
   1.0350000e+00
   1.0350000e+00
   1.0350000e+00
   1.0350000e+00
   1.0350000e+00
   1.0350000e+00
   1.0340000e+00
   1.0340000e+00
   1.0340000e+00
   1.0340000e+00
   1.0340000e+00
