   5.5770000e+00
   5.5760000e+00
   5.5760000e+00
   5.5750000e+00
   5.5750000e+00
   5.5740000e+00
   5.5740000e+00
   5.5730000e+00
   5.5730000e+00
   5.5720000e+00
   5.5720000e+00
   5.5710000e+00
   5.5710000e+00
   5.5710000e+00
   5.5710000e+00
   5.5700000e+00
   5.5700000e+00
   5.5690000e+00
   5.5690000e+00
   5.5680000e+00
   5.5680000e+00
   5.5680000e+00
   5.5670000e+00
   5.5670000e+00
   5.5680000e+00
   5.5670000e+00
   5.5670000e+00
   5.5670000e+00
   5.5670000e+00
   5.5670000e+00
   5.5670000e+00
   5.5670000e+00
   5.5670000e+00
   5.5670000e+00
   5.5670000e+00
   5.5660000e+00
   5.5660000e+00
   5.5660000e+00
   5.5660000e+00
   5.5650000e+00
   5.5650000e+00
   5.5650000e+00
   5.5650000e+00
   5.5640000e+00
   5.5640000e+00
   5.5640000e+00
   5.5640000e+00
   5.5640000e+00
   5.5630000e+00
   5.5640000e+00
   5.5630000e+00
   5.5630000e+00
   5.5630000e+00
   5.5630000e+00
   5.5620000e+00
   5.5620000e+00
   5.5620000e+00
   5.5620000e+00
   5.5610000e+00
   5.5610000e+00
   5.5610000e+00
   5.5600000e+00
   5.5600000e+00
   5.5600000e+00
   5.5590000e+00
   5.5590000e+00
   5.5590000e+00
   5.5590000e+00
   5.5580000e+00
   5.5580000e+00
   5.5580000e+00
   5.5570000e+00
   5.5570000e+00
   5.5570000e+00
   5.5570000e+00
   5.5570000e+00
   5.5560000e+00
   5.5560000e+00
   5.5560000e+00
   5.5560000e+00
   5.5560000e+00
   5.5560000e+00
   5.5550000e+00
   5.5550000e+00
   5.5550000e+00
   5.5550000e+00
   5.5550000e+00
   5.5550000e+00
   5.5540000e+00
   5.5540000e+00
   5.5540000e+00
   5.5540000e+00
   5.5540000e+00
   5.5530000e+00
   5.5530000e+00
   5.5530000e+00
   5.5530000e+00
   5.5520000e+00
   5.5520000e+00
   5.5520000e+00
   5.5510000e+00
   5.5510000e+00
   5.5510000e+00
   5.5500000e+00
   5.5500000e+00
   5.5490000e+00
   5.5490000e+00
   5.5480000e+00
   5.5480000e+00
   5.5480000e+00
   5.5480000e+00
   5.5470000e+00
   5.5470000e+00
   5.5470000e+00
   5.5470000e+00
   5.5460000e+00
   5.5460000e+00
   5.5460000e+00
   5.5460000e+00
   5.5460000e+00
   5.5460000e+00
   5.5460000e+00
   5.5460000e+00
   5.5460000e+00
   5.5460000e+00
   5.5470000e+00
   5.5470000e+00
   5.5470000e+00
   5.5480000e+00
   5.5490000e+00
   5.5500000e+00
   5.5500000e+00
   5.5510000e+00
   5.5530000e+00
   5.5540000e+00
   5.5550000e+00
   5.5570000e+00
   5.5580000e+00
   5.5600000e+00
   5.5610000e+00
   5.5630000e+00
   5.5650000e+00
   5.5670000e+00
   5.5680000e+00
   5.5710000e+00
   5.5730000e+00
   5.5750000e+00
   5.5770000e+00
   5.5790000e+00
   5.5810000e+00
   5.5830000e+00
   5.5860000e+00
   5.5880000e+00
   5.5900000e+00
   5.5920000e+00
   5.5940000e+00
   5.5960000e+00
   5.5980000e+00
   5.6000000e+00
   5.6020000e+00
   5.6040000e+00
   5.6060000e+00
   5.6080000e+00
   5.6100000e+00
   5.6120000e+00
   5.6130000e+00
   5.6160000e+00
   5.6170000e+00
   5.6190000e+00
   5.6210000e+00
   5.6230000e+00
   5.6250000e+00
   5.6270000e+00
   5.6290000e+00
   5.6300000e+00
   5.6320000e+00
   5.6340000e+00
   5.6360000e+00
   5.6370000e+00
   5.6380000e+00
   5.6400000e+00
   5.6410000e+00
   5.6420000e+00
   5.6430000e+00
   5.6440000e+00
   5.6450000e+00
   5.6450000e+00
   5.6460000e+00
   5.6470000e+00
   5.6470000e+00
   5.6470000e+00
   5.6480000e+00
   5.6470000e+00
   5.6470000e+00
   5.6470000e+00
   5.6470000e+00
   5.6470000e+00
   5.6460000e+00
   5.6460000e+00
   5.6450000e+00
   5.6450000e+00
   5.6440000e+00
   5.6430000e+00
   5.6420000e+00
   5.6410000e+00
   5.6400000e+00
   5.6390000e+00
   5.6380000e+00
   5.6370000e+00
   5.6360000e+00
   5.6350000e+00
   5.6340000e+00
   5.6330000e+00
   5.6310000e+00
   5.6300000e+00
   5.6290000e+00
   5.6280000e+00
   5.6270000e+00
   5.6250000e+00
   5.6240000e+00
   5.6220000e+00
   5.6210000e+00
   5.6200000e+00
   5.6180000e+00
   5.6170000e+00
   5.6160000e+00
   5.6140000e+00
   5.6130000e+00
   5.6120000e+00
   5.6100000e+00
   5.6090000e+00
   5.6080000e+00
   5.6070000e+00
   5.6050000e+00
   5.6040000e+00
   5.6030000e+00
   5.6020000e+00
   5.6010000e+00
   5.6000000e+00
   5.5990000e+00
   5.5980000e+00
   5.5970000e+00
   5.5960000e+00
   5.5950000e+00
   5.5940000e+00
   5.5930000e+00
   5.5920000e+00
   5.5910000e+00
   5.5900000e+00
   5.5890000e+00
   5.5880000e+00
   5.5880000e+00
   5.5870000e+00
   5.5860000e+00
   5.5860000e+00
   5.5850000e+00
   5.5840000e+00
   5.5840000e+00
   5.5830000e+00
   5.5830000e+00
   5.5820000e+00
   5.5810000e+00
   5.5800000e+00
   5.5790000e+00
   5.5780000e+00
   5.5780000e+00
   5.5770000e+00
   5.5760000e+00
   5.5750000e+00
   5.5740000e+00
   5.5740000e+00
   5.5730000e+00
   5.5720000e+00
   5.5710000e+00
   5.5710000e+00
   5.5700000e+00
   5.5700000e+00
   5.5690000e+00
   5.5680000e+00
   5.5680000e+00
   5.5670000e+00
   5.5670000e+00
   5.5660000e+00
   5.5650000e+00
   5.5650000e+00
   5.5640000e+00
   5.5630000e+00
   5.5630000e+00
   5.5620000e+00
   5.5620000e+00
   5.5610000e+00
   5.5600000e+00
   5.5600000e+00
   5.5590000e+00
   5.5590000e+00
   5.5580000e+00
   5.5580000e+00
   5.5570000e+00
   5.5560000e+00
   5.5560000e+00
   5.5550000e+00
   5.5550000e+00
   5.5540000e+00
   5.5530000e+00
   5.5530000e+00
   5.5520000e+00
   5.5520000e+00
   5.5510000e+00
   5.5510000e+00
   5.5500000e+00
   5.5500000e+00
   5.5500000e+00
   5.5500000e+00
   5.5500000e+00
   5.5500000e+00
   5.5510000e+00
   5.5520000e+00
   5.5530000e+00
   5.5540000e+00
   5.5550000e+00
   5.5570000e+00
   5.5590000e+00
   5.5610000e+00
   5.5640000e+00
   5.5670000e+00
   5.5700000e+00
   5.5740000e+00
   5.5770000e+00
   5.5810000e+00
   5.5850000e+00
   5.5900000e+00
   5.5940000e+00
   5.5990000e+00
   5.6040000e+00
   5.6090000e+00
   5.6140000e+00
   5.6200000e+00
   5.6250000e+00
   5.6310000e+00
   5.6370000e+00
   5.6430000e+00
   5.6490000e+00
   5.6550000e+00
   5.6620000e+00
   5.6680000e+00
   5.6740000e+00
   5.6800000e+00
   5.6860000e+00
   5.6920000e+00
   5.6980000e+00
   5.7040000e+00
   5.7100000e+00
   5.7150000e+00
   5.7210000e+00
   5.7260000e+00
   5.7310000e+00
   5.7360000e+00
   5.7410000e+00
   5.7450000e+00
   5.7500000e+00
   5.7540000e+00
   5.7570000e+00
   5.7610000e+00
   5.7650000e+00
   5.7690000e+00
   5.7720000e+00
   5.7760000e+00
   5.7800000e+00
   5.7850000e+00
   5.7890000e+00
   5.7920000e+00
   5.7950000e+00
   5.7980000e+00
   5.8000000e+00
   5.8030000e+00
   5.8040000e+00
   5.8060000e+00
   5.8080000e+00
   5.8090000e+00
   5.8110000e+00
   5.8130000e+00
   5.8150000e+00
   5.8170000e+00
   5.8190000e+00
   5.8200000e+00
   5.8210000e+00
   5.8230000e+00
   5.8240000e+00
   5.8250000e+00
   5.8260000e+00
   5.8260000e+00
   5.8270000e+00
   5.8270000e+00
   5.8270000e+00
   5.8280000e+00
   5.8280000e+00
   5.8280000e+00
   5.8290000e+00
   5.8290000e+00
   5.8290000e+00
   5.8300000e+00
   5.8310000e+00
   5.8320000e+00
   5.8330000e+00
   5.8330000e+00
   5.8340000e+00
   5.8350000e+00
   5.8350000e+00
   5.8360000e+00
   5.8370000e+00
   5.8370000e+00
   5.8380000e+00
   5.8390000e+00
   5.8400000e+00
   5.8410000e+00
   5.8420000e+00
   5.8430000e+00
   5.8440000e+00
   5.8450000e+00
   5.8460000e+00
   5.8480000e+00
   5.8490000e+00
   5.8500000e+00
   5.8510000e+00
   5.8530000e+00
   5.8550000e+00
   5.8560000e+00
   5.8570000e+00
   5.8590000e+00
   5.8610000e+00
   5.8630000e+00
   5.8650000e+00
   5.8660000e+00
   5.8680000e+00
   5.8700000e+00
   5.8710000e+00
   5.8730000e+00
   5.8740000e+00
   5.8750000e+00
   5.8760000e+00
   5.8770000e+00
   5.8780000e+00
   5.8780000e+00
   5.8790000e+00
   5.8790000e+00
   5.8790000e+00
   5.8790000e+00
   5.8780000e+00
   5.8780000e+00
   5.8770000e+00
   5.8760000e+00
   5.8750000e+00
   5.8740000e+00
   5.8730000e+00
   5.8720000e+00
   5.8700000e+00
   5.8690000e+00
   5.8670000e+00
   5.8660000e+00
   5.8640000e+00
   5.8630000e+00
   5.8610000e+00
   5.8600000e+00
   5.8580000e+00
   5.8570000e+00
   5.8550000e+00
   5.8530000e+00
   5.8510000e+00
   5.8500000e+00
   5.8480000e+00
   5.8460000e+00
   5.8440000e+00
   5.8420000e+00
   5.8400000e+00
   5.8380000e+00
   5.8350000e+00
   5.8330000e+00
   5.8310000e+00
   5.8280000e+00
   5.8250000e+00
   5.8230000e+00
   5.8200000e+00
   5.8180000e+00
   5.8150000e+00
   5.8120000e+00
   5.8100000e+00
   5.8070000e+00
   5.8040000e+00
   5.8020000e+00
   5.7990000e+00
   5.7970000e+00
   5.7940000e+00
   5.7910000e+00
   5.7890000e+00
   5.7860000e+00
   5.7830000e+00
   5.7810000e+00
   5.7790000e+00
   5.7760000e+00
   5.7740000e+00
   5.7720000e+00
   5.7690000e+00
   5.7670000e+00
   5.7650000e+00
   5.7630000e+00
   5.7610000e+00
   5.7600000e+00
   5.7580000e+00
   5.7560000e+00
   5.7540000e+00
   5.7530000e+00
   5.7510000e+00
   5.7490000e+00
   5.7480000e+00
   5.7460000e+00
   5.7450000e+00
   5.7430000e+00
   5.7420000e+00
   5.7400000e+00
   5.7390000e+00
   5.7370000e+00
   5.7360000e+00
   5.7350000e+00
   5.7330000e+00
   5.7320000e+00
   5.7310000e+00
   5.7300000e+00
   5.7280000e+00
   5.7270000e+00
   5.7260000e+00
   5.7250000e+00
   5.7230000e+00
   5.7220000e+00
   5.7200000e+00
   5.7190000e+00
   5.7180000e+00
   5.7170000e+00
   5.7160000e+00
   5.7150000e+00
   5.7140000e+00
   5.7130000e+00
   5.7120000e+00
   5.7120000e+00
   5.7110000e+00
   5.7110000e+00
   5.7110000e+00
   5.7110000e+00
   5.7110000e+00
   5.7110000e+00
   5.7120000e+00
   5.7120000e+00
   5.7130000e+00
   5.7140000e+00
   5.7150000e+00
   5.7170000e+00
   5.7180000e+00
   5.7200000e+00
   5.7220000e+00
   5.7240000e+00
   5.7260000e+00
   5.7280000e+00
   5.7310000e+00
   5.7340000e+00
   5.7370000e+00
   5.7400000e+00
   5.7430000e+00
   5.7460000e+00
   5.7500000e+00
   5.7530000e+00
   5.7560000e+00
   5.7590000e+00
   5.7620000e+00
   5.7650000e+00
   5.7680000e+00
   5.7710000e+00
   5.7730000e+00
   5.7760000e+00
   5.7780000e+00
   5.7810000e+00
   5.7830000e+00
   5.7840000e+00
   5.7860000e+00
   5.7880000e+00
   5.7890000e+00
   5.7910000e+00
   5.7910000e+00
   5.7930000e+00
   5.7940000e+00
   5.7950000e+00
   5.7950000e+00
   5.7950000e+00
   5.7960000e+00
   5.7960000e+00
   5.7960000e+00
   5.7970000e+00
   5.7970000e+00
   5.7970000e+00
   5.7970000e+00
   5.7970000e+00
   5.7970000e+00
   5.7970000e+00
   5.7970000e+00
   5.7960000e+00
   5.7960000e+00
   5.7950000e+00
   5.7950000e+00
   5.7950000e+00
   5.7940000e+00
   5.7930000e+00
   5.7930000e+00
   5.7920000e+00
   5.7910000e+00
   5.7900000e+00
   5.7890000e+00
   5.7880000e+00
   5.7870000e+00
   5.7860000e+00
   5.7850000e+00
   5.7830000e+00
   5.7820000e+00
   5.7810000e+00
   5.7800000e+00
   5.7780000e+00
   5.7770000e+00
   5.7750000e+00
   5.7740000e+00
   5.7720000e+00
   5.7700000e+00
   5.7690000e+00
   5.7670000e+00
   5.7660000e+00
   5.7640000e+00
   5.7630000e+00
   5.7610000e+00
   5.7590000e+00
   5.7570000e+00
   5.7560000e+00
   5.7540000e+00
   5.7520000e+00
   5.7500000e+00
   5.7490000e+00
   5.7470000e+00
   5.7450000e+00
   5.7440000e+00
   5.7420000e+00
   5.7410000e+00
   5.7390000e+00
   5.7380000e+00
   5.7360000e+00
   5.7350000e+00
   5.7330000e+00
   5.7320000e+00
   5.7310000e+00
   5.7290000e+00
   5.7280000e+00
   5.7270000e+00
   5.7250000e+00
   5.7240000e+00
   5.7230000e+00
   5.7220000e+00
   5.7200000e+00
   5.7190000e+00
   5.7180000e+00
   5.7170000e+00
   5.7150000e+00
   5.7140000e+00
   5.7130000e+00
   5.7110000e+00
   5.7100000e+00
   5.7090000e+00
   5.7080000e+00
   5.7070000e+00
   5.7060000e+00
   5.7050000e+00
   5.7040000e+00
   5.7030000e+00
   5.7020000e+00
   5.7010000e+00
   5.7000000e+00
   5.6990000e+00
   5.6980000e+00
   5.6980000e+00
   5.6970000e+00
   5.6960000e+00
   5.6950000e+00
   5.6940000e+00
   5.6940000e+00
   5.6930000e+00
   5.6920000e+00
   5.6920000e+00
   5.6910000e+00
   5.6900000e+00
   5.6900000e+00
   5.6890000e+00
   5.6880000e+00
   5.6870000e+00
   5.6870000e+00
   5.6860000e+00
   5.6850000e+00
   5.6850000e+00
   5.6840000e+00
   5.6840000e+00
   5.6830000e+00
   5.6830000e+00
   5.6820000e+00
   5.6820000e+00
   5.6810000e+00
   5.6810000e+00
   5.6810000e+00
   5.6800000e+00
   5.6800000e+00
   5.6800000e+00
   5.6790000e+00
   5.6790000e+00
   5.6790000e+00
   5.6790000e+00
   5.6790000e+00
   5.6790000e+00
   5.6790000e+00
   5.6790000e+00
   5.6780000e+00
   5.6790000e+00
   5.6790000e+00
   5.6790000e+00
   5.6790000e+00
   5.6790000e+00
   5.6790000e+00
   5.6790000e+00
   5.6800000e+00
   5.6800000e+00
   5.6800000e+00
   5.6800000e+00
   5.6810000e+00
   5.6810000e+00
   5.6810000e+00
   5.6810000e+00
   5.6810000e+00
   5.6820000e+00
   5.6820000e+00
   5.6820000e+00
   5.6830000e+00
   5.6830000e+00
   5.6840000e+00
   5.6840000e+00
   5.6840000e+00
   5.6850000e+00
   5.6850000e+00
   5.6860000e+00
   5.6860000e+00
   5.6860000e+00
   5.6870000e+00
   5.6880000e+00
   5.6880000e+00
   5.6890000e+00
   5.6890000e+00
   5.6900000e+00
   5.6900000e+00
   5.6910000e+00
   5.6910000e+00
   5.6910000e+00
   5.6920000e+00
   5.6920000e+00
   5.6930000e+00
   5.6930000e+00
   5.6930000e+00
   5.6930000e+00
   5.6930000e+00
   5.6940000e+00
   5.6940000e+00
   5.6940000e+00
   5.6940000e+00
   5.6940000e+00
   5.6940000e+00
   5.6930000e+00
   5.6930000e+00
   5.6930000e+00
   5.6930000e+00
   5.6920000e+00
   5.6920000e+00
   5.6920000e+00
   5.6910000e+00
   5.6910000e+00
   5.6900000e+00
   5.6900000e+00
   5.6890000e+00
   5.6890000e+00
   5.6890000e+00
   5.6890000e+00
   5.6880000e+00
   5.6880000e+00
   5.6870000e+00
   5.6870000e+00
   5.6860000e+00
   5.6860000e+00
   5.6850000e+00
   5.6850000e+00
   5.6840000e+00
   5.6840000e+00
   5.6830000e+00
   5.6830000e+00
   5.6820000e+00
   5.6810000e+00
   5.6810000e+00
   5.6800000e+00
   5.6800000e+00
   5.6790000e+00
   5.6790000e+00
   5.6780000e+00
   5.6780000e+00
   5.6780000e+00
   5.6780000e+00
   5.6780000e+00
   5.6790000e+00
   5.6790000e+00
   5.6790000e+00
   5.6790000e+00
   5.6800000e+00
   5.6800000e+00
   5.6810000e+00
   5.6820000e+00
   5.6830000e+00
   5.6850000e+00
   5.6860000e+00
   5.6880000e+00
   5.6910000e+00
   5.6930000e+00
   5.6960000e+00
   5.6990000e+00
   5.7030000e+00
   5.7070000e+00
   5.7110000e+00
   5.7150000e+00
   5.7200000e+00
   5.7250000e+00
   5.7300000e+00
   5.7350000e+00
   5.7410000e+00
   5.7460000e+00
   5.7520000e+00
   5.7580000e+00
   5.7630000e+00
   5.7700000e+00
   5.7760000e+00
   5.7820000e+00
   5.7880000e+00
   5.7940000e+00
   5.8000000e+00
   5.8060000e+00
   5.8120000e+00
   5.8180000e+00
   5.8240000e+00
   5.8300000e+00
   5.8370000e+00
   5.8440000e+00
   5.8500000e+00
   5.8560000e+00
   5.8620000e+00
   5.8680000e+00
   5.8730000e+00
   5.8780000e+00
   5.8820000e+00
   5.8860000e+00
   5.8900000e+00
   5.8930000e+00
   5.8960000e+00
   5.8980000e+00
   5.9010000e+00
   5.9020000e+00
   5.9040000e+00
   5.9050000e+00
   5.9060000e+00
   5.9070000e+00
   5.9070000e+00
   5.9070000e+00
   5.9070000e+00
   5.9080000e+00
   5.9070000e+00
   5.9070000e+00
   5.9070000e+00
   5.9060000e+00
   5.9050000e+00
   5.9040000e+00
   5.9030000e+00
   5.9010000e+00
   5.9000000e+00
   5.8990000e+00
   5.8970000e+00
   5.8960000e+00
   5.8950000e+00
   5.8940000e+00
   5.8920000e+00
   5.8910000e+00
   5.8890000e+00
   5.8870000e+00
   5.8850000e+00
   5.8830000e+00
   5.8800000e+00
   5.8780000e+00
   5.8750000e+00
   5.8730000e+00
   5.8700000e+00
   5.8670000e+00
   5.8650000e+00
   5.8620000e+00
   5.8590000e+00
   5.8560000e+00
   5.8540000e+00
   5.8510000e+00
   5.8480000e+00
   5.8450000e+00
   5.8420000e+00
   5.8400000e+00
   5.8370000e+00
   5.8340000e+00
   5.8320000e+00
   5.8290000e+00
   5.8270000e+00
   5.8240000e+00
   5.8220000e+00
   5.8190000e+00
   5.8170000e+00
   5.8140000e+00
   5.8120000e+00
   5.8100000e+00
   5.8080000e+00
   5.8050000e+00
   5.8030000e+00
   5.8010000e+00
   5.7990000e+00
   5.7980000e+00
   5.7960000e+00
   5.7940000e+00
   5.7920000e+00
   5.7900000e+00
   5.7880000e+00
   5.7870000e+00
   5.7850000e+00
   5.7830000e+00
   5.7820000e+00
   5.7800000e+00
   5.7790000e+00
   5.7770000e+00
   5.7760000e+00
   5.7740000e+00
   5.7730000e+00
   5.7710000e+00
   5.7700000e+00
   5.7680000e+00
   5.7670000e+00
   5.7650000e+00
   5.7640000e+00
   5.7630000e+00
   5.7620000e+00
   5.7600000e+00
   5.7590000e+00
   5.7580000e+00
   5.7570000e+00
   5.7560000e+00
   5.7550000e+00
   5.7540000e+00
   5.7530000e+00
   5.7520000e+00
   5.7510000e+00
   5.7500000e+00
   5.7490000e+00
   5.7490000e+00
   5.7480000e+00
   5.7470000e+00
   5.7470000e+00
   5.7460000e+00
   5.7450000e+00
   5.7450000e+00
   5.7440000e+00
   5.7430000e+00
   5.7430000e+00
   5.7420000e+00
   5.7420000e+00
   5.7410000e+00
   5.7410000e+00
   5.7410000e+00
   5.7400000e+00
   5.7400000e+00
   5.7390000e+00
   5.7390000e+00
   5.7380000e+00
   5.7370000e+00
   5.7370000e+00
   5.7360000e+00
   5.7360000e+00
   5.7350000e+00
   5.7350000e+00
   5.7350000e+00
   5.7340000e+00
   5.7340000e+00
   5.7340000e+00
   5.7330000e+00
   5.7330000e+00
   5.7330000e+00
   5.7320000e+00
   5.7320000e+00
   5.7310000e+00
   5.7310000e+00
   5.7310000e+00
   5.7300000e+00
   5.7300000e+00
   5.7300000e+00
   5.7290000e+00
   5.7290000e+00
   5.7290000e+00
   5.7290000e+00
   5.7290000e+00
   5.7280000e+00
   5.7290000e+00
   5.7280000e+00
   5.7290000e+00
   5.7290000e+00
   5.7290000e+00
   5.7290000e+00
   5.7290000e+00
   5.7300000e+00
   5.7300000e+00
   5.7310000e+00
   5.7310000e+00
   5.7310000e+00
   5.7320000e+00
   5.7320000e+00
   5.7320000e+00
   5.7330000e+00
   5.7330000e+00
   5.7330000e+00
   5.7340000e+00
   5.7340000e+00
   5.7340000e+00
   5.7350000e+00
   5.7350000e+00
   5.7350000e+00
   5.7350000e+00
   5.7360000e+00
   5.7360000e+00
   5.7360000e+00
   5.7360000e+00
   5.7360000e+00
   5.7360000e+00
   5.7360000e+00
   5.7360000e+00
   5.7360000e+00
   5.7360000e+00
   5.7350000e+00
   5.7360000e+00
   5.7360000e+00
   5.7360000e+00
   5.7360000e+00
   5.7360000e+00
   5.7360000e+00
   5.7360000e+00
   5.7360000e+00
   5.7360000e+00
   5.7360000e+00
   5.7360000e+00
   5.7360000e+00
   5.7370000e+00
   5.7370000e+00
   5.7380000e+00
   5.7380000e+00
   5.7390000e+00
   5.7400000e+00
   5.7410000e+00
   5.7430000e+00
   5.7440000e+00
   5.7460000e+00
   5.7470000e+00
   5.7490000e+00
   5.7510000e+00
   5.7530000e+00
   5.7550000e+00
   5.7580000e+00
   5.7600000e+00
   5.7620000e+00
   5.7650000e+00
   5.7680000e+00
   5.7710000e+00
   5.7730000e+00
   5.7760000e+00
   5.7780000e+00
   5.7810000e+00
   5.7840000e+00
   5.7860000e+00
   5.7890000e+00
   5.7910000e+00
   5.7940000e+00
   5.7960000e+00
   5.7980000e+00
   5.8000000e+00
   5.8020000e+00
   5.8040000e+00
   5.8060000e+00
   5.8080000e+00
   5.8090000e+00
   5.8110000e+00
   5.8120000e+00
   5.8130000e+00
   5.8140000e+00
   5.8160000e+00
   5.8170000e+00
   5.8170000e+00
   5.8180000e+00
   5.8190000e+00
   5.8200000e+00
   5.8200000e+00
   5.8210000e+00
   5.8210000e+00
   5.8210000e+00
   5.8210000e+00
   5.8220000e+00
   5.8220000e+00
   5.8220000e+00
   5.8220000e+00
   5.8210000e+00
   5.8210000e+00
   5.8200000e+00
   5.8190000e+00
   5.8180000e+00
   5.8180000e+00
   5.8170000e+00
   5.8160000e+00
   5.8150000e+00
   5.8140000e+00
   5.8140000e+00
   5.8130000e+00
   5.8120000e+00
   5.8120000e+00
   5.8110000e+00
   5.8110000e+00
   5.8110000e+00
   5.8110000e+00
   5.8120000e+00
   5.8120000e+00
   5.8130000e+00
   5.8140000e+00
   5.8150000e+00
   5.8170000e+00
   5.8180000e+00
   5.8200000e+00
   5.8230000e+00
   5.8250000e+00
   5.8280000e+00
   5.8310000e+00
   5.8350000e+00
   5.8390000e+00
   5.8430000e+00
   5.8480000e+00
   5.8530000e+00
   5.8580000e+00
   5.8640000e+00
   5.8700000e+00
   5.8760000e+00
   5.8820000e+00
   5.8880000e+00
   5.8950000e+00
   5.9020000e+00
   5.9080000e+00
   5.9150000e+00
   5.9220000e+00
   5.9290000e+00
   5.9360000e+00
   5.9430000e+00
   5.9500000e+00
   5.9570000e+00
   5.9640000e+00
   5.9710000e+00
   5.9780000e+00
   5.9850000e+00
   5.9910000e+00
   5.9980000e+00
   6.0040000e+00
   6.0090000e+00
   6.0150000e+00
   6.0210000e+00
   6.0270000e+00
   6.0330000e+00
   6.0380000e+00
   6.0430000e+00
   6.0480000e+00
   6.0510000e+00
   6.0550000e+00
   6.0580000e+00
   6.0610000e+00
   6.0640000e+00
   6.0660000e+00
   6.0680000e+00
   6.0700000e+00
   6.0710000e+00
   6.0720000e+00
   6.0720000e+00
   6.0720000e+00
   6.0730000e+00
   6.0720000e+00
   6.0720000e+00
   6.0710000e+00
   6.0700000e+00
   6.0690000e+00
   6.0680000e+00
   6.0670000e+00
   6.0650000e+00
   6.0640000e+00
   6.0620000e+00
   6.0610000e+00
   6.0600000e+00
   6.0580000e+00
   6.0560000e+00
   6.0540000e+00
   6.0510000e+00
   6.0490000e+00
   6.0460000e+00
   6.0430000e+00
   6.0400000e+00
   6.0370000e+00
   6.0340000e+00
   6.0310000e+00
   6.0270000e+00
   6.0240000e+00
   6.0210000e+00
   6.0180000e+00
   6.0140000e+00
   6.0100000e+00
   6.0070000e+00
   6.0040000e+00
   6.0010000e+00
   5.9970000e+00
   5.9940000e+00
   5.9910000e+00
   5.9880000e+00
   5.9840000e+00
   5.9810000e+00
   5.9770000e+00
   5.9740000e+00
   5.9710000e+00
   5.9670000e+00
   5.9640000e+00
   5.9600000e+00
   5.9570000e+00
   5.9530000e+00
   5.9500000e+00
   5.9470000e+00
   5.9430000e+00
   5.9400000e+00
   5.9370000e+00
   5.9340000e+00
   5.9300000e+00
   5.9280000e+00
   5.9250000e+00
   5.9220000e+00
   5.9190000e+00
   5.9160000e+00
   5.9130000e+00
   5.9110000e+00
   5.9080000e+00
   5.9060000e+00
   5.9030000e+00
   5.9010000e+00
   5.8990000e+00
   5.8970000e+00
   5.8940000e+00
   5.8920000e+00
   5.8900000e+00
   5.8890000e+00
   5.8870000e+00
   5.8850000e+00
   5.8840000e+00
   5.8820000e+00
   5.8810000e+00
   5.8790000e+00
   5.8790000e+00
   5.8770000e+00
   5.8760000e+00
   5.8750000e+00
   5.8740000e+00
   5.8730000e+00
   5.8720000e+00
   5.8720000e+00
   5.8710000e+00
   5.8700000e+00
   5.8700000e+00
   5.8690000e+00
   5.8680000e+00
   5.8680000e+00
   5.8670000e+00
   5.8670000e+00
   5.8660000e+00
   5.8650000e+00
   5.8650000e+00
   5.8650000e+00
   5.8640000e+00
   5.8630000e+00
   5.8630000e+00
   5.8630000e+00
   5.8620000e+00
   5.8610000e+00
   5.8610000e+00
   5.8610000e+00
   5.8600000e+00
   5.8600000e+00
   5.8590000e+00
   5.8580000e+00
   5.8580000e+00
   5.8570000e+00
   5.8570000e+00
   5.8560000e+00
   5.8550000e+00
   5.8550000e+00
   5.8540000e+00
   5.8530000e+00
   5.8520000e+00
   5.8520000e+00
   5.8510000e+00
   5.8500000e+00
   5.8490000e+00
   5.8490000e+00
   5.8480000e+00
   5.8470000e+00
   5.8460000e+00
   5.8460000e+00
   5.8450000e+00
   5.8450000e+00
   5.8440000e+00
   5.8440000e+00
   5.8440000e+00
   5.8430000e+00
   5.8420000e+00
   5.8420000e+00
   5.8420000e+00
   5.8420000e+00
   5.8420000e+00
   5.8420000e+00
   5.8410000e+00
   5.8410000e+00
   5.8410000e+00
   5.8420000e+00
   5.8410000e+00
   5.8420000e+00
   5.8410000e+00
   5.8420000e+00
   5.8420000e+00
   5.8420000e+00
   5.8420000e+00
   5.8420000e+00
   5.8420000e+00
   5.8430000e+00
   5.8430000e+00
   5.8420000e+00
   5.8420000e+00
   5.8420000e+00
   5.8420000e+00
   5.8420000e+00
   5.8420000e+00
   5.8420000e+00
   5.8410000e+00
   5.8410000e+00
   5.8410000e+00
   5.8400000e+00
   5.8400000e+00
   5.8400000e+00
   5.8390000e+00
   5.8390000e+00
   5.8390000e+00
   5.8390000e+00
   5.8380000e+00
   5.8380000e+00
   5.8380000e+00
   5.8370000e+00
   5.8370000e+00
   5.8370000e+00
   5.8360000e+00
   5.8360000e+00
   5.8350000e+00
   5.8350000e+00
   5.8350000e+00
   5.8350000e+00
   5.8340000e+00
   5.8340000e+00
   5.8340000e+00
   5.8340000e+00
   5.8340000e+00
   5.8330000e+00
   5.8340000e+00
   5.8330000e+00
   5.8330000e+00
   5.8340000e+00
   5.8340000e+00
   5.8350000e+00
   5.8350000e+00
   5.8370000e+00
   5.8390000e+00
   5.8410000e+00
   5.8430000e+00
   5.8450000e+00
   5.8470000e+00
   5.8490000e+00
   5.8510000e+00
   5.8530000e+00
   5.8550000e+00
   5.8570000e+00
   5.8590000e+00
   5.8610000e+00
   5.8640000e+00
   5.8660000e+00
   5.8680000e+00
   5.8700000e+00
   5.8720000e+00
   5.8740000e+00
   5.8760000e+00
   5.8780000e+00
   5.8790000e+00
   5.8810000e+00
   5.8830000e+00
   5.8840000e+00
   5.8860000e+00
   5.8870000e+00
   5.8880000e+00
   5.8890000e+00
   5.8900000e+00
   5.8910000e+00
   5.8920000e+00
   5.8930000e+00
   5.8930000e+00
   5.8940000e+00
   5.8940000e+00
   5.8950000e+00
   5.8950000e+00
   5.8950000e+00
   5.8950000e+00
   5.8950000e+00
   5.8950000e+00
   5.8950000e+00
   5.8950000e+00
   5.8940000e+00
   5.8940000e+00
   5.8940000e+00
   5.8930000e+00
   5.8930000e+00
   5.8920000e+00
   5.8920000e+00
   5.8910000e+00
   5.8900000e+00
   5.8890000e+00
   5.8880000e+00
   5.8870000e+00
   5.8860000e+00
   5.8850000e+00
   5.8840000e+00
   5.8830000e+00
   5.8820000e+00
   5.8800000e+00
   5.8790000e+00
   5.8780000e+00
   5.8760000e+00
   5.8750000e+00
   5.8730000e+00
   5.8720000e+00
   5.8700000e+00
   5.8690000e+00
   5.8670000e+00
   5.8650000e+00
   5.8640000e+00
   5.8620000e+00
   5.8610000e+00
   5.8590000e+00
   5.8570000e+00
   5.8560000e+00
   5.8540000e+00
   5.8530000e+00
   5.8510000e+00
   5.8500000e+00
   5.8480000e+00
   5.8470000e+00
   5.8450000e+00
   5.8440000e+00
   5.8430000e+00
   5.8410000e+00
   5.8400000e+00
   5.8390000e+00
   5.8370000e+00
   5.8360000e+00
   5.8350000e+00
   5.8340000e+00
   5.8320000e+00
   5.8310000e+00
   5.8300000e+00
   5.8290000e+00
   5.8280000e+00
   5.8260000e+00
   5.8250000e+00
   5.8240000e+00
   5.8230000e+00
   5.8220000e+00
   5.8210000e+00
   5.8200000e+00
   5.8190000e+00
   5.8180000e+00
   5.8170000e+00
   5.8160000e+00
   5.8150000e+00
   5.8150000e+00
   5.8140000e+00
   5.8130000e+00
   5.8130000e+00
   5.8130000e+00
   5.8120000e+00
   5.8120000e+00
   5.8120000e+00
   5.8120000e+00
   5.8110000e+00
   5.8120000e+00
   5.8120000e+00
   5.8120000e+00
   5.8120000e+00
   5.8120000e+00
   5.8120000e+00
   5.8130000e+00
   5.8130000e+00
   5.8130000e+00
   5.8130000e+00
   5.8130000e+00
   5.8130000e+00
   5.8140000e+00
   5.8140000e+00
   5.8140000e+00
   5.8140000e+00
   5.8140000e+00
   5.8140000e+00
   5.8140000e+00
   5.8150000e+00
   5.8150000e+00
   5.8150000e+00
   5.8150000e+00
   5.8160000e+00
   5.8160000e+00
   5.8160000e+00
   5.8160000e+00
   5.8170000e+00
   5.8170000e+00
   5.8170000e+00
   5.8180000e+00
   5.8180000e+00
   5.8190000e+00
   5.8190000e+00
   5.8200000e+00
   5.8200000e+00
   5.8210000e+00
   5.8210000e+00
   5.8220000e+00
   5.8220000e+00
   5.8230000e+00
   5.8230000e+00
   5.8240000e+00
   5.8240000e+00
   5.8250000e+00
   5.8260000e+00
   5.8260000e+00
   5.8270000e+00
   5.8280000e+00
   5.8290000e+00
   5.8300000e+00
   5.8310000e+00
   5.8320000e+00
   5.8330000e+00
   5.8340000e+00
   5.8360000e+00
   5.8370000e+00
   5.8390000e+00
   5.8400000e+00
   5.8420000e+00
   5.8440000e+00
   5.8460000e+00
   5.8480000e+00
   5.8500000e+00
   5.8520000e+00
   5.8540000e+00
   5.8560000e+00
   5.8580000e+00
   5.8600000e+00
   5.8630000e+00
   5.8650000e+00
   5.8670000e+00
   5.8690000e+00
   5.8710000e+00
   5.8730000e+00
   5.8750000e+00
   5.8770000e+00
   5.8790000e+00
   5.8810000e+00
   5.8820000e+00
   5.8840000e+00
   5.8860000e+00
   5.8870000e+00
   5.8890000e+00
   5.8900000e+00
   5.8910000e+00
   5.8920000e+00
   5.8940000e+00
   5.8950000e+00
   5.8960000e+00
   5.8970000e+00
   5.8980000e+00
   5.8980000e+00
   5.8990000e+00
   5.9000000e+00
   5.9010000e+00
   5.9010000e+00
   5.9010000e+00
   5.9010000e+00
   5.9010000e+00
   5.9010000e+00
   5.9010000e+00
   5.9010000e+00
   5.9000000e+00
   5.9000000e+00
   5.9000000e+00
   5.8990000e+00
   5.8980000e+00
   5.8970000e+00
   5.8960000e+00
   5.8960000e+00
   5.8950000e+00
   5.8930000e+00
   5.8920000e+00
   5.8910000e+00
   5.8890000e+00
   5.8880000e+00
   5.8860000e+00
   5.8850000e+00
   5.8830000e+00
   5.8810000e+00
   5.8800000e+00
   5.8780000e+00
   5.8770000e+00
   5.8750000e+00
   5.8730000e+00
   5.8720000e+00
   5.8700000e+00
   5.8680000e+00
   5.8670000e+00
   5.8650000e+00
   5.8640000e+00
   5.8620000e+00
   5.8600000e+00
   5.8580000e+00
   5.8570000e+00
   5.8550000e+00
   5.8530000e+00
   5.8520000e+00
   5.8500000e+00
   5.8490000e+00
   5.8470000e+00
   5.8460000e+00
   5.8440000e+00
   5.8430000e+00
   5.8420000e+00
   5.8400000e+00
   5.8390000e+00
   5.8380000e+00
   5.8370000e+00
   5.8360000e+00
   5.8350000e+00
   5.8330000e+00
   5.8320000e+00
   5.8310000e+00
   5.8300000e+00
   5.8290000e+00
   5.8290000e+00
   5.8280000e+00
   5.8270000e+00
   5.8260000e+00
   5.8250000e+00
   5.8250000e+00
   5.8240000e+00
   5.8230000e+00
   5.8220000e+00
   5.8210000e+00
   5.8210000e+00
   5.8200000e+00
   5.8190000e+00
   5.8190000e+00
   5.8180000e+00
   5.8180000e+00
   5.8170000e+00
   5.8170000e+00
   5.8170000e+00
   5.8170000e+00
   5.8170000e+00
   5.8180000e+00
   5.8180000e+00
   5.8180000e+00
   5.8190000e+00
   5.8190000e+00
   5.8200000e+00
   5.8210000e+00
   5.8220000e+00
   5.8230000e+00
   5.8240000e+00
   5.8260000e+00
   5.8260000e+00
   5.8280000e+00
   5.8290000e+00
   5.8300000e+00
   5.8310000e+00
   5.8320000e+00
   5.8330000e+00
   5.8340000e+00
   5.8350000e+00
   5.8360000e+00
   5.8370000e+00
   5.8380000e+00
   5.8390000e+00
   5.8400000e+00
   5.8410000e+00
   5.8410000e+00
   5.8420000e+00
   5.8430000e+00
   5.8430000e+00
   5.8440000e+00
   5.8440000e+00
   5.8450000e+00
   5.8450000e+00
   5.8450000e+00
   5.8460000e+00
   5.8460000e+00
   5.8460000e+00
   5.8460000e+00
   5.8460000e+00
   5.8460000e+00
   5.8460000e+00
   5.8460000e+00
   5.8450000e+00
   5.8450000e+00
   5.8450000e+00
   5.8440000e+00
   5.8440000e+00
   5.8430000e+00
   5.8430000e+00
   5.8420000e+00
   5.8410000e+00
   5.8410000e+00
   5.8400000e+00
   5.8390000e+00
   5.8380000e+00
   5.8370000e+00
   5.8360000e+00
   5.8350000e+00
   5.8340000e+00
   5.8340000e+00
   5.8330000e+00
   5.8320000e+00
   5.8310000e+00
   5.8300000e+00
   5.8290000e+00
   5.8280000e+00
   5.8270000e+00
   5.8260000e+00
   5.8250000e+00
   5.8240000e+00
   5.8230000e+00
   5.8220000e+00
   5.8220000e+00
   5.8210000e+00
   5.8200000e+00
   5.8190000e+00
   5.8180000e+00
   5.8170000e+00
   5.8170000e+00
   5.8160000e+00
   5.8150000e+00
   5.8140000e+00
   5.8140000e+00
   5.8130000e+00
   5.8120000e+00
   5.8120000e+00
   5.8110000e+00
   5.8100000e+00
   5.8100000e+00
   5.8090000e+00
   5.8090000e+00
   5.8080000e+00
   5.8080000e+00
   5.8070000e+00
   5.8060000e+00
   5.8060000e+00
   5.8050000e+00
   5.8050000e+00
   5.8040000e+00
   5.8040000e+00
   5.8030000e+00
   5.8030000e+00
   5.8020000e+00
   5.8020000e+00
   5.8020000e+00
   5.8020000e+00
   5.8010000e+00
   5.8010000e+00
   5.8000000e+00
   5.8000000e+00
   5.8000000e+00
   5.8000000e+00
   5.8000000e+00
   5.7990000e+00
   5.7990000e+00
   5.7990000e+00
   5.7990000e+00
   5.7980000e+00
   5.7980000e+00
   5.7970000e+00
   5.7970000e+00
   5.7960000e+00
   5.7960000e+00
   5.7950000e+00
   5.7950000e+00
   5.7950000e+00
   5.7940000e+00
   5.7940000e+00
   5.7930000e+00
   5.7930000e+00
   5.7920000e+00
   5.7920000e+00
   5.7920000e+00
   5.7910000e+00
   5.7910000e+00
   5.7900000e+00
   5.7900000e+00
   5.7900000e+00
   5.7890000e+00
   5.7890000e+00
   5.7890000e+00
   5.7890000e+00
   5.7880000e+00
   5.7880000e+00
   5.7870000e+00
   5.7870000e+00
   5.7870000e+00
   5.7860000e+00
   5.7860000e+00
   5.7860000e+00
   5.7850000e+00
   5.7850000e+00
   5.7840000e+00
   5.7840000e+00
   5.7840000e+00
   5.7830000e+00
   5.7830000e+00
   5.7820000e+00
   5.7820000e+00
   5.7810000e+00
   5.7810000e+00
   5.7800000e+00
   5.7800000e+00
   5.7800000e+00
   5.7790000e+00
   5.7780000e+00
   5.7780000e+00
   5.7780000e+00
   5.7770000e+00
   5.7770000e+00
   5.7760000e+00
   5.7760000e+00
   5.7760000e+00
   5.7750000e+00
   5.7750000e+00
   5.7740000e+00
   5.7740000e+00
   5.7740000e+00
   5.7730000e+00
   5.7730000e+00
   5.7720000e+00
   5.7720000e+00
   5.7720000e+00
   5.7710000e+00
   5.7710000e+00
   5.7700000e+00
   5.7700000e+00
   5.7690000e+00
   5.7690000e+00
   5.7690000e+00
   5.7680000e+00
   5.7680000e+00
   5.7670000e+00
   5.7670000e+00
   5.7670000e+00
   5.7670000e+00
   5.7670000e+00
   5.7660000e+00
   5.7670000e+00
   5.7670000e+00
   5.7670000e+00
   5.7680000e+00
   5.7680000e+00
   5.7680000e+00
   5.7690000e+00
   5.7690000e+00
   5.7700000e+00
   5.7710000e+00
   5.7720000e+00
   5.7730000e+00
   5.7740000e+00
   5.7750000e+00
   5.7760000e+00
   5.7770000e+00
   5.7790000e+00
   5.7800000e+00
   5.7810000e+00
   5.7830000e+00
   5.7840000e+00
   5.7850000e+00
   5.7860000e+00
   5.7870000e+00
   5.7880000e+00
   5.7890000e+00
   5.7900000e+00
   5.7910000e+00
   5.7920000e+00
   5.7930000e+00
   5.7940000e+00
   5.7950000e+00
