   1.4729000e+01
   1.4727000e+01
   1.4725000e+01
   1.4722000e+01
   1.4720000e+01
   1.4718000e+01
   1.4714000e+01
   1.4713000e+01
   1.4712000e+01
   1.4709000e+01
   1.4708000e+01
   1.4706000e+01
   1.4704000e+01
   1.4702000e+01
   1.4700000e+01
   1.4698000e+01
   1.4695000e+01
   1.4693000e+01
   1.4692000e+01
   1.4690000e+01
   1.4687000e+01
   1.4685000e+01
   1.4684000e+01
   1.4682000e+01
   1.4679000e+01
   1.4679000e+01
   1.4677000e+01
   1.4677000e+01
   1.4678000e+01
   1.4679000e+01
   1.4681000e+01
   1.4684000e+01
   1.4687000e+01
   1.4695000e+01
   1.4703000e+01
   1.4711000e+01
   1.4723000e+01
   1.4735000e+01
   1.4747000e+01
   1.4763000e+01
   1.4778000e+01
   1.4794000e+01
   1.4809000e+01
   1.4828000e+01
   1.4847000e+01
   1.4867000e+01
   1.4888000e+01
   1.4908000e+01
   1.4929000e+01
   1.4949000e+01
   1.4969000e+01
   1.4987000e+01
   1.5005000e+01
   1.5023000e+01
   1.5040000e+01
   1.5056000e+01
   1.5071000e+01
   1.5086000e+01
   1.5099000e+01
   1.5110000e+01
   1.5121000e+01
   1.4173000e+01
   1.4174000e+01
   1.4172000e+01
   1.4173000e+01
   1.4172000e+01
   1.4171000e+01
   1.4171000e+01
   1.4171000e+01
   1.4170000e+01
   1.4170000e+01
   1.4170000e+01
   1.4171000e+01
   1.4173000e+01
   1.4175000e+01
   1.4175000e+01
   1.4174000e+01
   1.4169000e+01
   1.4167000e+01
   1.4166000e+01
   1.4165000e+01
   1.4164000e+01
   1.4163000e+01
   1.4162000e+01
   1.4160000e+01
   1.4156000e+01
   1.4155000e+01
   1.4153000e+01
   1.4147000e+01
   1.4142000e+01
   1.4138000e+01
   1.4134000e+01
   1.4129000e+01
   1.4124000e+01
   1.4121000e+01
   1.4121000e+01
   1.4121000e+01
   1.4118000e+01
   1.4119000e+01
   1.4118000e+01
   1.4118000e+01
   1.4118000e+01
   1.4117000e+01
   1.4117000e+01
   1.4116000e+01
   1.4115000e+01
   1.4113000e+01
   1.4112000e+01
   1.4113000e+01
   1.4112000e+01
   1.4109000e+01
   1.4106000e+01
   1.4106000e+01
   1.4105000e+01
   1.4105000e+01
   1.4104000e+01
   1.4103000e+01
   1.4102000e+01
   1.4101000e+01
   1.4100000e+01
   1.4099000e+01
   1.4098000e+01
   1.4096000e+01
   1.4095000e+01
   1.4094000e+01
   1.4093000e+01
   1.4092000e+01
   1.4090000e+01
   1.4090000e+01
   1.4089000e+01
   1.4088000e+01
   1.4088000e+01
   1.4087000e+01
   1.4087000e+01
   1.4086000e+01
   1.4084000e+01
   1.4082000e+01
   1.4080000e+01
   1.4079000e+01
   1.4077000e+01
   1.4077000e+01
   1.4075000e+01
   1.4075000e+01
   1.4075000e+01
   1.4073000e+01
   1.4071000e+01
   1.4071000e+01
   1.4070000e+01
   1.4068000e+01
   1.4067000e+01
   1.4066000e+01
   1.4064000e+01
   1.4063000e+01
   1.4061000e+01
   1.4061000e+01
   1.4058000e+01
   1.4058000e+01
   1.4056000e+01
   1.4056000e+01
   1.4054000e+01
   1.4053000e+01
   1.4051000e+01
   1.4050000e+01
   1.4049000e+01
   1.4047000e+01
   1.4046000e+01
   1.4044000e+01
   1.4042000e+01
   1.4041000e+01
   1.4039000e+01
   1.4038000e+01
   1.4037000e+01
   1.4036000e+01
   1.4035000e+01
   1.4035000e+01
   1.4033000e+01
   1.4032000e+01
   1.4032000e+01
   1.4031000e+01
   1.4031000e+01
   1.4030000e+01
   1.4030000e+01
   1.4031000e+01
   1.4032000e+01
   1.4034000e+01
   1.4036000e+01
   1.4040000e+01
   1.4045000e+01
   1.4051000e+01
   1.4057000e+01
   1.4064000e+01
   1.4071000e+01
   1.4080000e+01
   1.4089000e+01
   1.4099000e+01
   1.4108000e+01
   1.4117000e+01
   1.4126000e+01
   1.4138000e+01
   1.4152000e+01
   1.4164000e+01
   1.4176000e+01
   1.4183000e+01
   1.4189000e+01
   1.4197000e+01
   1.4209000e+01
   1.4220000e+01
   1.4228000e+01
   1.4237000e+01
   1.4245000e+01
   1.4251000e+01
   1.4259000e+01
   1.4264000e+01
   1.4270000e+01
   1.4274000e+01
   1.4279000e+01
   1.4286000e+01
   1.4292000e+01
   1.4296000e+01
   1.4296000e+01
   1.4295000e+01
   1.4286000e+01
   1.4281000e+01
   1.4282000e+01
   1.4285000e+01
   1.4287000e+01
   1.4289000e+01
   1.4289000e+01
   1.4291000e+01
   1.4292000e+01
   1.4292000e+01
   1.4292000e+01
   1.4289000e+01
   1.4292000e+01
   1.4296000e+01
   1.4304000e+01
   1.4304000e+01
   1.4301000e+01
   1.4300000e+01
   1.4281000e+01
   1.4268000e+01
   1.4272000e+01
   1.4279000e+01
   1.4283000e+01
   1.4287000e+01
   1.4292000e+01
   1.4296000e+01
   1.4299000e+01
   1.4302000e+01
   1.4305000e+01
   1.4308000e+01
   1.4312000e+01
   1.4317000e+01
   1.4320000e+01
   1.4326000e+01
   1.4332000e+01
   1.4337000e+01
   1.4346000e+01
   1.4351000e+01
   1.4345000e+01
   1.4347000e+01
   1.4356000e+01
   1.4365000e+01
   1.4374000e+01
   1.4383000e+01
   1.4391000e+01
   1.4399000e+01
   1.4403000e+01
   1.4412000e+01
   1.4419000e+01
   1.4426000e+01
   1.4435000e+01
   1.4443000e+01
   1.4449000e+01
   1.4456000e+01
   1.4465000e+01
   1.4472000e+01
   1.4481000e+01
   1.4491000e+01
   1.4501000e+01
   1.4510000e+01
   1.4520000e+01
   1.4530000e+01
   1.4538000e+01
   1.4546000e+01
   1.4553000e+01
   1.4559000e+01
   1.4565000e+01
   1.4570000e+01
   1.4574000e+01
   1.4578000e+01
   1.4581000e+01
   1.4584000e+01
   1.4585000e+01
   1.4586000e+01
   1.4586000e+01
   1.4585000e+01
   1.4584000e+01
   1.4583000e+01
   1.4578000e+01
   1.4576000e+01
   1.4573000e+01
   1.4568000e+01
   1.4564000e+01
   1.4560000e+01
   1.4554000e+01
   1.4548000e+01
   1.4541000e+01
   1.4535000e+01
   1.4527000e+01
   1.4519000e+01
   1.4512000e+01
   1.4503000e+01
   1.4494000e+01
   1.4486000e+01
   1.4477000e+01
   1.4468000e+01
   1.4460000e+01
   1.4451000e+01
   1.4441000e+01
   1.4431000e+01
   1.4423000e+01
   1.4413000e+01
   1.4405000e+01
   1.4395000e+01
   1.4385000e+01
   1.4376000e+01
   1.4367000e+01
   1.4359000e+01
   1.4349000e+01
   1.4343000e+01
   1.4336000e+01
   1.4329000e+01
   1.4322000e+01
   1.4316000e+01
   1.4310000e+01
   1.4304000e+01
   1.4298000e+01
   1.4293000e+01
   1.4289000e+01
   1.4283000e+01
   1.4279000e+01
   1.4274000e+01
   1.4270000e+01
   1.4265000e+01
   1.4262000e+01
   1.4258000e+01
   1.4255000e+01
   1.4251000e+01
   1.4246000e+01
   1.4243000e+01
   1.4239000e+01
   1.4234000e+01
   1.4229000e+01
   1.4226000e+01
   1.4222000e+01
   1.4218000e+01
   1.4214000e+01
   1.4210000e+01
   1.4205000e+01
   1.4202000e+01
   1.4198000e+01
   1.4195000e+01
   1.4190000e+01
   1.4186000e+01
   1.4183000e+01
   1.4179000e+01
   1.4175000e+01
   1.4170000e+01
   1.4167000e+01
   1.4163000e+01
   1.4159000e+01
   1.4155000e+01
   1.4151000e+01
   1.4148000e+01
   1.4144000e+01
   1.4139000e+01
   1.4136000e+01
   1.4133000e+01
   1.4128000e+01
   1.4125000e+01
   1.4121000e+01
   1.4118000e+01
   1.4113000e+01
   1.4109000e+01
   1.4105000e+01
   1.4100000e+01
   1.4097000e+01
   1.4094000e+01
   1.4090000e+01
   1.4086000e+01
   1.4084000e+01
   1.4080000e+01
   1.4077000e+01
   1.4073000e+01
   1.4070000e+01
   1.4067000e+01
   1.4063000e+01
   1.4060000e+01
   1.4056000e+01
   1.4054000e+01
   1.4051000e+01
   1.4049000e+01
   1.4046000e+01
   1.4043000e+01
   1.4040000e+01
   1.4038000e+01
   1.4036000e+01
   1.4033000e+01
   1.4032000e+01
   1.4029000e+01
   1.4026000e+01
   1.4026000e+01
   1.4022000e+01
   1.4019000e+01
   1.4017000e+01
   1.4016000e+01
   1.4013000e+01
   1.4011000e+01
   1.4011000e+01
   1.4009000e+01
   1.4007000e+01
   1.4005000e+01
   1.4004000e+01
   1.4002000e+01
   1.4000000e+01
   1.3999000e+01
   1.3996000e+01
   1.3995000e+01
   1.3993000e+01
   1.3991000e+01
   1.3989000e+01
   1.3988000e+01
   1.3986000e+01
   1.3984000e+01
   1.3982000e+01
   1.3981000e+01
   1.3979000e+01
   1.3977000e+01
   1.3976000e+01
   1.3974000e+01
   1.3973000e+01
   1.3971000e+01
   1.3969000e+01
   1.3969000e+01
   1.3970000e+01
   1.3968000e+01
   1.3967000e+01
   1.3965000e+01
   1.3964000e+01
   1.3964000e+01
   1.3962000e+01
   1.3962000e+01
   1.3961000e+01
   1.3961000e+01
   1.3961000e+01
   1.3960000e+01
   1.3958000e+01
   1.3956000e+01
   1.3956000e+01
   1.3955000e+01
   1.3954000e+01
   1.3952000e+01
   1.3951000e+01
   1.3950000e+01
   1.3949000e+01
   1.3948000e+01
   1.3948000e+01
   1.3945000e+01
   1.3944000e+01
   1.3943000e+01
   1.3941000e+01
   1.3940000e+01
   1.3939000e+01
   1.3938000e+01
   1.3937000e+01
   1.3936000e+01
   1.3934000e+01
   1.3933000e+01
   1.3932000e+01
   1.3932000e+01
   1.3930000e+01
   1.3930000e+01
   1.3929000e+01
   1.3928000e+01
   1.3927000e+01
   1.3926000e+01
   1.3925000e+01
   1.3924000e+01
   1.3924000e+01
   1.3922000e+01
   1.3923000e+01
   1.3920000e+01
   1.3919000e+01
   1.3918000e+01
   1.3918000e+01
   1.3916000e+01
   1.3915000e+01
   1.3914000e+01
   1.3913000e+01
   1.3913000e+01
   1.3912000e+01
   1.3910000e+01
   1.3909000e+01
   1.3908000e+01
   1.3907000e+01
   1.3907000e+01
   1.3905000e+01
   1.3904000e+01
   1.3902000e+01
   1.3901000e+01
   1.3900000e+01
   1.3899000e+01
   1.3898000e+01
   1.3898000e+01
   1.3896000e+01
   1.3895000e+01
   1.3895000e+01
   1.3894000e+01
   1.3892000e+01
   1.3890000e+01
   1.3889000e+01
   1.3889000e+01
   1.3889000e+01
   1.3887000e+01
   1.3886000e+01
   1.3884000e+01
   1.3884000e+01
   1.3884000e+01
   1.3882000e+01
   1.3881000e+01
   1.3881000e+01
   1.3881000e+01
   1.3880000e+01
   1.3880000e+01
   1.3878000e+01
   1.3878000e+01
   1.3876000e+01
   1.3876000e+01
   1.3875000e+01
   1.3875000e+01
   1.3874000e+01
   1.3874000e+01
   1.3873000e+01
   1.3872000e+01
   1.3871000e+01
   1.3871000e+01
   1.3870000e+01
   1.3871000e+01
   1.3871000e+01
   1.3872000e+01
   1.3873000e+01
   1.3875000e+01
   1.3876000e+01
   1.3879000e+01
   1.3881000e+01
   1.3885000e+01
   1.3888000e+01
   1.3894000e+01
   1.3900000e+01
   1.3907000e+01
   1.3914000e+01
   1.3923000e+01
   1.3930000e+01
   1.3939000e+01
   1.3948000e+01
   1.3957000e+01
   1.3966000e+01
   1.3976000e+01
   1.3987000e+01
   1.3995000e+01
   1.4005000e+01
   1.4014000e+01
   1.4024000e+01
   1.4034000e+01
   1.4043000e+01
   1.4052000e+01
   1.4061000e+01
   1.4072000e+01
   1.4082000e+01
   1.4092000e+01
   1.4102000e+01
   1.4110000e+01
   1.4118000e+01
   1.4126000e+01
   1.4135000e+01
   1.4142000e+01
   1.4148000e+01
   1.4155000e+01
   1.4161000e+01
   1.4165000e+01
   1.4170000e+01
   1.4174000e+01
   1.4177000e+01
   1.4182000e+01
   1.4186000e+01
   1.4189000e+01
   1.4192000e+01
   1.4194000e+01
   1.4197000e+01
   1.4197000e+01
   1.4200000e+01
   1.4202000e+01
   1.4204000e+01
   1.4206000e+01
   1.4209000e+01
   1.4213000e+01
   1.4217000e+01
   1.4222000e+01
   1.4226000e+01
   1.4233000e+01
   1.4242000e+01
   1.4250000e+01
   1.4261000e+01
   1.4274000e+01
   1.4288000e+01
   1.4303000e+01
   1.4320000e+01
   1.4338000e+01
   1.4359000e+01
   1.4379000e+01
   1.4401000e+01
   1.4424000e+01
   1.4448000e+01
   1.4472000e+01
   1.4495000e+01
   1.4517000e+01
   1.4541000e+01
   1.4566000e+01
   1.4589000e+01
   1.4612000e+01
   1.4632000e+01
   1.4652000e+01
   1.4674000e+01
   1.4692000e+01
   1.4710000e+01
   1.4728000e+01
   1.4744000e+01
   1.4759000e+01
   1.4774000e+01
   1.4788000e+01
   1.4800000e+01
   1.4812000e+01
   1.4823000e+01
   1.4832000e+01
   1.4839000e+01
   1.4848000e+01
   1.4854000e+01
   1.4860000e+01
   1.4866000e+01
   1.4869000e+01
   1.4871000e+01
   1.4873000e+01
   1.4874000e+01
   1.4874000e+01
   1.4875000e+01
   1.4872000e+01
   1.4870000e+01
   1.4868000e+01
   1.4863000e+01
   1.4859000e+01
   1.4854000e+01
   1.4847000e+01
   1.4842000e+01
   1.4834000e+01
   1.4827000e+01
   1.4819000e+01
   1.4809000e+01
   1.4801000e+01
   1.4791000e+01
   1.4783000e+01
   1.4775000e+01
   1.4764000e+01
   1.4755000e+01
   1.4747000e+01
   1.4738000e+01
   1.4730000e+01
   1.4721000e+01
   1.4712000e+01
   1.4704000e+01
   1.4696000e+01
   1.4688000e+01
   1.4680000e+01
   1.4674000e+01
   1.4667000e+01
   1.4660000e+01
   1.4652000e+01
   1.4645000e+01
   1.4639000e+01
   1.4632000e+01
   1.4627000e+01
   1.4621000e+01
   1.4614000e+01
   1.4608000e+01
   1.4602000e+01
   1.4596000e+01
   1.4591000e+01
   1.4585000e+01
   1.4580000e+01
   1.4573000e+01
   1.4569000e+01
   1.4564000e+01
   1.4560000e+01
   1.4557000e+01
   1.4554000e+01
   1.4551000e+01
   1.4548000e+01
   1.4545000e+01
   1.4543000e+01
   1.4543000e+01
   1.4541000e+01
   1.4541000e+01
   1.4540000e+01
   1.4541000e+01
   1.4543000e+01
   1.4544000e+01
   1.4547000e+01
   1.4550000e+01
   1.4552000e+01
   1.4554000e+01
   1.4558000e+01
   1.4559000e+01
   1.4562000e+01
   1.4565000e+01
   1.4566000e+01
   1.4568000e+01
   1.4569000e+01
   1.4569000e+01
   1.4569000e+01
   1.4569000e+01
   1.4569000e+01
   1.4568000e+01
   1.4566000e+01
   1.4565000e+01
   1.4563000e+01
   1.4561000e+01
   1.4558000e+01
   1.4557000e+01
   1.4553000e+01
   1.4551000e+01
   1.4546000e+01
   1.4542000e+01
   1.4537000e+01
   1.4533000e+01
   1.4528000e+01
   1.4524000e+01
   1.4517000e+01
   1.4510000e+01
   1.4505000e+01
   1.4498000e+01
   1.4492000e+01
   1.4484000e+01
   1.4478000e+01
   1.4469000e+01
   1.4461000e+01
   1.4455000e+01
   1.4448000e+01
   1.4439000e+01
   1.4431000e+01
   1.4423000e+01
   1.4414000e+01
   1.4407000e+01
   1.4398000e+01
   1.4390000e+01
   1.4381000e+01
   1.4373000e+01
   1.4364000e+01
   1.4356000e+01
   1.4348000e+01
   1.4340000e+01
   1.4332000e+01
   1.4324000e+01
   1.4317000e+01
   1.4308000e+01
   1.4300000e+01
   1.4293000e+01
   1.4286000e+01
   1.4279000e+01
   1.4271000e+01
   1.4263000e+01
   1.4257000e+01
   1.4250000e+01
   1.4243000e+01
   1.4238000e+01
   1.4231000e+01
   1.4224000e+01
   1.4219000e+01
   1.4213000e+01
   1.4208000e+01
   1.4203000e+01
   1.4198000e+01
   1.4192000e+01
   1.4187000e+01
   1.4183000e+01
   1.4178000e+01
   1.4172000e+01
   1.4168000e+01
   1.4165000e+01
   1.4160000e+01
   1.4156000e+01
   1.4153000e+01
   1.4149000e+01
   1.4147000e+01
   1.4144000e+01
   1.4140000e+01
   1.4136000e+01
   1.4135000e+01
   1.4132000e+01
   1.4128000e+01
   1.4125000e+01
   1.4122000e+01
   1.4119000e+01
   1.4116000e+01
   1.4113000e+01
   1.4110000e+01
   1.4107000e+01
   1.4106000e+01
   1.4103000e+01
   1.4100000e+01
   1.4098000e+01
   1.4095000e+01
   1.4093000e+01
   1.4091000e+01
   1.4088000e+01
   1.4086000e+01
   1.4084000e+01
   1.4081000e+01
   1.4079000e+01
   1.4078000e+01
   1.4076000e+01
   1.4073000e+01
   1.4069000e+01
   1.4067000e+01
   1.4064000e+01
   1.4062000e+01
   1.4060000e+01
   1.4059000e+01
   1.4055000e+01
   1.4053000e+01
   1.4051000e+01
   1.4049000e+01
   1.4048000e+01
   1.4046000e+01
   1.4043000e+01
   1.4042000e+01
   1.4039000e+01
   1.4036000e+01
   1.4035000e+01
   1.4032000e+01
   1.4030000e+01
   1.4029000e+01
   1.4027000e+01
   1.4026000e+01
   1.4024000e+01
   1.4022000e+01
   1.4020000e+01
   1.4018000e+01
   1.4017000e+01
   1.4015000e+01
   1.4012000e+01
   1.4011000e+01
   1.4010000e+01
   1.4008000e+01
   1.4006000e+01
   1.4005000e+01
   1.4003000e+01
   1.4002000e+01
   1.4001000e+01
   1.3999000e+01
   1.3999000e+01
   1.3997000e+01
   1.3996000e+01
   1.3994000e+01
   1.3994000e+01
   1.3994000e+01
   1.3991000e+01
   1.3990000e+01
   1.3990000e+01
   1.3988000e+01
   1.3986000e+01
   1.3986000e+01
   1.3984000e+01
   1.3983000e+01
   1.3983000e+01
   1.3983000e+01
   1.3981000e+01
   1.3979000e+01
   1.3979000e+01
   1.3978000e+01
   1.3977000e+01
   1.3976000e+01
   1.3975000e+01
   1.3973000e+01
   1.3971000e+01
   1.3971000e+01
   1.3969000e+01
   1.3968000e+01
   1.3967000e+01
   1.3966000e+01
   1.3965000e+01
   1.3965000e+01
   1.3963000e+01
   1.3961000e+01
   1.3960000e+01
   1.3959000e+01
   1.3958000e+01
   1.3957000e+01
   1.3954000e+01
   1.3954000e+01
   1.3952000e+01
   1.3950000e+01
   1.3949000e+01
   1.3947000e+01
   1.3945000e+01
   1.3944000e+01
   1.3943000e+01
   1.3942000e+01
   1.3941000e+01
   1.3940000e+01
   1.3939000e+01
   1.3937000e+01
   1.3935000e+01
   1.3934000e+01
   1.3933000e+01
   1.3932000e+01
   1.3932000e+01
   1.3930000e+01
   1.3929000e+01
   1.3927000e+01
   1.3926000e+01
   1.3925000e+01
   1.3924000e+01
   1.3923000e+01
   1.3923000e+01
   1.3920000e+01
   1.3921000e+01
   1.3920000e+01
   1.3917000e+01
   1.3917000e+01
   1.3916000e+01
   1.3915000e+01
   1.3914000e+01
   1.3913000e+01
   1.3913000e+01
   1.3911000e+01
   1.3910000e+01
   1.3910000e+01
   1.3909000e+01
   1.3907000e+01
   1.3907000e+01
   1.3905000e+01
   1.3903000e+01
   1.3902000e+01
   1.3900000e+01
   1.3899000e+01
   1.3897000e+01
   1.3896000e+01
   1.3896000e+01
   1.3895000e+01
   1.3894000e+01
   1.3893000e+01
   1.3890000e+01
   1.3890000e+01
   1.3891000e+01
   1.3890000e+01
   1.3890000e+01
   1.3889000e+01
   1.3891000e+01
   1.3891000e+01
   1.3893000e+01
   1.3895000e+01
   1.3898000e+01
   1.3901000e+01
   1.3906000e+01
   1.3910000e+01
   1.3914000e+01
   1.3920000e+01
   1.3926000e+01
   1.3934000e+01
   1.3941000e+01
   1.3950000e+01
   1.3959000e+01
   1.3968000e+01
   1.3976000e+01
   1.3985000e+01
   1.3995000e+01
   1.4004000e+01
   1.4012000e+01
   1.4022000e+01
   1.4032000e+01
   1.4042000e+01
   1.4050000e+01
   1.4060000e+01
   1.4069000e+01
   1.4081000e+01
   1.4092000e+01
   1.4103000e+01
   1.4115000e+01
   1.4127000e+01
   1.4139000e+01
   1.4152000e+01
   1.4165000e+01
   1.4179000e+01
   1.4193000e+01
   1.4207000e+01
   1.4222000e+01
   1.4237000e+01
   1.4253000e+01
   1.4269000e+01
   1.4284000e+01
   1.4300000e+01
   1.4318000e+01
   1.4336000e+01
   1.4355000e+01
   1.4376000e+01
   1.4396000e+01
   1.4417000e+01
   1.4440000e+01
   1.4465000e+01
   1.4491000e+01
   1.4520000e+01
   1.4549000e+01
   1.4579000e+01
   1.4611000e+01
   1.4642000e+01
   1.4673000e+01
   1.4706000e+01
   1.4738000e+01
   1.4769000e+01
   1.4798000e+01
   1.4827000e+01
   1.4854000e+01
   1.4880000e+01
   1.4902000e+01
   1.4924000e+01
   1.4944000e+01
   1.4964000e+01
   1.4981000e+01
   1.4997000e+01
   1.5011000e+01
   1.5024000e+01
   1.5033000e+01
   1.5043000e+01
   1.5052000e+01
   1.5060000e+01
   1.5067000e+01
   1.5073000e+01
   1.5076000e+01
   1.5079000e+01
   1.5081000e+01
   1.5081000e+01
   1.5079000e+01
   1.5076000e+01
   1.5074000e+01
   1.5070000e+01
   1.5065000e+01
   1.5060000e+01
   1.5052000e+01
   1.5045000e+01
   1.5035000e+01
   1.5026000e+01
   1.5016000e+01
   1.5002000e+01
   1.4991000e+01
   1.4978000e+01
   1.4966000e+01
   1.4952000e+01
   1.4938000e+01
   1.4923000e+01
   1.4908000e+01
   1.4892000e+01
   1.4877000e+01
   1.4862000e+01
   1.4846000e+01
   1.4829000e+01
   1.4813000e+01
   1.4797000e+01
   1.4781000e+01
   1.4765000e+01
   1.4749000e+01
   1.4732000e+01
   1.4717000e+01
   1.4702000e+01
   1.4686000e+01
   1.4671000e+01
   1.4655000e+01
   1.4641000e+01
   1.4625000e+01
   1.4611000e+01
   1.4596000e+01
   1.4584000e+01
   1.4571000e+01
   1.4557000e+01
   1.4544000e+01
   1.4531000e+01
   1.4519000e+01
   1.4506000e+01
   1.4495000e+01
   1.4483000e+01
   1.4471000e+01
   1.4460000e+01
   1.4450000e+01
   1.4440000e+01
   1.4431000e+01
   1.4420000e+01
   1.4411000e+01
   1.4402000e+01
   1.4394000e+01
   1.4385000e+01
   1.4376000e+01
   1.4369000e+01
   1.4363000e+01
   1.4355000e+01
   1.4348000e+01
   1.4342000e+01
   1.4336000e+01
   1.4329000e+01
   1.4323000e+01
   1.4316000e+01
   1.4311000e+01
   1.4305000e+01
   1.4299000e+01
   1.4293000e+01
   1.4290000e+01
   1.4285000e+01
   1.4279000e+01
   1.4274000e+01
   1.4270000e+01
   1.4263000e+01
   1.4258000e+01
   1.4253000e+01
   1.4247000e+01
   1.4243000e+01
   1.4238000e+01
   1.4232000e+01
   1.4227000e+01
   1.4222000e+01
   1.4216000e+01
   1.4212000e+01
   1.4207000e+01
   1.4203000e+01
   1.4199000e+01
   1.4194000e+01
   1.4189000e+01
   1.4184000e+01
   1.4179000e+01
   1.4175000e+01
   1.4170000e+01
   1.4167000e+01
   1.4163000e+01
   1.4158000e+01
   1.4154000e+01
   1.4149000e+01
   1.4146000e+01
   1.4143000e+01
   1.4138000e+01
   1.4134000e+01
   1.4130000e+01
   1.4127000e+01
   1.4123000e+01
   1.4118000e+01
   1.4114000e+01
   1.4110000e+01
   1.4106000e+01
   1.4102000e+01
   1.4099000e+01
   1.4095000e+01
   1.4092000e+01
   1.4088000e+01
   1.4084000e+01
   1.4083000e+01
   1.4079000e+01
   1.4075000e+01
   1.4073000e+01
   1.4070000e+01
   1.4066000e+01
   1.4064000e+01
   1.4060000e+01
   1.4057000e+01
   1.4054000e+01
   1.4052000e+01
   1.4048000e+01
   1.4046000e+01
   1.4042000e+01
   1.4040000e+01
   1.4038000e+01
   1.4034000e+01
   1.4032000e+01
   1.4029000e+01
   1.4027000e+01
   1.4024000e+01
   1.4022000e+01
   1.4019000e+01
   1.4016000e+01
   1.4013000e+01
   1.4011000e+01
   1.4011000e+01
   1.4009000e+01
   1.4007000e+01
   1.4004000e+01
   1.4002000e+01
   1.3999000e+01
   1.3998000e+01
   1.3996000e+01
   1.3995000e+01
   1.3993000e+01
   1.3992000e+01
   1.3990000e+01
   1.3988000e+01
   1.3985000e+01
   1.3985000e+01
   1.3982000e+01
   1.3980000e+01
   1.3978000e+01
   1.3977000e+01
   1.3975000e+01
   1.3973000e+01
   1.3971000e+01
   1.3970000e+01
   1.3967000e+01
   1.3966000e+01
   1.3964000e+01
   1.3963000e+01
   1.3962000e+01
   1.3960000e+01
   1.3959000e+01
   1.3958000e+01
   1.3955000e+01
   1.3954000e+01
   1.3953000e+01
   1.3951000e+01
   1.3950000e+01
   1.3949000e+01
   1.3947000e+01
   1.3947000e+01
   1.3946000e+01
   1.3946000e+01
   1.3944000e+01
   1.3942000e+01
   1.3942000e+01
   1.3941000e+01
   1.3940000e+01
   1.3939000e+01
   1.3937000e+01
   1.3936000e+01
   1.3936000e+01
   1.3935000e+01
   1.3933000e+01
   1.3932000e+01
   1.3931000e+01
   1.3930000e+01
   1.3929000e+01
   1.3928000e+01
   1.3927000e+01
   1.3925000e+01
   1.3924000e+01
   1.3922000e+01
   1.3922000e+01
   1.3922000e+01
   1.3920000e+01
   1.3919000e+01
   1.3918000e+01
   1.3916000e+01
   1.3915000e+01
   1.3913000e+01
   1.3912000e+01
   1.3910000e+01
   1.3910000e+01
   1.3909000e+01
   1.3908000e+01
   1.3906000e+01
   1.3905000e+01
   1.3904000e+01
   1.3902000e+01
   1.3902000e+01
   1.3900000e+01
   1.3900000e+01
   1.3899000e+01
   1.3898000e+01
   1.3896000e+01
   1.3894000e+01
   1.3894000e+01
   1.3892000e+01
   1.3892000e+01
   1.3890000e+01
   1.3889000e+01
   1.3887000e+01
   1.3885000e+01
   1.3885000e+01
   1.3884000e+01
   1.3884000e+01
   1.3882000e+01
   1.3880000e+01
   1.3879000e+01
   1.3877000e+01
   1.3876000e+01
   1.3875000e+01
   1.3874000e+01
   1.3872000e+01
   1.3873000e+01
   1.3872000e+01
   1.3872000e+01
   1.3871000e+01
   1.3872000e+01
   1.3872000e+01
   1.3873000e+01
   1.3874000e+01
   1.3874000e+01
   1.3876000e+01
   1.3877000e+01
   1.3878000e+01
   1.3881000e+01
   1.3882000e+01
   1.3884000e+01
   1.3887000e+01
   1.3888000e+01
   1.3890000e+01
   1.3892000e+01
   1.3894000e+01
   1.3897000e+01
   1.3897000e+01
   1.3900000e+01
   1.3903000e+01
   1.3904000e+01
   1.3906000e+01
   1.3908000e+01
   1.3910000e+01
   1.3912000e+01
   1.3914000e+01
   1.3916000e+01
   1.3918000e+01
   1.3922000e+01
   1.3924000e+01
   1.3929000e+01
   1.3932000e+01
   1.3938000e+01
   1.3945000e+01
   1.3952000e+01
   1.3961000e+01
   1.3970000e+01
   1.3981000e+01
   1.3994000e+01
   1.4008000e+01
   1.4022000e+01
   1.4037000e+01
   1.4054000e+01
   1.4073000e+01
   1.4092000e+01
   1.4111000e+01
   1.4131000e+01
   1.4152000e+01
   1.4174000e+01
   1.4195000e+01
   1.4218000e+01
   1.4242000e+01
   1.4265000e+01
   1.4289000e+01
   1.4315000e+01
   1.4338000e+01
   1.4363000e+01
   1.4388000e+01
   1.4412000e+01
   1.4437000e+01
   1.4461000e+01
   1.4485000e+01
   1.4510000e+01
   1.4534000e+01
   1.4558000e+01
   1.4580000e+01
   1.4601000e+01
   1.4622000e+01
   1.4640000e+01
   1.4658000e+01
   1.4676000e+01
   1.4691000e+01
   1.4707000e+01
   1.4720000e+01
   1.4732000e+01
   1.4745000e+01
   1.4756000e+01
   1.4764000e+01
   1.4776000e+01
   1.4786000e+01
   1.4794000e+01
   1.4804000e+01
   1.4812000e+01
   1.4822000e+01
   1.4830000e+01
   1.4837000e+01
   1.4845000e+01
   1.4852000e+01
   1.4859000e+01
   1.4865000e+01
   1.4869000e+01
   1.4876000e+01
   1.4881000e+01
   1.4884000e+01
   1.4888000e+01
   1.4890000e+01
   1.4891000e+01
   1.4890000e+01
   1.4890000e+01
   1.4890000e+01
   1.4889000e+01
   1.4887000e+01
   1.4884000e+01
   1.4881000e+01
   1.4878000e+01
   1.4875000e+01
   1.4869000e+01
   1.4863000e+01
   1.4857000e+01
   1.4850000e+01
   1.4843000e+01
   1.4834000e+01
   1.4827000e+01
   1.4816000e+01
   1.4807000e+01
   1.4796000e+01
   1.4785000e+01
   1.4773000e+01
   1.4762000e+01
   1.4749000e+01
   1.4737000e+01
   1.4726000e+01
   1.4713000e+01
   1.4699000e+01
   1.4686000e+01
   1.4674000e+01
   1.4661000e+01
   1.4648000e+01
   1.4635000e+01
   1.4620000e+01
   1.4607000e+01
   1.4593000e+01
   1.4579000e+01
   1.4566000e+01
   1.4552000e+01
   1.4540000e+01
   1.4527000e+01
   1.4513000e+01
   1.4500000e+01
   1.4487000e+01
   1.4475000e+01
   1.4462000e+01
   1.4450000e+01
   1.4437000e+01
   1.4426000e+01
   1.4414000e+01
   1.4402000e+01
   1.4391000e+01
   1.4379000e+01
   1.4369000e+01
   1.4359000e+01
   1.4348000e+01
   1.4338000e+01
   1.4328000e+01
   1.4316000e+01
   1.4307000e+01
   1.4297000e+01
   1.4289000e+01
   1.4280000e+01
   1.4270000e+01
   1.4262000e+01
   1.4254000e+01
   1.4245000e+01
   1.4237000e+01
   1.4230000e+01
   1.4221000e+01
   1.4214000e+01
   1.4207000e+01
   1.4201000e+01
   1.4194000e+01
   1.4187000e+01
   1.4182000e+01
   1.4177000e+01
   1.4171000e+01
   1.4166000e+01
   1.4161000e+01
   1.4155000e+01
   1.4150000e+01
   1.4146000e+01
   1.4143000e+01
   1.4138000e+01
   1.4135000e+01
   1.4133000e+01
   1.4131000e+01
   1.4129000e+01
   1.4128000e+01
   1.4128000e+01
   1.4129000e+01
   1.4129000e+01
   1.4132000e+01
   1.4133000e+01
   1.4135000e+01
   1.4137000e+01
   1.4140000e+01
   1.4143000e+01
   1.4145000e+01
   1.4147000e+01
   1.4151000e+01
   1.4155000e+01
   1.4158000e+01
   1.4162000e+01
   1.4164000e+01
   1.4167000e+01
   1.4172000e+01
   1.4175000e+01
   1.4179000e+01
   1.4181000e+01
   1.4183000e+01
   1.4185000e+01
   1.4187000e+01
   1.4188000e+01
   1.4188000e+01
   1.4188000e+01
   1.4190000e+01
   1.4188000e+01
   1.4188000e+01
   1.4187000e+01
   1.4187000e+01
   1.4184000e+01
   1.4184000e+01
   1.4183000e+01
   1.4183000e+01
   1.4181000e+01
   1.4180000e+01
   1.4178000e+01
   1.4177000e+01
   1.4176000e+01
   1.4173000e+01
   1.4171000e+01
   1.4168000e+01
   1.4167000e+01
   1.4164000e+01
   1.4162000e+01
   1.4158000e+01
   1.4155000e+01
   1.4152000e+01
   1.4147000e+01
   1.4145000e+01
   1.4142000e+01
   1.4138000e+01
   1.4135000e+01
   1.4131000e+01
   1.4127000e+01
   1.4123000e+01
   1.4119000e+01
   1.4115000e+01
   1.4111000e+01
   1.4107000e+01
   1.4103000e+01
   1.4100000e+01
   1.4095000e+01
   1.4093000e+01
   1.4088000e+01
   1.4085000e+01
   1.4080000e+01
   1.4076000e+01
   1.4073000e+01
   1.4068000e+01
   1.4065000e+01
   1.4063000e+01
   1.4060000e+01
   1.4057000e+01
   1.4053000e+01
   1.4049000e+01
   1.4045000e+01
   1.4043000e+01
   1.4038000e+01
   1.4036000e+01
   1.4032000e+01
   1.4029000e+01
   1.4025000e+01
   1.4022000e+01
   1.4019000e+01
   1.4016000e+01
   1.4014000e+01
   1.4010000e+01
   1.4007000e+01
   1.4005000e+01
   1.4003000e+01
   1.3999000e+01
   1.3996000e+01
   1.3993000e+01
   1.3990000e+01
   1.3987000e+01
   1.3984000e+01
   1.3981000e+01
   1.3979000e+01
   1.3977000e+01
   1.3974000e+01
   1.3972000e+01
   1.3970000e+01
   1.3967000e+01
   1.3966000e+01
   1.3964000e+01
   1.3962000e+01
   1.3960000e+01
   1.3959000e+01
   1.3958000e+01
   1.3954000e+01
   1.3953000e+01
   1.3951000e+01
   1.3950000e+01
   1.3948000e+01
   1.3946000e+01
   1.3945000e+01
   1.3942000e+01
   1.3941000e+01
   1.3939000e+01
   1.3936000e+01
   1.3935000e+01
   1.3934000e+01
   1.3932000e+01
   1.3931000e+01
   1.3929000e+01
   1.3926000e+01
   1.3924000e+01
   1.3923000e+01
   1.3921000e+01
   1.3919000e+01
   1.3917000e+01
   1.3916000e+01
   1.3913000e+01
   1.3912000e+01
   1.3911000e+01
   1.3907000e+01
   1.3906000e+01
   1.3906000e+01
   1.3904000e+01
   1.3903000e+01
   1.3900000e+01
   1.3899000e+01
   1.3897000e+01
   1.3896000e+01
   1.3894000e+01
   1.3893000e+01
   1.3892000e+01
   1.3890000e+01
   1.3888000e+01
   1.3887000e+01
   1.3886000e+01
   1.3884000e+01
   1.3883000e+01
   1.3881000e+01
   1.3879000e+01
   1.3877000e+01
   1.3875000e+01
   1.3873000e+01
   1.3872000e+01
   1.3872000e+01
   1.3870000e+01
   1.3868000e+01
   1.3867000e+01
   1.3865000e+01
   1.3864000e+01
   1.3863000e+01
   1.3861000e+01
   1.3859000e+01
   1.3859000e+01
   1.3858000e+01
   1.3856000e+01
   1.3855000e+01
   1.3854000e+01
   1.3855000e+01
   1.3853000e+01
   1.3852000e+01
   1.3852000e+01
   1.3850000e+01
   1.3849000e+01
   1.3848000e+01
   1.3848000e+01
   1.3848000e+01
   1.3848000e+01
   1.3849000e+01
   1.3850000e+01
   1.3851000e+01
   1.3852000e+01
   1.3853000e+01
   1.3855000e+01
   1.3857000e+01
   1.3861000e+01
   1.3863000e+01
   1.3867000e+01
   1.3871000e+01
   1.3875000e+01
   1.3881000e+01
   1.3886000e+01
   1.3893000e+01
   1.3901000e+01
   1.3908000e+01
   1.3918000e+01
   1.3927000e+01
   1.3938000e+01
   1.3949000e+01
   1.3963000e+01
   1.3975000e+01
   1.3990000e+01
   1.4006000e+01
   1.4022000e+01
   1.4039000e+01
   1.4056000e+01
   1.4075000e+01
   1.4095000e+01
   1.4115000e+01
   1.4134000e+01
   1.4154000e+01
   1.4175000e+01
   1.4195000e+01
   1.4215000e+01
   1.4236000e+01
   1.4254000e+01
   1.4275000e+01
   1.4294000e+01
   1.4313000e+01
   1.4331000e+01
   1.4350000e+01
   1.4366000e+01
   1.4383000e+01
   1.4399000e+01
   1.4415000e+01
   1.4430000e+01
   1.4444000e+01
   1.4457000e+01
   1.4469000e+01
   1.4480000e+01
   1.4491000e+01
   1.4499000e+01
   1.4509000e+01
   1.4517000e+01
   1.4527000e+01
   1.4534000e+01
   1.4544000e+01
   1.4553000e+01
   1.4565000e+01
   1.4575000e+01
   1.4591000e+01
   1.4605000e+01
   1.4622000e+01
   1.4641000e+01
   1.4661000e+01
   1.4682000e+01
   1.4701000e+01
   1.4723000e+01
   1.4745000e+01
   1.4767000e+01
   1.4790000e+01
   1.4812000e+01
   1.4835000e+01
   1.4857000e+01
   1.4877000e+01
   1.4898000e+01
   1.4917000e+01
   1.4935000e+01
   1.4952000e+01
   1.4970000e+01
   1.4987000e+01
   1.5002000e+01
   1.5014000e+01
   1.5027000e+01
   1.5038000e+01
   1.5051000e+01
   1.5063000e+01
   1.5074000e+01
   1.5086000e+01
   1.5095000e+01
   1.5105000e+01
   1.5113000e+01
   1.5121000e+01
   1.5131000e+01
   1.5139000e+01
   1.5146000e+01
   1.5153000e+01
   1.5159000e+01
   1.5166000e+01
   1.5172000e+01
   1.5179000e+01
   1.5185000e+01
   1.5192000e+01
   1.5197000e+01
   1.5204000e+01
   1.5210000e+01
   1.5213000e+01
   1.5217000e+01
   1.5220000e+01
   1.5222000e+01
   1.5223000e+01
   1.5224000e+01
   1.5223000e+01
   1.5222000e+01
   1.5219000e+01
   1.5216000e+01
   1.5213000e+01
   1.5208000e+01
   1.5202000e+01
   1.5197000e+01
   1.5190000e+01
   1.5183000e+01
   1.5179000e+01
   1.5172000e+01
   1.5167000e+01
   1.5160000e+01
   1.5154000e+01
   1.5148000e+01
   1.5142000e+01
   1.5135000e+01
   1.5131000e+01
   1.5124000e+01
   1.5119000e+01
   1.5113000e+01
   1.5106000e+01
   1.5100000e+01
   1.5092000e+01
   1.5084000e+01
   1.5077000e+01
   1.5068000e+01
   1.5059000e+01
   1.5050000e+01
   1.5039000e+01
   1.5029000e+01
   1.5019000e+01
   1.5008000e+01
   1.4997000e+01
   1.4986000e+01
   1.4974000e+01
   1.4962000e+01
   1.4949000e+01
   1.4936000e+01
   1.4923000e+01
   1.4909000e+01
   1.4897000e+01
   1.4884000e+01
   1.4869000e+01
   1.4857000e+01
   1.4842000e+01
   1.4830000e+01
   1.4817000e+01
   1.4804000e+01
   1.4790000e+01
   1.4778000e+01
   1.4765000e+01
   1.4752000e+01
   1.4738000e+01
   1.4724000e+01
   1.4712000e+01
   1.4699000e+01
   1.4687000e+01
   1.4675000e+01
   1.4661000e+01
   1.4649000e+01
   1.4636000e+01
   1.4625000e+01
   1.4614000e+01
   1.4604000e+01
   1.4594000e+01
   1.4583000e+01
   1.4572000e+01
   1.4562000e+01
   1.4551000e+01
   1.4541000e+01
   1.4531000e+01
   1.4522000e+01
   1.4513000e+01
   1.4504000e+01
   1.4495000e+01
   1.4488000e+01
   1.4479000e+01
   1.4473000e+01
   1.4466000e+01
   1.4461000e+01
   1.4456000e+01
   1.4453000e+01
   1.4449000e+01
   1.4450000e+01
   1.4451000e+01
   1.4452000e+01
   1.4456000e+01
   1.4457000e+01
   1.4462000e+01
   1.4467000e+01
   1.4473000e+01
   1.4481000e+01
   1.4487000e+01
   1.4496000e+01
   1.4504000e+01
   1.4511000e+01
   1.4519000e+01
   1.4527000e+01
   1.4533000e+01
   1.4540000e+01
   1.4546000e+01
   1.4551000e+01
   1.4557000e+01
   1.4559000e+01
   1.4565000e+01
   1.4568000e+01
   1.4570000e+01
   1.4572000e+01
   1.4573000e+01
   1.4574000e+01
   1.4575000e+01
   1.4576000e+01
   1.4576000e+01
   1.4575000e+01
   1.4574000e+01
   1.4573000e+01
   1.4571000e+01
   1.4570000e+01
   1.4567000e+01
   1.4564000e+01
   1.4561000e+01
   1.4557000e+01
   1.4552000e+01
   1.4549000e+01
   1.4544000e+01
   1.4539000e+01
   1.4535000e+01
   1.4528000e+01
   1.4524000e+01
   1.4518000e+01
