   2.5420000e+00
   2.5430000e+00
   2.5430000e+00
   2.5440000e+00
   2.5440000e+00
   2.5450000e+00
   2.5470000e+00
   2.5500000e+00
   2.5510000e+00
   2.5510000e+00
   2.5520000e+00
   2.5530000e+00
   2.5550000e+00
   2.5590000e+00
   2.5590000e+00
   2.5600000e+00
   2.5600000e+00
   2.5600000e+00
   2.5640000e+00
   2.5660000e+00
   2.5660000e+00
   2.5670000e+00
   2.5680000e+00
   2.5720000e+00
   2.5750000e+00
   2.5760000e+00
   2.5770000e+00
   2.5770000e+00
   2.5780000e+00
   2.5780000e+00
   2.5800000e+00
   2.5840000e+00
   2.5830000e+00
   2.5850000e+00
   2.5840000e+00
   2.5860000e+00
   2.5870000e+00
   2.5890000e+00
   2.5910000e+00
   2.5900000e+00
   2.5920000e+00
   2.5910000e+00
   2.5940000e+00
   2.5970000e+00
   2.5960000e+00
   2.5970000e+00
   2.5970000e+00
   2.5980000e+00
   2.5980000e+00
   2.5990000e+00
   2.6030000e+00
   2.6020000e+00
   2.6030000e+00
   2.6040000e+00
   2.6040000e+00
   2.6050000e+00
   2.6050000e+00
   2.6060000e+00
   2.6060000e+00
   2.6100000e+00
   2.6120000e+00
   2.6110000e+00
   2.6130000e+00
   2.6150000e+00
   2.6180000e+00
   2.6190000e+00
   2.6180000e+00
   2.6200000e+00
   2.6190000e+00
   2.6210000e+00
   2.6230000e+00
   2.6240000e+00
   2.6260000e+00
   2.6250000e+00
   2.6260000e+00
   2.6280000e+00
   2.6280000e+00
   2.6300000e+00
   2.6290000e+00
   2.6300000e+00
   2.6290000e+00
   2.6300000e+00
   2.6330000e+00
   2.6320000e+00
   2.6330000e+00
   2.6320000e+00
   2.6330000e+00
   2.6330000e+00
   2.6350000e+00
   2.6340000e+00
   2.6350000e+00
   2.6340000e+00
   2.6350000e+00
   2.6370000e+00
   2.6360000e+00
   2.6380000e+00
   2.6370000e+00
   2.6380000e+00
   2.6380000e+00
   2.6400000e+00
   2.6410000e+00
   2.6400000e+00
   2.6410000e+00
   2.6410000e+00
   2.6410000e+00
   2.6410000e+00
   2.6430000e+00
   2.6430000e+00
   2.6440000e+00
   2.6440000e+00
   2.6440000e+00
   2.6450000e+00
   2.6460000e+00
   2.6460000e+00
   2.6460000e+00
   2.6470000e+00
   2.6460000e+00
   2.6470000e+00
   2.6470000e+00
   2.6470000e+00
   2.6480000e+00
   2.6470000e+00
   2.6490000e+00
   2.6480000e+00
   2.6490000e+00
   2.6480000e+00
   2.6480000e+00
   2.6490000e+00
   2.6470000e+00
   2.6480000e+00
   2.6480000e+00
   2.6480000e+00
   2.6480000e+00
   2.6470000e+00
   2.6470000e+00
   2.6470000e+00
   2.6460000e+00
   2.6470000e+00
   2.6450000e+00
   2.6460000e+00
   2.6460000e+00
   2.6450000e+00
   2.6470000e+00
   2.6460000e+00
   2.6460000e+00
   2.6470000e+00
   2.6460000e+00
   2.6470000e+00
   2.6480000e+00
   2.6470000e+00
   2.6480000e+00
   2.6470000e+00
   2.6490000e+00
   2.6490000e+00
   2.6530000e+00
   2.6520000e+00
   2.6540000e+00
   2.6540000e+00
   2.6590000e+00
   2.6620000e+00
   2.6620000e+00
   2.6630000e+00
   2.6640000e+00
   2.6650000e+00
   2.6710000e+00
   2.6730000e+00
   2.6740000e+00
   2.6750000e+00
   2.6770000e+00
   2.6760000e+00
   2.6790000e+00
   2.6840000e+00
   2.6870000e+00
   2.6890000e+00
   2.6890000e+00
   2.6910000e+00
   2.6910000e+00
   2.6930000e+00
   2.6930000e+00
   2.6950000e+00
   2.6960000e+00
   2.6960000e+00
   2.7040000e+00
   2.7070000e+00
   2.7080000e+00
   2.7090000e+00
   2.7100000e+00
   2.7120000e+00
   2.7120000e+00
   2.7190000e+00
   2.7250000e+00
   2.7260000e+00
   2.7290000e+00
   2.7290000e+00
   2.7320000e+00
   2.7320000e+00
   2.7430000e+00
   2.7480000e+00
   2.7480000e+00
   2.7520000e+00
   2.7520000e+00
   2.7550000e+00
   2.7560000e+00
   2.7580000e+00
   2.7600000e+00
   2.7610000e+00
   2.7640000e+00
   2.7650000e+00
   2.7680000e+00
   2.7690000e+00
   2.7720000e+00
   2.7730000e+00
   2.7860000e+00
   2.7920000e+00
   2.7930000e+00
   2.7960000e+00
   2.7970000e+00
   2.7990000e+00
   2.8010000e+00
   2.8030000e+00
   2.8060000e+00
   2.8070000e+00
   2.8100000e+00
   2.8110000e+00
   2.8140000e+00
   2.8150000e+00
   2.8180000e+00
   2.8200000e+00
   2.8210000e+00
   2.8240000e+00
   2.8360000e+00
   2.8420000e+00
   2.8440000e+00
   2.8450000e+00
   2.8480000e+00
   2.8480000e+00
   2.8520000e+00
   2.8520000e+00
   2.8550000e+00
   2.8560000e+00
   2.8590000e+00
   2.8610000e+00
   2.8620000e+00
   2.8650000e+00
   2.8650000e+00
   2.8680000e+00
   2.8690000e+00
   2.8720000e+00
   2.8720000e+00
   2.8750000e+00
   2.8760000e+00
   2.8770000e+00
   2.8800000e+00
   2.8800000e+00
   2.8830000e+00
   2.8830000e+00
   2.8880000e+00
   2.8990000e+00
   2.9000000e+00
   2.9030000e+00
   2.9030000e+00
   2.9060000e+00
   2.9070000e+00
   2.9090000e+00
   2.9100000e+00
   2.9120000e+00
   2.9160000e+00
   2.9250000e+00
   2.9270000e+00
   2.9280000e+00
   2.9290000e+00
   2.9310000e+00
   2.9310000e+00
   2.9380000e+00
   2.9420000e+00
   2.9430000e+00
   2.9450000e+00
   2.9440000e+00
   2.9470000e+00
   2.9470000e+00
   2.9490000e+00
   2.9490000e+00
   2.9510000e+00
   2.9510000e+00
   2.9520000e+00
   2.9590000e+00
   2.9620000e+00
   2.9630000e+00
   2.9640000e+00
   2.9650000e+00
   2.9670000e+00
   2.9760000e+00
   2.9770000e+00
   2.9780000e+00
   2.9790000e+00
   2.9810000e+00
   2.9800000e+00
   2.9830000e+00
   2.9910000e+00
   2.9910000e+00
   2.9930000e+00
   2.9920000e+00
   2.9950000e+00
   2.9940000e+00
   2.9960000e+00
   2.9960000e+00
   2.9970000e+00
   2.9980000e+00
   2.9980000e+00
   3.0000000e+00
   2.9990000e+00
   3.0050000e+00
   3.0050000e+00
   3.0070000e+00
   3.0060000e+00
   3.0080000e+00
   3.0070000e+00
   3.0090000e+00
   3.0090000e+00
   3.0120000e+00
   3.0140000e+00
   3.0140000e+00
   3.0150000e+00
   3.0140000e+00
   3.0160000e+00
   3.0150000e+00
   3.0170000e+00
   3.0190000e+00
   3.0210000e+00
   3.0230000e+00
   3.0220000e+00
   3.0270000e+00
   3.0310000e+00
   3.0310000e+00
   3.0330000e+00
   3.0320000e+00
   3.0380000e+00
   3.0420000e+00
   3.0420000e+00
   3.0450000e+00
   3.0520000e+00
   3.0520000e+00
   3.0550000e+00
   3.0540000e+00
   3.0570000e+00
   3.0560000e+00
   3.0590000e+00
   3.0590000e+00
   3.0610000e+00
   3.0700000e+00
   3.0690000e+00
   3.0720000e+00
   3.0710000e+00
   3.0730000e+00
   3.0730000e+00
   3.0750000e+00
   3.0800000e+00
   3.0800000e+00
   3.0810000e+00
   3.0820000e+00
   3.0820000e+00
   3.0840000e+00
   3.0830000e+00
   3.0890000e+00
   3.0910000e+00
   3.0900000e+00
   3.0920000e+00
   3.0910000e+00
   3.0940000e+00
   3.0930000e+00
   3.0950000e+00
   3.0980000e+00
   3.1000000e+00
   3.1020000e+00
   3.1010000e+00
   3.1030000e+00
   3.1030000e+00
   3.1040000e+00
   3.1050000e+00
   3.1130000e+00
   3.1130000e+00
   3.1150000e+00
   3.1150000e+00
   3.1160000e+00
   3.1170000e+00
   3.1220000e+00
   3.1240000e+00
   3.1270000e+00
   3.1260000e+00
   3.1280000e+00
   3.1290000e+00
   3.1290000e+00
   3.1300000e+00
   3.1340000e+00
   3.1360000e+00
   3.1360000e+00
   3.1360000e+00
   3.1380000e+00
   3.1370000e+00
   3.1390000e+00
   3.1370000e+00
   3.1390000e+00
   3.1390000e+00
   3.1420000e+00
   3.1400000e+00
   3.1420000e+00
   3.1410000e+00
   3.1410000e+00
   3.1420000e+00
   3.1410000e+00
   3.1420000e+00
   3.1430000e+00
   3.1420000e+00
   3.1430000e+00
   3.1420000e+00
   3.1430000e+00
   3.1440000e+00
   3.1430000e+00
   3.1440000e+00
   3.1440000e+00
   3.1440000e+00
   3.1440000e+00
   3.1430000e+00
   3.1430000e+00
   3.1440000e+00
   3.1420000e+00
   3.1440000e+00
   3.1420000e+00
   3.1420000e+00
   3.1410000e+00
   3.1400000e+00
   3.1410000e+00
   3.1390000e+00
   3.1410000e+00
   3.1390000e+00
   3.1400000e+00
   3.1390000e+00
   3.1390000e+00
   3.1390000e+00
   3.1360000e+00
   3.1370000e+00
   3.1370000e+00
   3.1370000e+00
   3.1370000e+00
   3.1360000e+00
   3.1370000e+00
   3.1360000e+00
   3.1330000e+00
   3.1330000e+00
   3.1320000e+00
   3.1330000e+00
   3.1310000e+00
   3.1320000e+00
   3.1300000e+00
   3.1310000e+00
   3.1300000e+00
   3.1290000e+00
   3.1290000e+00
   3.1280000e+00
   3.1290000e+00
   3.1270000e+00
   3.1260000e+00
   3.1260000e+00
   3.1250000e+00
   3.1270000e+00
   3.1250000e+00
   3.1270000e+00
   3.1260000e+00
   3.1280000e+00
   3.1290000e+00
   3.1270000e+00
   3.1290000e+00
   3.1280000e+00
   3.1290000e+00
   3.1290000e+00
   3.1290000e+00
   3.1300000e+00
   3.1290000e+00
   3.1310000e+00
   3.1290000e+00
   3.1310000e+00
   3.1300000e+00
   3.1320000e+00
   3.1320000e+00
   3.1320000e+00
   3.1330000e+00
   3.1330000e+00
   3.1350000e+00
   3.1340000e+00
   3.1360000e+00
   3.1360000e+00
   3.1380000e+00
   3.1380000e+00
   3.1390000e+00
   3.1400000e+00
   3.1410000e+00
   3.1430000e+00
   3.1420000e+00
   3.1450000e+00
   3.1450000e+00
   3.1480000e+00
   3.1470000e+00
   3.1500000e+00
   3.1510000e+00
   3.1520000e+00
   3.1540000e+00
   3.1540000e+00
   3.1570000e+00
   3.1570000e+00
   3.1600000e+00
   3.1600000e+00
   3.1630000e+00
   3.1640000e+00
   3.1660000e+00
   3.1680000e+00
   3.1810000e+00
   3.1840000e+00
   3.1850000e+00
   3.1860000e+00
   3.1890000e+00
   3.1900000e+00
   3.1930000e+00
   3.1930000e+00
   3.1970000e+00
   3.1970000e+00
   3.2000000e+00
   3.2020000e+00
   3.2030000e+00
   3.2200000e+00
   3.2200000e+00
   3.2230000e+00
   3.2240000e+00
   3.2260000e+00
   3.2280000e+00
   3.2290000e+00
   3.2320000e+00
   3.2320000e+00
   3.2360000e+00
   3.2360000e+00
   3.2390000e+00
   3.2410000e+00
   3.2550000e+00
   3.2590000e+00
   3.2590000e+00
   3.2620000e+00
   3.2640000e+00
   3.2660000e+00
   3.2680000e+00
   3.2690000e+00
   3.2830000e+00
   3.2840000e+00
   3.2850000e+00
   3.2870000e+00
   3.2870000e+00
   3.2900000e+00
   3.2890000e+00
   3.2920000e+00
   3.2910000e+00
   3.2940000e+00
   3.2960000e+00
   3.3010000e+00
   3.3030000e+00
   3.3030000e+00
   3.3040000e+00
   3.3050000e+00
   3.3050000e+00
   3.3070000e+00
   3.3060000e+00
   3.3090000e+00
   3.3110000e+00
   3.3150000e+00
   3.3170000e+00
   3.3160000e+00
   3.3190000e+00
   3.3180000e+00
   3.3210000e+00
   3.3200000e+00
   3.3210000e+00
   3.3220000e+00
   3.3240000e+00
   3.3290000e+00
   3.3290000e+00
   3.3300000e+00
   3.3310000e+00
   3.3310000e+00
   3.3330000e+00
   3.3320000e+00
   3.3350000e+00
   3.3340000e+00
   3.3360000e+00
   3.3380000e+00
   3.3390000e+00
   3.3420000e+00
   3.3400000e+00
   3.3420000e+00
   3.3410000e+00
   3.3430000e+00
   3.3430000e+00
   3.3430000e+00
   3.3480000e+00
   3.3460000e+00
   3.3480000e+00
   3.3480000e+00
   3.3470000e+00
   3.3490000e+00
   3.3480000e+00
   3.3500000e+00
   3.3480000e+00
   3.3500000e+00
   3.3500000e+00
   3.3510000e+00
   3.3530000e+00
   3.3510000e+00
   3.3540000e+00
   3.3520000e+00
   3.3540000e+00
   3.3570000e+00
   3.3560000e+00
   3.3580000e+00
   3.3570000e+00
   3.3580000e+00
   3.3580000e+00
   3.3580000e+00
   3.3590000e+00
   3.3580000e+00
   3.3600000e+00
   3.3590000e+00
   3.3610000e+00
   3.3600000e+00
   3.3610000e+00
   3.3630000e+00
   3.3610000e+00
   3.3630000e+00
   3.3610000e+00
   3.3620000e+00
   3.3620000e+00
   3.3620000e+00
   3.3630000e+00
   3.3600000e+00
   3.3610000e+00
   3.3610000e+00
   3.3600000e+00
   3.3610000e+00
   3.3600000e+00
   3.3620000e+00
   3.3590000e+00
   3.3600000e+00
   3.3610000e+00
   3.3590000e+00
   3.3610000e+00
   3.3590000e+00
   3.3610000e+00
   3.3590000e+00
   3.3600000e+00
   3.3600000e+00
   3.3590000e+00
   3.3610000e+00
   3.3620000e+00
   3.3600000e+00
   3.3620000e+00
   3.3610000e+00
   3.3610000e+00
   3.3620000e+00
   3.3600000e+00
   3.3620000e+00
   3.3600000e+00
   3.3620000e+00
   3.3600000e+00
   3.3620000e+00
   3.3600000e+00
   3.3610000e+00
   3.3610000e+00
   3.3600000e+00
   3.3610000e+00
   3.3580000e+00
   3.3580000e+00
   3.3560000e+00
   3.3580000e+00
   3.3550000e+00
   3.3570000e+00
   3.3550000e+00
   3.3550000e+00
   3.3540000e+00
   3.3540000e+00
   3.3540000e+00
   3.3520000e+00
   3.3530000e+00
   3.3500000e+00
   3.3520000e+00
   3.3490000e+00
   3.3500000e+00
   3.3480000e+00
   3.3480000e+00
   3.3470000e+00
   3.3450000e+00
   3.3460000e+00
   3.3440000e+00
   3.3450000e+00
   3.3420000e+00
   3.3430000e+00
   3.3410000e+00
   3.3410000e+00
   3.3400000e+00
   3.3340000e+00
   3.3300000e+00
   3.3310000e+00
   3.3290000e+00
   3.3300000e+00
   3.3280000e+00
   3.3270000e+00
   3.3270000e+00
   3.3220000e+00
   3.3210000e+00
   3.3200000e+00
   3.3200000e+00
   3.3200000e+00
   3.3180000e+00
   3.3190000e+00
   3.3120000e+00
   3.3090000e+00
   3.3090000e+00
   3.3070000e+00
   3.3070000e+00
   3.3010000e+00
   3.2960000e+00
   3.2960000e+00
   3.2940000e+00
   3.2950000e+00
   3.2920000e+00
   3.2900000e+00
   3.2860000e+00
   3.2830000e+00
   3.2840000e+00
   3.2820000e+00
   3.2830000e+00
   3.2800000e+00
   3.2800000e+00
   3.2780000e+00
   3.2770000e+00
   3.2770000e+00
   3.2740000e+00
   3.2680000e+00
   3.2650000e+00
   3.2640000e+00
   3.2630000e+00
   3.2610000e+00
   3.2620000e+00
   3.2590000e+00
   3.2540000e+00
   3.2540000e+00
   3.2520000e+00
   3.2530000e+00
   3.2500000e+00
   3.2510000e+00
   3.2490000e+00
   3.2500000e+00
   3.2480000e+00
   3.2480000e+00
   3.2460000e+00
   3.2440000e+00
   3.2450000e+00
   3.2450000e+00
   3.2440000e+00
   3.2450000e+00
   3.2440000e+00
   3.2440000e+00
   3.2450000e+00
   3.2450000e+00
   3.2470000e+00
   3.2460000e+00
   3.2480000e+00
   3.2520000e+00
   3.2540000e+00
   3.2560000e+00
   3.2560000e+00
   3.2590000e+00
   3.2580000e+00
   3.2620000e+00
   3.2610000e+00
   3.2640000e+00
   3.2650000e+00
   3.2660000e+00
   3.2690000e+00
   3.2690000e+00
   3.2720000e+00
   3.2830000e+00
   3.2890000e+00
   3.2920000e+00
   3.2930000e+00
   3.2960000e+00
   3.2960000e+00
   3.3010000e+00
   3.3010000e+00
   3.3170000e+00
   3.3240000e+00
   3.3240000e+00
   3.3280000e+00
   3.3290000e+00
   3.3470000e+00
   3.3510000e+00
   3.3510000e+00
   3.3550000e+00
   3.3560000e+00
   3.3590000e+00
   3.3600000e+00
   3.3760000e+00
   3.3800000e+00
   3.3800000e+00
   3.3830000e+00
   3.3860000e+00
   3.4010000e+00
   3.4010000e+00
   3.4040000e+00
   3.4040000e+00
   3.4070000e+00
   3.4070000e+00
   3.4130000e+00
   3.4200000e+00
   3.4190000e+00
   3.4220000e+00
   3.4210000e+00
   3.4230000e+00
   3.4240000e+00
   3.4250000e+00
   3.4270000e+00
   3.4310000e+00
   3.4330000e+00
   3.4350000e+00
   3.4340000e+00
   3.4400000e+00
   3.4420000e+00
   3.4410000e+00
   3.4430000e+00
   3.4440000e+00
   3.4440000e+00
   3.4470000e+00
   3.4480000e+00
   3.4480000e+00
   3.4500000e+00
   3.4500000e+00
   3.4510000e+00
   3.4520000e+00
   3.4530000e+00
   3.4520000e+00
   3.4540000e+00
   3.4530000e+00
   3.4540000e+00
   3.4540000e+00
   3.4550000e+00
   3.4550000e+00
   3.4570000e+00
   3.4550000e+00
   3.4560000e+00
   3.4560000e+00
   3.4560000e+00
   3.4560000e+00
   3.4550000e+00
   3.4550000e+00
   3.4550000e+00
   3.4540000e+00
   3.4550000e+00
   3.4540000e+00
   3.4530000e+00
   3.4530000e+00
   3.4520000e+00
   3.4540000e+00
   3.4510000e+00
   3.4510000e+00
   3.4510000e+00
   3.4500000e+00
   3.4510000e+00
   3.4480000e+00
   3.4500000e+00
   3.4480000e+00
   3.4500000e+00
   3.4470000e+00
   3.4440000e+00
   3.4460000e+00
   3.4440000e+00
   3.4450000e+00
   3.4430000e+00
   3.4440000e+00
   3.4430000e+00
   3.4430000e+00
   3.4430000e+00
   3.4410000e+00
   3.4430000e+00
   3.4400000e+00
   3.4390000e+00
   3.4370000e+00
   3.4350000e+00
   3.4350000e+00
   3.4320000e+00
   3.4330000e+00
   3.4310000e+00
   3.4320000e+00
   3.4310000e+00
   3.4280000e+00
   3.4270000e+00
   3.4250000e+00
   3.4260000e+00
   3.4250000e+00
   3.4240000e+00
   3.4220000e+00
   3.4200000e+00
   3.4180000e+00
   3.4190000e+00
   3.4160000e+00
   3.4120000e+00
   3.4130000e+00
   3.4110000e+00
   3.4110000e+00
   3.4110000e+00
   3.4070000e+00
   3.4090000e+00
   3.4070000e+00
   3.4080000e+00
   3.4080000e+00
   3.4040000e+00
   3.4040000e+00
   3.4020000e+00
   3.4020000e+00
   3.3930000e+00
   3.3940000e+00
   3.3910000e+00
   3.3920000e+00
   3.3880000e+00
   3.3830000e+00
   3.3810000e+00
   3.3820000e+00
   3.3790000e+00
   3.3750000e+00
   3.3710000e+00
   3.3700000e+00
   3.3680000e+00
   3.3690000e+00
   3.3660000e+00
   3.3670000e+00
   3.3590000e+00
   3.3570000e+00
   3.3580000e+00
   3.3550000e+00
   3.3560000e+00
   3.3530000e+00
   3.3540000e+00
   3.3520000e+00
   3.3520000e+00
   3.3510000e+00
   3.3490000e+00
   3.3500000e+00
   3.3470000e+00
   3.3480000e+00
   3.3400000e+00
   3.3390000e+00
   3.3380000e+00
   3.3380000e+00
   3.3350000e+00
   3.3360000e+00
   3.3330000e+00
   3.3350000e+00
   3.3320000e+00
   3.3320000e+00
   3.3310000e+00
   3.3300000e+00
   3.3300000e+00
   3.3280000e+00
   3.3290000e+00
   3.3260000e+00
   3.3270000e+00
   3.3240000e+00
   3.3250000e+00
   3.3230000e+00
   3.3220000e+00
   3.3220000e+00
   3.3200000e+00
   3.3200000e+00
   3.3180000e+00
   3.3190000e+00
   3.3160000e+00
   3.3170000e+00
   3.3150000e+00
   3.3150000e+00
   3.3140000e+00
   3.3120000e+00
   3.3130000e+00
   3.3100000e+00
   3.3110000e+00
   3.3080000e+00
   3.3090000e+00
   3.3070000e+00
   3.3070000e+00
   3.3060000e+00
   3.3050000e+00
   3.3050000e+00
   3.3030000e+00
   3.3040000e+00
   3.3010000e+00
   3.3020000e+00
   3.2990000e+00
   3.3000000e+00
   3.2980000e+00
   3.2980000e+00
   3.2980000e+00
   3.2960000e+00
   3.2960000e+00
   3.2940000e+00
   3.2950000e+00
   3.2920000e+00
   3.2930000e+00
   3.2910000e+00
   3.2910000e+00
   3.2910000e+00
   3.2890000e+00
   3.2900000e+00
   3.2870000e+00
   3.2880000e+00
   3.2860000e+00
   3.2870000e+00
   3.2850000e+00
   3.2850000e+00
   3.2840000e+00
   3.2830000e+00
   3.2830000e+00
   3.2810000e+00
   3.2820000e+00
   3.2790000e+00
   3.2800000e+00
   3.2780000e+00
   3.2790000e+00
   3.2770000e+00
   3.2770000e+00
   3.2770000e+00
   3.2750000e+00
   3.2760000e+00
   3.2730000e+00
   3.2750000e+00
   3.2720000e+00
   3.2730000e+00
   3.2720000e+00
   3.2710000e+00
   3.2710000e+00
   3.2700000e+00
   3.2710000e+00
   3.2680000e+00
   3.2700000e+00
   3.2670000e+00
   3.2690000e+00
   3.2670000e+00
   3.2670000e+00
   3.2670000e+00
   3.2650000e+00
   3.2660000e+00
   3.2640000e+00
   3.2660000e+00
   3.2630000e+00
   3.2650000e+00
   3.2630000e+00
   3.2630000e+00
   3.2630000e+00
   3.2620000e+00
   3.2630000e+00
   3.2610000e+00
   3.2630000e+00
   3.2600000e+00
   3.2620000e+00
   3.2600000e+00
   3.2610000e+00
   3.2610000e+00
   3.2600000e+00
   3.2610000e+00
   3.2590000e+00
   3.2610000e+00
   3.2590000e+00
   3.2610000e+00
   3.2600000e+00
   3.2610000e+00
   3.2610000e+00
   3.2610000e+00
   3.2620000e+00
   3.2610000e+00
   3.2630000e+00
   3.2610000e+00
   3.2640000e+00
   3.2620000e+00
   3.2640000e+00
   3.2640000e+00
   3.2650000e+00
   3.2660000e+00
   3.2650000e+00
   3.2680000e+00
   3.2660000e+00
   3.2690000e+00
   3.2680000e+00
   3.2710000e+00
   3.2700000e+00
   3.2720000e+00
   3.2730000e+00
   3.2730000e+00
   3.2760000e+00
   3.2750000e+00
   3.2780000e+00
   3.2780000e+00
   3.2810000e+00
   3.2810000e+00
   3.2830000e+00
   3.2840000e+00
   3.2850000e+00
   3.2880000e+00
   3.2880000e+00
   3.2910000e+00
   3.2910000e+00
   3.2940000e+00
   3.2940000e+00
   3.2970000e+00
   3.2990000e+00
   3.3000000e+00
   3.3030000e+00
   3.3030000e+00
   3.3070000e+00
   3.3070000e+00
   3.3110000e+00
   3.3110000e+00
   3.3150000e+00
   3.3160000e+00
   3.3180000e+00
   3.3210000e+00
   3.3220000e+00
   3.3250000e+00
   3.3250000e+00
   3.3300000e+00
   3.3300000e+00
   3.3340000e+00
   3.3340000e+00
   3.3370000e+00
   3.3390000e+00
   3.3410000e+00
   3.3440000e+00
   3.3440000e+00
   3.3480000e+00
   3.3480000e+00
   3.3520000e+00
   3.3530000e+00
   3.3560000e+00
   3.3580000e+00
   3.3590000e+00
   3.3620000e+00
   3.3620000e+00
   3.3660000e+00
   3.3660000e+00
   3.3700000e+00
   3.3700000e+00
   3.3730000e+00
   3.3740000e+00
   3.3760000e+00
   3.3790000e+00
   3.3790000e+00
   3.3830000e+00
   3.3820000e+00
   3.3860000e+00
   3.3860000e+00
   3.3890000e+00
   3.3900000e+00
   3.3920000e+00
   3.3940000e+00
   3.3940000e+00
   3.3970000e+00
   3.3960000e+00
   3.4000000e+00
   3.3990000e+00
   3.4020000e+00
   3.4020000e+00
   3.4040000e+00
   3.4060000e+00
   3.4060000e+00
   3.4090000e+00
   3.4080000e+00
   3.4110000e+00
   3.4100000e+00
   3.4130000e+00
   3.4130000e+00
   3.4150000e+00
   3.4160000e+00
   3.4160000e+00
   3.4190000e+00
   3.4180000e+00
   3.4210000e+00
   3.4200000e+00
   3.4230000e+00
   3.4220000e+00
   3.4240000e+00
   3.4240000e+00
   3.4250000e+00
   3.4270000e+00
   3.4260000e+00
   3.4290000e+00
   3.4270000e+00
   3.4310000e+00
   3.4290000e+00
   3.4320000e+00
   3.4310000e+00
   3.4320000e+00
   3.4340000e+00
   3.4330000e+00
   3.4350000e+00
   3.4340000e+00
   3.4370000e+00
   3.4350000e+00
   3.4380000e+00
   3.4370000e+00
   3.4380000e+00
   3.4390000e+00
   3.4390000e+00
   3.4410000e+00
   3.4390000e+00
   3.4420000e+00
   3.4410000e+00
   3.4430000e+00
   3.4420000e+00
   3.4440000e+00
   3.4440000e+00
   3.4440000e+00
   3.4460000e+00
   3.4440000e+00
   3.4470000e+00
   3.4450000e+00
   3.4470000e+00
   3.4460000e+00
   3.4480000e+00
   3.4480000e+00
   3.4470000e+00
   3.4490000e+00
   3.4470000e+00
   3.4500000e+00
   3.4480000e+00
   3.4500000e+00
   3.4490000e+00
   3.4500000e+00
   3.4500000e+00
   3.4500000e+00
   3.4510000e+00
   3.4490000e+00
   3.4510000e+00
   3.4490000e+00
   3.4510000e+00
   3.4490000e+00
   3.4510000e+00
   3.4500000e+00
   3.4500000e+00
   3.4510000e+00
   3.4490000e+00
   3.4510000e+00
   3.4490000e+00
   3.4510000e+00
   3.4490000e+00
   3.4510000e+00
   3.4500000e+00
   3.4500000e+00
   3.4500000e+00
   3.4490000e+00
   3.4510000e+00
   3.4480000e+00
   3.4500000e+00
   3.4480000e+00
   3.4500000e+00
   3.4480000e+00
   3.4490000e+00
   3.4490000e+00
   3.4490000e+00
   3.4500000e+00
   3.4480000e+00
   3.4510000e+00
   3.4480000e+00
   3.4510000e+00
   3.4490000e+00
   3.4500000e+00
   3.4500000e+00
   3.4490000e+00
   3.4500000e+00
   3.4490000e+00
   3.4510000e+00
   3.4490000e+00
   3.4510000e+00
   3.4490000e+00
   3.4500000e+00
   3.4490000e+00
   3.4490000e+00
   3.4500000e+00
   3.4480000e+00
   3.4500000e+00
   3.4480000e+00
   3.4500000e+00
   3.4480000e+00
   3.4500000e+00
   3.4490000e+00
   3.4490000e+00
   3.4500000e+00
   3.4480000e+00
   3.4500000e+00
   3.4480000e+00
   3.4470000e+00
   3.4480000e+00
   3.4470000e+00
   3.4490000e+00
   3.4460000e+00
   3.4480000e+00
   3.4460000e+00
   3.4480000e+00
   3.4470000e+00
   3.4470000e+00
   3.4470000e+00
   3.4460000e+00
   3.4480000e+00
   3.4460000e+00
   3.4480000e+00
   3.4460000e+00
   3.4480000e+00
   3.4470000e+00
   3.4470000e+00
   3.4480000e+00
   3.4470000e+00
   3.4490000e+00
   3.4470000e+00
   3.4500000e+00
   3.4480000e+00
   3.4500000e+00
   3.4490000e+00
   3.4500000e+00
   3.4500000e+00
   3.4500000e+00
   3.4510000e+00
   3.4500000e+00
   3.4520000e+00
   3.4500000e+00
   3.4530000e+00
   3.4510000e+00
   3.4530000e+00
   3.4530000e+00
   3.4520000e+00
   3.4540000e+00
   3.4520000e+00
   3.4550000e+00
   3.4530000e+00
   3.4550000e+00
   3.4540000e+00
   3.4560000e+00
   3.4550000e+00
   3.4560000e+00
   3.4570000e+00
   3.4560000e+00
   3.4580000e+00
   3.4560000e+00
   3.4590000e+00
   3.4580000e+00
   3.4600000e+00
   3.4590000e+00
   3.4600000e+00
   3.4610000e+00
   3.4600000e+00
   3.4620000e+00
   3.4610000e+00
   3.4630000e+00
   3.4620000e+00
   3.4640000e+00
   3.4640000e+00
   3.4640000e+00
   3.4650000e+00
   3.4650000e+00
   3.4670000e+00
   3.4660000e+00
   3.4690000e+00
   3.4670000e+00
   3.4690000e+00
   3.4690000e+00
   3.4700000e+00
   3.4710000e+00
   3.4700000e+00
   3.4750000e+00
   3.4770000e+00
   3.4780000e+00
   3.4790000e+00
   3.4790000e+00
   3.4810000e+00
   3.4800000e+00
   3.4830000e+00
   3.4810000e+00
   3.4840000e+00
   3.4830000e+00
   3.4840000e+00
   3.4850000e+00
   3.4850000e+00
   3.4880000e+00
   3.4860000e+00
   3.4890000e+00
   3.4880000e+00
   3.4910000e+00
   3.4900000e+00
   3.4910000e+00
   3.4920000e+00
   3.4920000e+00
   3.4940000e+00
   3.4930000e+00
   3.4950000e+00
   3.4940000e+00
   3.4960000e+00
   3.4950000e+00
   3.4970000e+00
   3.4970000e+00
   3.4970000e+00
   3.4990000e+00
   3.4980000e+00
   3.5000000e+00
   3.4990000e+00
   3.5010000e+00
   3.5000000e+00
   3.5020000e+00
   3.5010000e+00
   3.5010000e+00
   3.5030000e+00
   3.5020000e+00
   3.5050000e+00
   3.5050000e+00
   3.5040000e+00
   3.5060000e+00
   3.5040000e+00
   3.5060000e+00
   3.5040000e+00
   3.5060000e+00
   3.5040000e+00
   3.5060000e+00
   3.5050000e+00
   3.5050000e+00
   3.5060000e+00
   3.5040000e+00
   3.5060000e+00
   3.5040000e+00
   3.5060000e+00
   3.5040000e+00
   3.5040000e+00
   3.5050000e+00
   3.5020000e+00
   3.5040000e+00
   3.5020000e+00
   3.5030000e+00
   3.5030000e+00
   3.5020000e+00
   3.5030000e+00
   3.4990000e+00
   3.5000000e+00
   3.4990000e+00
   3.4980000e+00
   3.4990000e+00
   3.4970000e+00
   3.4990000e+00
   3.4960000e+00
   3.4980000e+00
   3.4960000e+00
   3.4970000e+00
   3.4930000e+00
   3.4950000e+00
   3.4920000e+00
   3.4940000e+00
   3.4920000e+00
   3.4930000e+00
   3.4920000e+00
   3.4920000e+00
   3.4920000e+00
   3.4910000e+00
   3.4920000e+00
   3.4910000e+00
   3.4870000e+00
   3.4880000e+00
   3.4860000e+00
   3.4870000e+00
   3.4850000e+00
   3.4860000e+00
   3.4840000e+00
   3.4850000e+00
   3.4840000e+00
   3.4830000e+00
   3.4840000e+00
   3.4820000e+00
   3.4830000e+00
   3.4810000e+00
   3.4800000e+00
   3.4770000e+00
   3.4750000e+00
   3.4760000e+00
   3.4730000e+00
   3.4750000e+00
   3.4720000e+00
   3.4730000e+00
   3.4710000e+00
   3.4700000e+00
   3.4700000e+00
   3.4680000e+00
   3.4690000e+00
   3.4660000e+00
   3.4680000e+00
   3.4650000e+00
   3.4650000e+00
   3.4640000e+00
   3.4630000e+00
   3.4630000e+00
   3.4610000e+00
   3.4620000e+00
   3.4590000e+00
   3.4610000e+00
   3.4580000e+00
   3.4590000e+00
   3.4570000e+00
   3.4570000e+00
   3.4560000e+00
   3.4540000e+00
   3.4560000e+00
   3.4530000e+00
   3.4540000e+00
   3.4520000e+00
   3.4530000e+00
   3.4510000e+00
   3.4510000e+00
   3.4500000e+00
   3.4490000e+00
   3.4500000e+00
   3.4470000e+00
   3.4490000e+00
   3.4460000e+00
   3.4430000e+00
   3.4400000e+00
   3.4400000e+00
   3.4380000e+00
   3.4390000e+00
   3.4360000e+00
   3.4380000e+00
   3.4350000e+00
   3.4360000e+00
   3.4300000e+00
   3.4300000e+00
   3.4270000e+00
   3.4290000e+00
   3.4260000e+00
   3.4270000e+00
   3.4250000e+00
   3.4250000e+00
   3.4250000e+00
   3.4230000e+00
   3.4240000e+00
   3.4210000e+00
   3.4230000e+00
   3.4160000e+00
   3.4140000e+00
   3.4160000e+00
   3.4130000e+00
   3.4150000e+00
   3.4120000e+00
   3.4130000e+00
   3.4110000e+00
   3.4100000e+00
   3.4100000e+00
   3.4080000e+00
   3.4100000e+00
   3.3530000e+00
   3.1950000e+00
   3.1960000e+00
   3.1940000e+00
   3.1960000e+00
   3.1940000e+00
   3.1950000e+00
   3.1950000e+00
   3.1940000e+00
   3.1950000e+00
   3.1930000e+00
   3.1940000e+00
   3.1920000e+00
   3.1940000e+00
   3.1930000e+00
   3.1930000e+00
   3.1930000e+00
   3.1920000e+00
   3.1930000e+00
   3.1910000e+00
   3.1930000e+00
   3.1910000e+00
   3.1920000e+00
   3.1910000e+00
   3.1910000e+00
   3.1910000e+00
   3.1900000e+00
   3.1910000e+00
   3.1890000e+00
   3.1910000e+00
   3.1890000e+00
   3.1910000e+00
   3.1890000e+00
   3.1900000e+00
   3.1890000e+00
   3.1890000e+00
   3.1900000e+00
   3.1880000e+00
   3.1900000e+00
   3.1880000e+00
   3.1890000e+00
   3.1880000e+00
   3.1890000e+00
   3.1880000e+00
   3.1880000e+00
   3.1880000e+00
   3.1870000e+00
   3.1890000e+00
   3.1870000e+00
   3.1880000e+00
   3.1870000e+00
   3.1880000e+00
   3.1870000e+00
   3.1870000e+00
   3.1870000e+00
   3.1860000e+00
   3.1880000e+00
   3.1860000e+00
   3.1870000e+00
   3.1860000e+00
   3.1870000e+00
   3.1860000e+00
   3.1860000e+00
   3.1860000e+00
   3.1850000e+00
   3.1870000e+00
   3.1850000e+00
   3.1870000e+00
   3.1850000e+00
   3.1860000e+00
   3.1850000e+00
   3.1850000e+00
   3.1850000e+00
   3.1840000e+00
   3.1860000e+00
   3.1840000e+00
   3.1860000e+00
   3.1840000e+00
   3.1850000e+00
   3.1840000e+00
   3.1840000e+00
   3.1840000e+00
   3.1830000e+00
   3.1850000e+00
   3.1830000e+00
   3.1850000e+00
   3.1830000e+00
   3.1840000e+00
   3.1830000e+00
   3.1830000e+00
   3.1830000e+00
   3.1820000e+00
   3.1840000e+00
   3.1820000e+00
   3.1840000e+00
   3.1820000e+00
   3.1830000e+00
   3.1820000e+00
   3.1820000e+00
   3.1820000e+00
   3.1810000e+00
   3.1820000e+00
   3.1810000e+00
   3.1820000e+00
   3.1800000e+00
   3.1820000e+00
   3.1800000e+00
   3.1810000e+00
   3.1810000e+00
   3.1800000e+00
   3.1810000e+00
   3.1790000e+00
   3.1810000e+00
   3.1790000e+00
   3.1810000e+00
   3.1790000e+00
   3.1800000e+00
   3.1790000e+00
   3.1790000e+00
   3.1790000e+00
   3.1780000e+00
   3.1800000e+00
   3.1770000e+00
   3.1790000e+00
   3.1770000e+00
   3.1780000e+00
   3.1780000e+00
   3.1770000e+00
   3.1780000e+00
   3.1770000e+00
   3.1780000e+00
   3.1760000e+00
   3.1780000e+00
   3.1760000e+00
   3.1770000e+00
   3.1760000e+00
   3.1760000e+00
   3.1760000e+00
   3.1750000e+00
   3.1760000e+00
   3.1740000e+00
   3.1760000e+00
   3.1740000e+00
   3.1750000e+00
   3.1740000e+00
   3.1750000e+00
   3.1750000e+00
   3.1740000e+00
   3.1750000e+00
   3.1730000e+00
   3.1750000e+00
   3.1730000e+00
   3.1740000e+00
   3.1730000e+00
   3.1730000e+00
   3.1730000e+00
   3.1730000e+00
   3.1740000e+00
   3.1720000e+00
   3.1740000e+00
   3.1720000e+00
   3.1730000e+00
   3.1720000e+00
   3.1730000e+00
   3.1730000e+00
   3.1720000e+00
   3.1730000e+00
   3.1710000e+00
   3.1730000e+00
   3.1710000e+00
   3.1730000e+00
   3.1710000e+00
   3.1720000e+00
   3.1720000e+00
   3.1720000e+00
   3.1720000e+00
   3.1710000e+00
   3.1730000e+00
   3.1710000e+00
   3.1720000e+00
   3.1710000e+00
   3.1720000e+00
   3.1710000e+00
   3.1710000e+00
   3.1720000e+00
   3.1700000e+00
   3.1720000e+00
   3.1700000e+00
   3.1720000e+00
   3.1700000e+00
   3.1710000e+00
   3.1710000e+00
   3.1710000e+00
   3.1710000e+00
   3.1700000e+00
   3.1710000e+00
   3.1700000e+00
   3.1710000e+00
   3.1700000e+00
   3.1710000e+00
   3.1700000e+00
   3.1700000e+00
   3.1710000e+00
   3.1700000e+00
   3.1710000e+00
   3.1690000e+00
   3.1710000e+00
   3.1690000e+00
   3.1710000e+00
   3.1700000e+00
   3.1700000e+00
   3.1700000e+00
   3.1690000e+00
   3.1710000e+00
   3.1690000e+00
   3.1710000e+00
   3.1690000e+00
   3.1700000e+00
   3.1690000e+00
   3.1690000e+00
   3.1700000e+00
   3.1690000e+00
   3.1700000e+00
   3.1680000e+00
   3.1700000e+00
   3.1680000e+00
   3.1700000e+00
   3.1680000e+00
   3.1690000e+00
   3.1690000e+00
   3.1680000e+00
   3.1700000e+00
   3.1680000e+00
   3.1700000e+00
   3.1680000e+00
   3.1700000e+00
   3.1680000e+00
   3.1690000e+00
   3.1690000e+00
   3.1680000e+00
   3.1690000e+00
   3.1680000e+00
   3.1700000e+00
   3.1680000e+00
   3.1700000e+00
   3.1680000e+00
   3.1690000e+00
   3.1690000e+00
   3.1690000e+00
   3.1700000e+00
   3.1680000e+00
   3.1700000e+00
   3.1680000e+00
   3.1700000e+00
   3.1690000e+00
   3.1700000e+00
   3.1700000e+00
   3.1700000e+00
   3.1700000e+00
   3.1690000e+00
   3.1710000e+00
   3.1690000e+00
   3.1710000e+00
   3.1700000e+00
   3.1710000e+00
   3.1710000e+00
   3.1710000e+00
   3.1720000e+00
   3.1710000e+00
   3.1730000e+00
   3.1710000e+00
   3.1730000e+00
   3.1720000e+00
   3.1730000e+00
   3.1730000e+00
   3.1730000e+00
   3.1740000e+00
   3.1730000e+00
   3.1750000e+00
   3.1730000e+00
   3.1750000e+00
   3.1740000e+00
   3.1750000e+00
   3.1750000e+00
   3.1760000e+00
   3.1760000e+00
   3.1750000e+00
   3.1770000e+00
   3.1760000e+00
   3.1780000e+00
   3.1770000e+00
   3.1780000e+00
   3.1780000e+00
   3.1790000e+00
   3.1790000e+00
   3.1790000e+00
   3.1800000e+00
   3.1790000e+00
   3.1810000e+00
   3.1800000e+00
   3.1820000e+00
   3.1810000e+00
   3.1820000e+00
   3.1820000e+00
   3.1820000e+00
   3.1840000e+00
   3.1820000e+00
   3.1840000e+00
   3.1830000e+00
   3.1850000e+00
   3.1840000e+00
   3.1850000e+00
   3.1850000e+00
   3.1850000e+00
   3.1870000e+00
   3.1860000e+00
   3.1880000e+00
   3.1860000e+00
   3.1880000e+00
   3.1870000e+00
   3.1890000e+00
   3.1890000e+00
   3.1890000e+00
   3.1900000e+00
   3.1890000e+00
   3.1910000e+00
   3.1900000e+00
   3.1920000e+00
   3.1910000e+00
   3.1920000e+00
   3.1920000e+00
   3.1920000e+00
   3.1940000e+00
   3.1930000e+00
   3.1950000e+00
   3.1930000e+00
   3.1960000e+00
   3.1950000e+00
   3.1960000e+00
   3.1960000e+00
   3.1970000e+00
   3.1980000e+00
   3.1970000e+00
   3.1990000e+00
   3.1980000e+00
   3.2000000e+00
   3.1990000e+00
   3.2010000e+00
   3.2010000e+00
   3.2020000e+00
   3.2030000e+00
   3.2020000e+00
   3.2050000e+00
   3.2030000e+00
   3.2060000e+00
   3.2050000e+00
   3.2070000e+00
   3.2070000e+00
   3.2080000e+00
   3.2090000e+00
   3.2090000e+00
