   1.8470000e+00
   1.8470000e+00
   1.8470000e+00
   1.8470000e+00
   1.8470000e+00
   1.8470000e+00
   1.8470000e+00
   1.8470000e+00
   1.8460000e+00
   1.8460000e+00
   1.8460000e+00
   1.8460000e+00
   1.8460000e+00
   1.8460000e+00
   1.8460000e+00
   1.8460000e+00
   1.8450000e+00
   1.8450000e+00
   1.8450000e+00
   1.8450000e+00
   1.8450000e+00
   1.8450000e+00
   1.8450000e+00
   1.8440000e+00
   1.8440000e+00
   1.8440000e+00
   1.8440000e+00
   1.8440000e+00
   1.8440000e+00
   1.8440000e+00
   1.8440000e+00
   1.8430000e+00
   1.8430000e+00
   1.8430000e+00
   1.8430000e+00
   1.8430000e+00
   1.8430000e+00
   1.8430000e+00
   1.8430000e+00
   1.8430000e+00
   1.8430000e+00
   1.8430000e+00
   1.8430000e+00
   1.8430000e+00
   1.8430000e+00
   1.8430000e+00
   1.8430000e+00
   1.8430000e+00
   1.8430000e+00
   1.8430000e+00
   1.8430000e+00
   1.8430000e+00
   1.8430000e+00
   1.8430000e+00
   1.8430000e+00
   1.8430000e+00
   1.8430000e+00
   1.8430000e+00
   1.8430000e+00
   1.8430000e+00
   1.8430000e+00
   1.8430000e+00
   1.8430000e+00
   1.8440000e+00
   1.8440000e+00
   1.8440000e+00
   1.8440000e+00
   1.8440000e+00
   1.8440000e+00
   1.8440000e+00
   1.8440000e+00
   1.8440000e+00
   1.8440000e+00
   1.8440000e+00
   1.8450000e+00
   1.8450000e+00
   1.8450000e+00
   1.8450000e+00
   1.8450000e+00
   1.8460000e+00
   1.8460000e+00
   1.8460000e+00
   1.8460000e+00
   1.8470000e+00
   1.8470000e+00
   1.8470000e+00
   1.8470000e+00
   1.8470000e+00
   1.8480000e+00
   1.8480000e+00
   1.8480000e+00
   1.8480000e+00
   1.8490000e+00
   1.8490000e+00
   1.8490000e+00
   1.8500000e+00
   1.8500000e+00
   1.8500000e+00
   1.8500000e+00
   1.8510000e+00
   1.8510000e+00
   1.8510000e+00
   1.8510000e+00
   1.8520000e+00
   1.8520000e+00
   1.8520000e+00
   1.8530000e+00
   1.8530000e+00
   1.8530000e+00
   1.8530000e+00
   1.8540000e+00
   1.8540000e+00
   1.8540000e+00
   1.8550000e+00
   1.8550000e+00
   1.8550000e+00
   1.8550000e+00
   1.8560000e+00
   1.8560000e+00
   1.8560000e+00
   1.8560000e+00
   1.8570000e+00
   1.8570000e+00
   1.8570000e+00
   1.8570000e+00
   1.8570000e+00
   1.8580000e+00
   1.8580000e+00
   1.8580000e+00
   1.8580000e+00
   1.8580000e+00
   1.8580000e+00
   1.8580000e+00
   1.8590000e+00
   1.8590000e+00
   1.8590000e+00
   1.8590000e+00
   1.8590000e+00
   1.8590000e+00
   1.8590000e+00
   1.8590000e+00
   1.8590000e+00
   1.8590000e+00
   1.8590000e+00
   1.8590000e+00
   1.8590000e+00
   1.8590000e+00
   1.8590000e+00
   1.8590000e+00
   1.8590000e+00
   1.8590000e+00
   1.8590000e+00
   1.8590000e+00
   1.8590000e+00
   1.8590000e+00
   1.8590000e+00
   1.8590000e+00
   1.8590000e+00
   1.8590000e+00
   1.8590000e+00
   1.8580000e+00
   1.8580000e+00
   1.8580000e+00
   1.8580000e+00
   1.8580000e+00
   1.8580000e+00
   1.8580000e+00
   1.8580000e+00
   1.8580000e+00
   1.8570000e+00
   1.8570000e+00
   1.8570000e+00
   1.8570000e+00
   1.8570000e+00
   1.8570000e+00
   1.8570000e+00
   1.8560000e+00
   1.8560000e+00
   1.8560000e+00
   1.8560000e+00
   1.8560000e+00
   1.8550000e+00
   1.8550000e+00
   1.8550000e+00
   1.8550000e+00
   1.8550000e+00
   1.8540000e+00
   1.8540000e+00
   1.8540000e+00
   1.8540000e+00
   1.8540000e+00
   1.8530000e+00
   1.8530000e+00
   1.8530000e+00
   1.8530000e+00
   1.8520000e+00
   1.8520000e+00
   1.8520000e+00
   1.8520000e+00
   1.8520000e+00
   1.8510000e+00
   1.8510000e+00
   1.8510000e+00
   1.8510000e+00
   1.8500000e+00
   1.8500000e+00
   1.8500000e+00
   1.8500000e+00
   1.8500000e+00
   1.8490000e+00
   1.8490000e+00
   1.8490000e+00
   1.8490000e+00
   1.8480000e+00
   1.8480000e+00
   1.8480000e+00
   1.8480000e+00
   1.8470000e+00
   1.8470000e+00
   1.8470000e+00
   1.8470000e+00
   1.8470000e+00
   1.8460000e+00
   1.8460000e+00
   1.8460000e+00
   1.8460000e+00
   1.8460000e+00
   1.8450000e+00
   1.8450000e+00
   1.8450000e+00
   1.8450000e+00
   1.8450000e+00
   1.8440000e+00
   1.8440000e+00
   1.8440000e+00
   1.8440000e+00
   1.8440000e+00
   1.8430000e+00
   1.8430000e+00
   1.8430000e+00
   1.8430000e+00
   1.8430000e+00
   1.8430000e+00
   1.8420000e+00
   1.8420000e+00
   1.8420000e+00
   1.8420000e+00
   1.8420000e+00
   1.8420000e+00
   1.8410000e+00
   1.8410000e+00
   1.8410000e+00
   1.8410000e+00
   1.8410000e+00
   1.8400000e+00
   1.8400000e+00
   1.8400000e+00
   1.8400000e+00
   1.8400000e+00
   1.8400000e+00
   1.8390000e+00
   1.8390000e+00
   1.8390000e+00
   1.8390000e+00
   1.8390000e+00
   1.8390000e+00
   1.8390000e+00
   1.8380000e+00
   1.8380000e+00
   1.8380000e+00
   1.8380000e+00
   1.8380000e+00
   1.8380000e+00
   1.8380000e+00
   1.8380000e+00
   1.8380000e+00
   1.8380000e+00
   1.8380000e+00
   1.8380000e+00
   1.8380000e+00
   1.8380000e+00
   1.8380000e+00
   1.8380000e+00
   1.8380000e+00
   1.8380000e+00
   1.8380000e+00
   1.8380000e+00
   1.8380000e+00
   1.8380000e+00
   1.8380000e+00
   1.8380000e+00
   1.8380000e+00
   1.8390000e+00
   1.8390000e+00
   1.8390000e+00
   1.8390000e+00
   1.8390000e+00
   1.8390000e+00
   1.8400000e+00
   1.8400000e+00
   1.8400000e+00
   1.8400000e+00
   1.8400000e+00
   1.8410000e+00
   1.8410000e+00
   1.8410000e+00
   1.8420000e+00
   1.8420000e+00
   1.8420000e+00
   1.8420000e+00
   1.8430000e+00
   1.8430000e+00
   1.8430000e+00
   1.8440000e+00
   1.8440000e+00
   1.8440000e+00
   1.8450000e+00
   1.8450000e+00
   1.8450000e+00
   1.8450000e+00
   1.8460000e+00
   1.8460000e+00
   1.8460000e+00
   1.8460000e+00
   1.8470000e+00
   1.8470000e+00
   1.8470000e+00
   1.8470000e+00
   1.8480000e+00
   1.8480000e+00
   1.8480000e+00
   1.8480000e+00
   1.8490000e+00
   1.8490000e+00
   1.8490000e+00
   1.8490000e+00
   1.8490000e+00
   1.8500000e+00
   1.8500000e+00
   1.8500000e+00
   1.8500000e+00
   1.8500000e+00
   1.8500000e+00
   1.8510000e+00
   1.8510000e+00
   1.8510000e+00
   1.8510000e+00
   1.8510000e+00
   1.8510000e+00
   1.8510000e+00
   1.8510000e+00
   1.8520000e+00
   1.8520000e+00
   1.8520000e+00
   1.8520000e+00
   1.8520000e+00
   1.8520000e+00
   1.8520000e+00
   1.8520000e+00
   1.8520000e+00
   1.8520000e+00
   1.8520000e+00
   1.8520000e+00
   1.8520000e+00
   1.8530000e+00
   1.8530000e+00
   1.8530000e+00
   1.8530000e+00
   1.8530000e+00
   1.8530000e+00
   1.8530000e+00
   1.8530000e+00
   1.8530000e+00
   1.8530000e+00
   1.8530000e+00
   1.8530000e+00
   1.8530000e+00
   1.8530000e+00
   1.8530000e+00
   1.8530000e+00
   1.8530000e+00
   1.8530000e+00
   1.8530000e+00
   1.8530000e+00
   1.8530000e+00
   1.8520000e+00
   1.8520000e+00
   1.8520000e+00
   1.8520000e+00
   1.8520000e+00
   1.8520000e+00
   1.8520000e+00
   1.8520000e+00
   1.8520000e+00
   1.8520000e+00
   1.8520000e+00
   1.8520000e+00
   1.8520000e+00
   1.8520000e+00
   1.8520000e+00
   1.8520000e+00
   1.8510000e+00
   1.8510000e+00
   1.8510000e+00
   1.8510000e+00
   1.8510000e+00
   1.8510000e+00
   1.8510000e+00
   1.8510000e+00
   1.8510000e+00
   1.8510000e+00
   1.8500000e+00
   1.8500000e+00
   1.8500000e+00
   1.8500000e+00
   1.8500000e+00
   1.8500000e+00
   1.8500000e+00
   1.8500000e+00
   1.8490000e+00
   1.8490000e+00
   1.8490000e+00
   1.8490000e+00
   1.8490000e+00
   1.8490000e+00
   1.8490000e+00
   1.8490000e+00
   1.8480000e+00
   1.8480000e+00
   1.8480000e+00
   1.8480000e+00
   1.8480000e+00
   1.8480000e+00
   1.8480000e+00
   1.8470000e+00
   1.8470000e+00
   1.8470000e+00
   1.8470000e+00
   1.8470000e+00
   1.8470000e+00
   1.8470000e+00
   1.8460000e+00
   1.8460000e+00
   1.8460000e+00
   1.8460000e+00
   1.8460000e+00
   1.8460000e+00
   1.8460000e+00
   1.8450000e+00
   1.8450000e+00
   1.8450000e+00
   1.8450000e+00
   1.8450000e+00
   1.8450000e+00
   1.8450000e+00
   1.8440000e+00
   1.8440000e+00
   1.8440000e+00
   1.8440000e+00
   1.8440000e+00
   1.8440000e+00
   1.8440000e+00
   1.8440000e+00
   1.8430000e+00
   1.8430000e+00
   1.8430000e+00
   1.8430000e+00
   1.8430000e+00
   1.8430000e+00
   1.8430000e+00
   1.8420000e+00
   1.8420000e+00
   1.8420000e+00
   1.8420000e+00
   1.8420000e+00
   1.8420000e+00
   1.8420000e+00
   1.8420000e+00
   1.8410000e+00
   1.8410000e+00
   1.8410000e+00
   1.8410000e+00
   1.8410000e+00
   1.8410000e+00
   1.8410000e+00
   1.8400000e+00
   1.8400000e+00
   1.8400000e+00
   1.8400000e+00
   1.8400000e+00
   1.8400000e+00
   1.8400000e+00
   1.8400000e+00
   1.8400000e+00
   1.8390000e+00
   1.8390000e+00
   1.8390000e+00
   1.8390000e+00
   1.8390000e+00
   1.8390000e+00
   1.8390000e+00
   1.8390000e+00
   1.8380000e+00
   1.8380000e+00
   1.8380000e+00
   1.8380000e+00
   1.8380000e+00
   1.8380000e+00
   1.8380000e+00
   1.8380000e+00
   1.8370000e+00
   1.8370000e+00
   1.8370000e+00
   1.8370000e+00
   1.8370000e+00
   1.8370000e+00
   1.8370000e+00
   1.8360000e+00
   1.8360000e+00
   1.8360000e+00
   1.8360000e+00
   1.8360000e+00
   1.8360000e+00
   1.8360000e+00
   1.8360000e+00
   1.8350000e+00
   1.8350000e+00
   1.8350000e+00
   1.8350000e+00
   1.8350000e+00
   1.8350000e+00
   1.8350000e+00
   1.8350000e+00
   1.8350000e+00
   1.8350000e+00
   1.8350000e+00
   1.8350000e+00
   1.8350000e+00
   1.8350000e+00
   1.8350000e+00
   1.8350000e+00
   1.8350000e+00
   1.8350000e+00
   1.8350000e+00
   1.8350000e+00
   1.8350000e+00
   1.8360000e+00
   1.8360000e+00
   1.8360000e+00
   1.8360000e+00
   1.8360000e+00
   1.8360000e+00
   1.8370000e+00
   1.8370000e+00
   1.8370000e+00
   1.8370000e+00
   1.8380000e+00
   1.8380000e+00
   1.8380000e+00
   1.8390000e+00
   1.8390000e+00
   1.8390000e+00
   1.8400000e+00
   1.8400000e+00
   1.8410000e+00
   1.8410000e+00
   1.8420000e+00
   1.8420000e+00
   1.8420000e+00
   1.8430000e+00
   1.8430000e+00
   1.8440000e+00
   1.8440000e+00
   1.8450000e+00
   1.8450000e+00
   1.8450000e+00
   1.8460000e+00
   1.8460000e+00
   1.8470000e+00
   1.8470000e+00
   1.8480000e+00
   1.8480000e+00
   1.8480000e+00
   1.8490000e+00
   1.8490000e+00
   1.8500000e+00
   1.8500000e+00
   1.8510000e+00
   1.8510000e+00
   1.8510000e+00
   1.8520000e+00
   1.8520000e+00
   1.8520000e+00
   1.8530000e+00
   1.8530000e+00
   1.8530000e+00
   1.8540000e+00
   1.8540000e+00
   1.8550000e+00
   1.8550000e+00
   1.8550000e+00
   1.8560000e+00
   1.8560000e+00
   1.8570000e+00
   1.8570000e+00
   1.8580000e+00
   1.8580000e+00
   1.8580000e+00
   1.8590000e+00
   1.8590000e+00
   1.8600000e+00
   1.8600000e+00
   1.8600000e+00
   1.8600000e+00
   1.8610000e+00
   1.8610000e+00
   1.8610000e+00
   1.8620000e+00
   1.8620000e+00
   1.8620000e+00
   1.8630000e+00
   1.8630000e+00
   1.8630000e+00
   1.8630000e+00
   1.8640000e+00
   1.8640000e+00
   1.8640000e+00
   1.8640000e+00
   1.8650000e+00
   1.8650000e+00
   1.8650000e+00
   1.8650000e+00
   1.8650000e+00
   1.8650000e+00
   1.8660000e+00
   1.8660000e+00
   1.8660000e+00
   1.8660000e+00
   1.8660000e+00
   1.8670000e+00
   1.8670000e+00
   1.8670000e+00
   1.8670000e+00
   1.8670000e+00
   1.8670000e+00
   1.8670000e+00
   1.8680000e+00
   1.8680000e+00
   1.8680000e+00
   1.8680000e+00
   1.8680000e+00
   1.8680000e+00
   1.8680000e+00
   1.8680000e+00
   1.8690000e+00
   1.8690000e+00
   1.8690000e+00
   1.8690000e+00
   1.8690000e+00
   1.8690000e+00
   1.8690000e+00
   1.8690000e+00
   1.8690000e+00
   1.8690000e+00
   1.8700000e+00
   1.8700000e+00
   1.8700000e+00
   1.8700000e+00
   1.8700000e+00
   1.8700000e+00
   1.8700000e+00
   1.8700000e+00
   1.8700000e+00
   1.8700000e+00
   1.8700000e+00
   1.8700000e+00
   1.8700000e+00
   1.8700000e+00
   1.8700000e+00
   1.8700000e+00
   1.8700000e+00
   1.8700000e+00
   1.8700000e+00
   1.8700000e+00
   1.8700000e+00
   1.8700000e+00
   1.8700000e+00
   1.8700000e+00
   1.8700000e+00
   1.8700000e+00
   1.8700000e+00
   1.8700000e+00
   1.8700000e+00
   1.8700000e+00
   1.8700000e+00
   1.8700000e+00
   1.8700000e+00
   1.8700000e+00
   1.8700000e+00
   1.8700000e+00
   1.8700000e+00
   1.8700000e+00
   1.8700000e+00
   1.8700000e+00
   1.8700000e+00
   1.8700000e+00
   1.8690000e+00
   1.8690000e+00
   1.8690000e+00
   1.8690000e+00
   1.8690000e+00
   1.8690000e+00
   1.8690000e+00
   1.8690000e+00
   1.8690000e+00
   1.8690000e+00
   1.8680000e+00
   1.8680000e+00
   1.8680000e+00
   1.8680000e+00
   1.8680000e+00
   1.8680000e+00
   1.8680000e+00
   1.8680000e+00
   1.8670000e+00
   1.8670000e+00
   1.8670000e+00
   1.8670000e+00
   1.8670000e+00
   1.8670000e+00
   1.8670000e+00
   1.8660000e+00
   1.8660000e+00
   1.8660000e+00
   1.8660000e+00
   1.8660000e+00
   1.8660000e+00
   1.8650000e+00
   1.8650000e+00
   1.8650000e+00
   1.8650000e+00
   1.8650000e+00
   1.8650000e+00
   1.8650000e+00
   1.8640000e+00
   1.8640000e+00
   1.8640000e+00
   1.8640000e+00
   1.8640000e+00
   1.8640000e+00
   1.8630000e+00
   1.8630000e+00
   1.8630000e+00
   1.8630000e+00
   1.8630000e+00
   1.8630000e+00
   1.8620000e+00
   1.8620000e+00
   1.8620000e+00
   1.8620000e+00
   1.8620000e+00
   1.8620000e+00
   1.8610000e+00
   1.8610000e+00
   1.8610000e+00
   1.8610000e+00
   1.8610000e+00
   1.8600000e+00
   1.8600000e+00
   1.8600000e+00
   1.8600000e+00
   1.8600000e+00
   1.8590000e+00
   1.8590000e+00
   1.8590000e+00
   1.8590000e+00
   1.8590000e+00
   1.8590000e+00
   1.8580000e+00
   1.8580000e+00
   1.8580000e+00
   1.8580000e+00
   1.8580000e+00
   1.8570000e+00
   1.8570000e+00
   1.8570000e+00
   1.8570000e+00
   1.8570000e+00
   1.8560000e+00
   1.8560000e+00
   1.8560000e+00
   1.8560000e+00
   1.8560000e+00
   1.8560000e+00
   1.8550000e+00
   1.8550000e+00
   1.8550000e+00
   1.8550000e+00
   1.8550000e+00
   1.8540000e+00
   1.8540000e+00
   1.8540000e+00
   1.8540000e+00
   1.8530000e+00
   1.8530000e+00
   1.8530000e+00
   1.8530000e+00
   1.8520000e+00
   1.8520000e+00
   1.8520000e+00
   1.8520000e+00
   1.8520000e+00
   1.8510000e+00
   1.8510000e+00
   1.8510000e+00
   1.8510000e+00
   1.8500000e+00
   1.8500000e+00
   1.8500000e+00
   1.8490000e+00
   1.8490000e+00
   1.8490000e+00
   1.8490000e+00
   1.8490000e+00
   1.8480000e+00
   1.8480000e+00
   1.8480000e+00
   1.8480000e+00
   1.8470000e+00
   1.8470000e+00
   1.8470000e+00
   1.8470000e+00
   1.8470000e+00
   1.8460000e+00
   1.8460000e+00
   1.8460000e+00
   1.8460000e+00
   1.8450000e+00
   1.8450000e+00
   1.8450000e+00
   1.8450000e+00
   1.8440000e+00
   1.8440000e+00
   1.8440000e+00
   1.8440000e+00
   1.8430000e+00
   1.8430000e+00
   1.8430000e+00
   1.8430000e+00
   1.8420000e+00
   1.8420000e+00
   1.8420000e+00
   1.8420000e+00
   1.8420000e+00
   1.8410000e+00
   1.8410000e+00
   1.8410000e+00
   1.8410000e+00
   1.8410000e+00
   1.8400000e+00
   1.8400000e+00
   1.8400000e+00
   1.8400000e+00
   1.8400000e+00
   1.8400000e+00
   1.8400000e+00
   1.8390000e+00
   1.8390000e+00
   1.8390000e+00
   1.8390000e+00
   1.8390000e+00
   1.8390000e+00
   1.8390000e+00
   1.8390000e+00
   1.8390000e+00
   1.8380000e+00
   1.8380000e+00
   1.8380000e+00
   1.8380000e+00
   1.8380000e+00
   1.8380000e+00
   1.8380000e+00
   1.8380000e+00
   1.8380000e+00
   1.8370000e+00
   1.8370000e+00
   1.8370000e+00
   1.8370000e+00
   1.8370000e+00
   1.8370000e+00
   1.8370000e+00
   1.8370000e+00
   1.8370000e+00
   1.8370000e+00
   1.8370000e+00
   1.8370000e+00
   1.8360000e+00
   1.8360000e+00
   1.8360000e+00
   1.8360000e+00
   1.8360000e+00
   1.8360000e+00
   1.8360000e+00
   1.8360000e+00
   1.8360000e+00
   1.8360000e+00
   1.8360000e+00
   1.8360000e+00
   1.8360000e+00
   1.8360000e+00
   1.8360000e+00
   1.8360000e+00
   1.8360000e+00
   1.8360000e+00
   1.8360000e+00
   1.8360000e+00
   1.8360000e+00
   1.8360000e+00
   1.8360000e+00
   1.8360000e+00
   1.8360000e+00
   1.8360000e+00
   1.8360000e+00
   1.8360000e+00
   1.8360000e+00
   1.8350000e+00
   1.8350000e+00
   1.8350000e+00
   1.8350000e+00
   1.8350000e+00
   1.8350000e+00
   1.8350000e+00
   1.8350000e+00
   1.8350000e+00
   1.8350000e+00
   1.8350000e+00
   1.8340000e+00
   1.8340000e+00
   1.8340000e+00
   1.8340000e+00
   1.8340000e+00
   1.8340000e+00
   1.8340000e+00
   1.8340000e+00
   1.8340000e+00
   1.8330000e+00
   1.8330000e+00
   1.8330000e+00
   1.8330000e+00
   1.8330000e+00
   1.8330000e+00
   1.8330000e+00
   1.8330000e+00
   1.8330000e+00
   1.8320000e+00
   1.8320000e+00
   1.8320000e+00
   1.8320000e+00
   1.8320000e+00
   1.8320000e+00
   1.8320000e+00
   1.8310000e+00
   1.8310000e+00
   1.8310000e+00
   1.8310000e+00
   1.8310000e+00
   1.8310000e+00
   1.8310000e+00
   1.8300000e+00
   1.8300000e+00
   1.8300000e+00
   1.8300000e+00
   1.8300000e+00
   1.8300000e+00
   1.8300000e+00
   1.8300000e+00
   1.8290000e+00
   1.8290000e+00
   1.8290000e+00
   1.8290000e+00
   1.8290000e+00
   1.8290000e+00
   1.8290000e+00
   1.8280000e+00
   1.8280000e+00
   1.8280000e+00
   1.8280000e+00
   1.8280000e+00
   1.8280000e+00
   1.8280000e+00
   1.8270000e+00
   1.8270000e+00
   1.8270000e+00
   1.8270000e+00
   1.8270000e+00
   1.8270000e+00
   1.8260000e+00
   1.8260000e+00
   1.8260000e+00
   1.8260000e+00
   1.8260000e+00
   1.8260000e+00
   1.8250000e+00
   1.8250000e+00
   1.8250000e+00
   1.8250000e+00
   1.8250000e+00
   1.8250000e+00
   1.8240000e+00
   1.8240000e+00
   1.8240000e+00
   1.8240000e+00
   1.8240000e+00
   1.8240000e+00
   1.8230000e+00
   1.8230000e+00
   1.8230000e+00
   1.8230000e+00
   1.8230000e+00
   1.8230000e+00
   1.8220000e+00
   1.8220000e+00
   1.8220000e+00
   1.8220000e+00
   1.8220000e+00
   1.8220000e+00
   1.8220000e+00
   1.8210000e+00
   1.8210000e+00
   1.8210000e+00
   1.8210000e+00
   1.8210000e+00
   1.8210000e+00
   1.8200000e+00
   1.8200000e+00
   1.8200000e+00
   1.8200000e+00
   1.8200000e+00
   1.8190000e+00
   1.8190000e+00
   1.8190000e+00
   1.8190000e+00
   1.8190000e+00
   1.8190000e+00
   1.8190000e+00
   1.8180000e+00
   1.8180000e+00
   1.8180000e+00
   1.8180000e+00
   1.8180000e+00
   1.8180000e+00
   1.8180000e+00
   1.8180000e+00
   1.8170000e+00
   1.8170000e+00
   1.8170000e+00
   1.8170000e+00
   1.8170000e+00
   1.8170000e+00
   1.8170000e+00
   1.8160000e+00
   1.8160000e+00
   1.8160000e+00
   1.8160000e+00
   1.8160000e+00
   1.8160000e+00
   1.8160000e+00
   1.8160000e+00
   1.8150000e+00
   1.8150000e+00
   1.8150000e+00
   1.8150000e+00
   1.8150000e+00
   1.8150000e+00
   1.8150000e+00
   1.8150000e+00
   1.8140000e+00
   1.8140000e+00
   1.8140000e+00
   1.8140000e+00
   1.8140000e+00
   1.8140000e+00
   1.8140000e+00
   1.8140000e+00
   1.8130000e+00
   1.8130000e+00
   1.8130000e+00
   1.8130000e+00
   1.8130000e+00
   1.8130000e+00
   1.8130000e+00
   1.8130000e+00
   1.8120000e+00
   1.8120000e+00
   1.8120000e+00
   1.8120000e+00
   1.8120000e+00
   1.8120000e+00
   1.8120000e+00
   1.8120000e+00
   1.8110000e+00
   1.8110000e+00
   1.8110000e+00
   1.8110000e+00
   1.8110000e+00
   1.8110000e+00
   1.8110000e+00
   1.8110000e+00
   1.8100000e+00
   1.8100000e+00
   1.8100000e+00
   1.8100000e+00
   1.8100000e+00
   1.8100000e+00
   1.8100000e+00
   1.8100000e+00
   1.8090000e+00
   1.8090000e+00
   1.8090000e+00
   1.8090000e+00
   1.8090000e+00
   1.8090000e+00
   1.8090000e+00
   1.8090000e+00
   1.8080000e+00
   1.8080000e+00
   1.8080000e+00
   1.8080000e+00
   1.8080000e+00
   1.8080000e+00
   1.8080000e+00
   1.8080000e+00
   1.8070000e+00
   1.8070000e+00
   1.8070000e+00
   1.8070000e+00
   1.8070000e+00
   1.8070000e+00
   1.8060000e+00
   1.8060000e+00
   1.8060000e+00
   1.8060000e+00
   1.8060000e+00
   1.8060000e+00
   1.8050000e+00
   1.8050000e+00
   1.8050000e+00
   1.8050000e+00
   1.8050000e+00
   1.8050000e+00
   1.8040000e+00
   1.8040000e+00
   1.8040000e+00
   1.8040000e+00
   1.8040000e+00
   1.8040000e+00
   1.8040000e+00
   1.8030000e+00
   1.8030000e+00
   1.8030000e+00
   1.8030000e+00
   1.8030000e+00
   1.8030000e+00
   1.8030000e+00
   1.8020000e+00
   1.8020000e+00
   1.8020000e+00
   1.8020000e+00
   1.8020000e+00
   1.8020000e+00
   1.8020000e+00
   1.8010000e+00
   1.8010000e+00
   1.8010000e+00
   1.8010000e+00
   1.8010000e+00
   1.8010000e+00
   1.8010000e+00
   1.8000000e+00
   1.8000000e+00
   1.8000000e+00
   1.8000000e+00
   1.8000000e+00
   1.8000000e+00
   1.8000000e+00
   1.7990000e+00
   1.7990000e+00
   1.7990000e+00
   1.7990000e+00
   1.7990000e+00
   1.7990000e+00
   1.7990000e+00
   1.7980000e+00
   1.7980000e+00
   1.7980000e+00
   1.7980000e+00
   1.7980000e+00
   1.7980000e+00
   1.7980000e+00
   1.7980000e+00
   1.7970000e+00
   1.7970000e+00
   1.7970000e+00
   1.7970000e+00
   1.7970000e+00
   1.7970000e+00
   1.7970000e+00
   1.7960000e+00
   1.7960000e+00
   1.7960000e+00
   1.7960000e+00
   1.7960000e+00
   1.7960000e+00
   1.7960000e+00
   1.7950000e+00
   1.7950000e+00
   1.7950000e+00
   1.7950000e+00
   1.7950000e+00
   1.7950000e+00
   1.7950000e+00
   1.7950000e+00
   1.7950000e+00
   1.7950000e+00
   1.7940000e+00
   1.7940000e+00
   1.7940000e+00
   1.7940000e+00
   1.7940000e+00
   1.7940000e+00
   1.7940000e+00
   1.7940000e+00
   1.7940000e+00
   1.7940000e+00
   1.7940000e+00
   1.7940000e+00
   1.7940000e+00
   1.7940000e+00
   1.7940000e+00
   1.7930000e+00
   1.7940000e+00
   1.7930000e+00
   1.7930000e+00
   1.7930000e+00
   1.7930000e+00
   1.7930000e+00
   1.7930000e+00
   1.7930000e+00
   1.7930000e+00
   1.7930000e+00
   1.7930000e+00
   1.7930000e+00
   1.7930000e+00
   1.7930000e+00
   1.7930000e+00
   1.7930000e+00
   1.7930000e+00
   1.7930000e+00
   1.7930000e+00
   1.7930000e+00
   1.7930000e+00
   1.7930000e+00
   1.7930000e+00
   1.7930000e+00
   1.7930000e+00
   1.7930000e+00
   1.7930000e+00
   1.7930000e+00
   1.7930000e+00
   1.7930000e+00
   1.7930000e+00
   1.7930000e+00
   1.7930000e+00
   1.7930000e+00
   1.7930000e+00
   1.7930000e+00
   1.7930000e+00
   1.7920000e+00
   1.7920000e+00
   1.7920000e+00
   1.7920000e+00
   1.7920000e+00
   1.7920000e+00
   1.7920000e+00
   1.7920000e+00
   1.7920000e+00
   1.7920000e+00
   1.7920000e+00
   1.7920000e+00
   1.7920000e+00
   1.7920000e+00
   1.7920000e+00
   1.7920000e+00
   1.7920000e+00
   1.7920000e+00
   1.7920000e+00
   1.7920000e+00
   1.7920000e+00
   1.7920000e+00
   1.7920000e+00
   1.7920000e+00
   1.7920000e+00
   1.7910000e+00
   1.7910000e+00
   1.7910000e+00
   1.7910000e+00
   1.7910000e+00
   1.7910000e+00
   1.7910000e+00
   1.7910000e+00
   1.7910000e+00
   1.7910000e+00
   1.7910000e+00
   1.7910000e+00
   1.7910000e+00
   1.7910000e+00
   1.7910000e+00
   1.7910000e+00
   1.7900000e+00
   1.7900000e+00
   1.7900000e+00
   1.7900000e+00
   1.7900000e+00
   1.7900000e+00
   1.7900000e+00
   1.7900000e+00
   1.7900000e+00
   1.7900000e+00
   1.7900000e+00
   1.7900000e+00
   1.7900000e+00
   1.7900000e+00
   1.7890000e+00
   1.7890000e+00
   1.7890000e+00
   1.7890000e+00
   1.7890000e+00
   1.7890000e+00
   1.7890000e+00
   1.7890000e+00
   1.7890000e+00
   1.7890000e+00
   1.7890000e+00
   1.7880000e+00
   1.7880000e+00
   1.7880000e+00
   1.7880000e+00
   1.7880000e+00
   1.7880000e+00
   1.7880000e+00
   1.7880000e+00
   1.7880000e+00
   1.7880000e+00
   1.7880000e+00
   1.7880000e+00
   1.7870000e+00
   1.7870000e+00
   1.7870000e+00
   1.7870000e+00
   1.7870000e+00
   1.7870000e+00
   1.7870000e+00
   1.7870000e+00
   1.7870000e+00
   1.7870000e+00
   1.7860000e+00
   1.7860000e+00
   1.7860000e+00
   1.7860000e+00
   1.7860000e+00
   1.7860000e+00
   1.7860000e+00
   1.7860000e+00
   1.7860000e+00
   1.7860000e+00
   1.7860000e+00
   1.7850000e+00
   1.7850000e+00
   1.7850000e+00
   1.7850000e+00
   1.7850000e+00
   1.7850000e+00
   1.7850000e+00
   1.7850000e+00
   1.7850000e+00
   1.7850000e+00
   1.7850000e+00
   1.7840000e+00
   1.7840000e+00
   1.7840000e+00
   1.7840000e+00
   1.7840000e+00
   1.7840000e+00
   1.7840000e+00
   1.7840000e+00
   1.7840000e+00
   1.7840000e+00
   1.7840000e+00
   1.7830000e+00
   1.7830000e+00
   1.7830000e+00
   1.7830000e+00
   1.7830000e+00
   1.7830000e+00
   1.7830000e+00
   1.7830000e+00
   1.7830000e+00
   1.7830000e+00
   1.7820000e+00
   1.7820000e+00
   1.7820000e+00
   1.7820000e+00
   1.7820000e+00
   1.7820000e+00
   1.7820000e+00
   1.7820000e+00
   1.7820000e+00
   1.7810000e+00
   1.7810000e+00
   1.7810000e+00
   1.7810000e+00
   1.7810000e+00
   1.7810000e+00
   1.7810000e+00
   1.7810000e+00
   1.7810000e+00
   1.7810000e+00
   1.7810000e+00
   1.7800000e+00
   1.7800000e+00
   1.7800000e+00
   1.7800000e+00
   1.7800000e+00
   1.7800000e+00
   1.7800000e+00
   1.7800000e+00
   1.7800000e+00
   1.7790000e+00
   1.7790000e+00
   1.7790000e+00
   1.7790000e+00
   1.7790000e+00
   1.7790000e+00
   1.7790000e+00
   1.7790000e+00
   1.7790000e+00
   1.7780000e+00
   1.7780000e+00
   1.7780000e+00
   1.7780000e+00
   1.7780000e+00
   1.7780000e+00
   1.7780000e+00
   1.7780000e+00
   1.7770000e+00
   1.7770000e+00
   1.7770000e+00
   1.7770000e+00
   1.7770000e+00
   1.7770000e+00
   1.7770000e+00
   1.7770000e+00
   1.7760000e+00
   1.7760000e+00
   1.7760000e+00
   1.7760000e+00
   1.7760000e+00
   1.7760000e+00
   1.7760000e+00
   1.7750000e+00
   1.7750000e+00
   1.7750000e+00
   1.7750000e+00
   1.7750000e+00
   1.7750000e+00
   1.7750000e+00
   1.7740000e+00
   1.7740000e+00
   1.7740000e+00
   1.7740000e+00
   1.7740000e+00
   1.7740000e+00
   1.7740000e+00
   1.7740000e+00
   1.7730000e+00
   1.7730000e+00
   1.7730000e+00
   1.7730000e+00
   1.7730000e+00
   1.7730000e+00
   1.7730000e+00
   1.7720000e+00
   1.7720000e+00
   1.7720000e+00
   1.7720000e+00
   1.7720000e+00
   1.7720000e+00
   1.7720000e+00
   1.7710000e+00
   1.7710000e+00
   1.7710000e+00
   1.7710000e+00
   1.7710000e+00
   1.7710000e+00
   1.7710000e+00
   1.7700000e+00
   1.7700000e+00
   1.7700000e+00
   1.7700000e+00
   1.7700000e+00
   1.7700000e+00
   1.7700000e+00
   1.7690000e+00
   1.7690000e+00
   1.7690000e+00
   1.7690000e+00
   1.7690000e+00
   1.7690000e+00
   1.7690000e+00
   1.7690000e+00
   1.7690000e+00
   1.7680000e+00
   1.7680000e+00
   1.7680000e+00
   1.7680000e+00
   1.7680000e+00
   1.7680000e+00
   1.7680000e+00
   1.7680000e+00
   1.7680000e+00
   1.7670000e+00
   1.7670000e+00
   1.7670000e+00
   1.7670000e+00
   1.7670000e+00
   1.7670000e+00
   1.7670000e+00
   1.7670000e+00
   1.7670000e+00
   1.7670000e+00
   1.7670000e+00
   1.7670000e+00
   1.7670000e+00
   1.7660000e+00
   1.7660000e+00
   1.7660000e+00
   1.7660000e+00
   1.7660000e+00
   1.7660000e+00
   1.7660000e+00
   1.7660000e+00
   1.7660000e+00
   1.7660000e+00
   1.7660000e+00
   1.7660000e+00
   1.7660000e+00
   1.7660000e+00
   1.7660000e+00
   1.7660000e+00
   1.7650000e+00
   1.7650000e+00
   1.7650000e+00
   1.7650000e+00
   1.7650000e+00
   1.7650000e+00
   1.7650000e+00
   1.7650000e+00
   1.7650000e+00
   1.7650000e+00
   1.7650000e+00
   1.7650000e+00
   1.7650000e+00
   1.7650000e+00
   1.7640000e+00
   1.7640000e+00
   1.7640000e+00
   1.7640000e+00
   1.7640000e+00
   1.7640000e+00
   1.7640000e+00
   1.7640000e+00
   1.7640000e+00
   1.7640000e+00
   1.7640000e+00
   1.7640000e+00
   1.7640000e+00
   1.7640000e+00
   1.7640000e+00
   1.7630000e+00
   1.7630000e+00
   1.7630000e+00
   1.7630000e+00
   1.7630000e+00
   1.7630000e+00
   1.7630000e+00
   1.7630000e+00
   1.7630000e+00
   1.7630000e+00
   1.7630000e+00
   1.7630000e+00
   1.7630000e+00
   1.7630000e+00
   1.7620000e+00
   1.7620000e+00
   1.7620000e+00
   1.7620000e+00
   1.7620000e+00
   1.7620000e+00
   1.7620000e+00
   1.7620000e+00
   1.7620000e+00
   1.7620000e+00
   1.7620000e+00
   1.7620000e+00
   1.7620000e+00
   1.7620000e+00
   1.7620000e+00
   1.7610000e+00
   1.7610000e+00
   1.7610000e+00
   1.7610000e+00
   1.7610000e+00
   1.7610000e+00
   1.7610000e+00
   1.7610000e+00
   1.7610000e+00
   1.7610000e+00
   1.7610000e+00
   1.7610000e+00
   1.7610000e+00
   1.7610000e+00
   1.7610000e+00
   1.7610000e+00
   1.7600000e+00
   1.7600000e+00
   1.7600000e+00
   1.7600000e+00
   1.7600000e+00
   1.7600000e+00
   1.7600000e+00
   1.7600000e+00
   1.7600000e+00
   1.7600000e+00
   1.7600000e+00
   1.7600000e+00
   1.7600000e+00
   1.7600000e+00
   1.7590000e+00
   1.7590000e+00
   1.7590000e+00
   1.7590000e+00
   1.7590000e+00
   1.7590000e+00
   1.7590000e+00
   1.7590000e+00
   1.7590000e+00
   1.7590000e+00
   1.7590000e+00
   1.7590000e+00
   1.7590000e+00
   1.7580000e+00
   1.7580000e+00
   1.7580000e+00
   1.7580000e+00
   1.7580000e+00
   1.7580000e+00
   1.7580000e+00
   1.7580000e+00
   1.7580000e+00
   1.7580000e+00
   1.7580000e+00
   1.7570000e+00
   1.7570000e+00
   1.7570000e+00
   1.7570000e+00
   1.7570000e+00
   1.7570000e+00
   1.7570000e+00
   1.7570000e+00
   1.7570000e+00
   1.7570000e+00
   1.7570000e+00
   1.7570000e+00
   1.7560000e+00
   1.7560000e+00
   1.7560000e+00
   1.7560000e+00
   1.7560000e+00
   1.7560000e+00
   1.7560000e+00
   1.7560000e+00
   1.7560000e+00
   1.7560000e+00
   1.7560000e+00
   1.7550000e+00
   1.7550000e+00
   1.7550000e+00
   1.7550000e+00
   1.7550000e+00
   1.7550000e+00
   1.7550000e+00
   1.7550000e+00
   1.7550000e+00
   1.7550000e+00
   1.7550000e+00
   1.7550000e+00
   1.7540000e+00
   1.7540000e+00
   1.7540000e+00
   1.7540000e+00
   1.7540000e+00
   1.7540000e+00
   1.7540000e+00
   1.7540000e+00
   1.7540000e+00
   1.7540000e+00
   1.7540000e+00
   1.7530000e+00
   1.7530000e+00
   1.7530000e+00
   1.7530000e+00
   1.7530000e+00
   1.7530000e+00
   1.7530000e+00
   1.7530000e+00
   1.7530000e+00
   1.7530000e+00
   1.7530000e+00
   1.7530000e+00
   1.7520000e+00
   1.7520000e+00
   1.7520000e+00
   1.7520000e+00
   1.7520000e+00
   1.7520000e+00
   1.7520000e+00
   1.7520000e+00
   1.7520000e+00
   1.7520000e+00
   1.7520000e+00
   1.7520000e+00
   1.7510000e+00
   1.7510000e+00
   1.7510000e+00
   1.7510000e+00
   1.7510000e+00
   1.7510000e+00
   1.7510000e+00
   1.7510000e+00
   1.7510000e+00
   1.7510000e+00
   1.7510000e+00
   1.7510000e+00
   1.7510000e+00
   1.7510000e+00
   1.7500000e+00
   1.7500000e+00
   1.7500000e+00
   1.7500000e+00
   1.7500000e+00
   1.7500000e+00
   1.7500000e+00
   1.7500000e+00
   1.7500000e+00
   1.7500000e+00
   1.7500000e+00
   1.7500000e+00
   1.7500000e+00
   1.7490000e+00
   1.7490000e+00
   1.7490000e+00
   1.7490000e+00
   1.7490000e+00
   1.7490000e+00
   1.7490000e+00
   1.7490000e+00
   1.7490000e+00
   1.7490000e+00
   1.7480000e+00
   1.7480000e+00
   1.7480000e+00
   1.7480000e+00
   1.7480000e+00
   1.7480000e+00
   1.7480000e+00
   1.7480000e+00
   1.7480000e+00
   1.7480000e+00
   1.7470000e+00
   1.7470000e+00
   1.7470000e+00
   1.7470000e+00
   1.7470000e+00
   1.7470000e+00
   1.7470000e+00
   1.7470000e+00
   1.7470000e+00
   1.7470000e+00
   1.7460000e+00
   1.7460000e+00
   1.7460000e+00
   1.7460000e+00
   1.7460000e+00
   1.7460000e+00
   1.7460000e+00
   1.7460000e+00
   1.7460000e+00
   1.7460000e+00
   1.7450000e+00
   1.7450000e+00
   1.7450000e+00
   1.7450000e+00
   1.7450000e+00
   1.7450000e+00
   1.7450000e+00
   1.7450000e+00
   1.7450000e+00
   1.7440000e+00
   1.7440000e+00
   1.7440000e+00
   1.7440000e+00
   1.7440000e+00
   1.7440000e+00
   1.7440000e+00
   1.7440000e+00
   1.7440000e+00
   1.7440000e+00
   1.7440000e+00
   1.7440000e+00
   1.7430000e+00
   1.7430000e+00
   1.7430000e+00
   1.7430000e+00
   1.7430000e+00
   1.7430000e+00
   1.7430000e+00
   1.7430000e+00
   1.7430000e+00
   1.7430000e+00
   1.7420000e+00
   1.7420000e+00
   1.7420000e+00
   1.7420000e+00
   1.7420000e+00
   1.7420000e+00
   1.7420000e+00
   1.7420000e+00
   1.7420000e+00
   1.7420000e+00
   1.7420000e+00
   1.7420000e+00
   1.7420000e+00
   1.7420000e+00
   1.7420000e+00
   1.7420000e+00
   1.7420000e+00
   1.7420000e+00
   1.7410000e+00
   1.7410000e+00
   1.7410000e+00
   1.7410000e+00
   1.7410000e+00
   1.7410000e+00
   1.7410000e+00
   1.7410000e+00
   1.7410000e+00
   1.7410000e+00
   1.7410000e+00
   1.7410000e+00
   1.7410000e+00
   1.7410000e+00
   1.7410000e+00
   1.7410000e+00
   1.7410000e+00
   1.7410000e+00
   1.7410000e+00
   1.7410000e+00
   1.7410000e+00
   1.7410000e+00
   1.7410000e+00
   1.7410000e+00
   1.7400000e+00
   1.7400000e+00
   1.7400000e+00
   1.7400000e+00
   1.7400000e+00
   1.7400000e+00
   1.7400000e+00
   1.7400000e+00
   1.7400000e+00
   1.7400000e+00
   1.7400000e+00
   1.7400000e+00
   1.7400000e+00
   1.7400000e+00
   1.7400000e+00
   1.7400000e+00
   1.7400000e+00
   1.7400000e+00
   1.7400000e+00
   1.7400000e+00
   1.7400000e+00
   1.7390000e+00
   1.7390000e+00
   1.7390000e+00
   1.7390000e+00
   1.7390000e+00
   1.7390000e+00
   1.7390000e+00
   1.7390000e+00
   1.7390000e+00
   1.7390000e+00
   1.7390000e+00
   1.7390000e+00
   1.7390000e+00
   1.7390000e+00
   1.7390000e+00
   1.7390000e+00
   1.7390000e+00
   1.7380000e+00
   1.7380000e+00
