   7.8760000e+00
   7.8760000e+00
   7.8750000e+00
   7.8730000e+00
   7.8720000e+00
   7.8690000e+00
   7.8690000e+00
   7.8650000e+00
   7.8640000e+00
   7.8610000e+00
   7.8590000e+00
   7.8570000e+00
   7.8550000e+00
   7.8540000e+00
   7.8500000e+00
   7.8500000e+00
   7.8460000e+00
   7.8450000e+00
   7.8410000e+00
   7.8400000e+00
   7.8380000e+00
   7.8350000e+00
   7.8330000e+00
   7.8300000e+00
   7.8280000e+00
   7.8250000e+00
   7.8230000e+00
   7.8200000e+00
   7.8180000e+00
   7.8150000e+00
   7.8120000e+00
   7.8100000e+00
   7.8060000e+00
   7.8050000e+00
   7.8000000e+00
   7.7990000e+00
   7.7950000e+00
   7.7930000e+00
   7.7900000e+00
   7.7870000e+00
   7.7850000e+00
   7.7810000e+00
   7.7790000e+00
   7.7750000e+00
   7.7740000e+00
   7.7690000e+00
   7.7680000e+00
   7.7640000e+00
   7.7620000e+00
   7.7600000e+00
   7.7560000e+00
   7.7540000e+00
   7.7510000e+00
   7.7500000e+00
   7.7460000e+00
   7.7440000e+00
   7.7400000e+00
   7.7360000e+00
   7.7310000e+00
   7.7270000e+00
   7.7240000e+00
   7.7190000e+00
   7.7170000e+00
   7.7130000e+00
   7.7110000e+00
   7.7080000e+00
   7.7050000e+00
   7.7020000e+00
   7.6990000e+00
   7.6970000e+00
   7.6940000e+00
   7.6930000e+00
   7.6900000e+00
   7.6890000e+00
   7.6860000e+00
   7.6850000e+00
   7.6830000e+00
   7.6810000e+00
   7.6810000e+00
   7.6770000e+00
   7.6760000e+00
   7.6730000e+00
   7.6720000e+00
   7.6690000e+00
   7.6680000e+00
   7.6670000e+00
   7.6660000e+00
   7.6660000e+00
   7.6650000e+00
   7.6660000e+00
   7.6650000e+00
   7.6670000e+00
   7.6670000e+00
   7.6680000e+00
   7.6700000e+00
   7.6710000e+00
   7.6730000e+00
   7.6750000e+00
   7.6770000e+00
   7.6780000e+00
   7.6820000e+00
   7.6830000e+00
   7.6870000e+00
   7.6890000e+00
   7.6920000e+00
   7.6960000e+00
   7.6980000e+00
   7.7020000e+00
   7.7040000e+00
   7.7080000e+00
   7.7100000e+00
   7.7150000e+00
   7.7170000e+00
   7.7210000e+00
   7.7250000e+00
   7.7280000e+00
   7.7330000e+00
   7.7350000e+00
   7.7410000e+00
   7.7430000e+00
   7.7490000e+00
   7.7520000e+00
   7.7570000e+00
   7.7620000e+00
   7.7660000e+00
   7.7720000e+00
   7.7750000e+00
   7.7810000e+00
   7.7850000e+00
   7.7920000e+00
   7.7960000e+00
   7.8010000e+00
   7.8060000e+00
   7.8100000e+00
   7.8170000e+00
   7.8200000e+00
   7.8260000e+00
   7.8280000e+00
   7.8330000e+00
   7.8350000e+00
   7.8390000e+00
   7.8410000e+00
   7.8430000e+00
   7.8470000e+00
   7.8480000e+00
   7.8520000e+00
   7.8530000e+00
   7.8570000e+00
   7.8590000e+00
   7.8620000e+00
   7.8650000e+00
   7.8670000e+00
   7.8710000e+00
   7.8720000e+00
   7.8750000e+00
   7.8760000e+00
   7.8790000e+00
   7.8790000e+00
   7.8810000e+00
   7.8820000e+00
   7.8820000e+00
   7.8830000e+00
   7.8820000e+00
   7.8830000e+00
   7.8820000e+00
   7.8820000e+00
   7.8810000e+00
   7.8810000e+00
   7.8790000e+00
   7.8780000e+00
   7.8770000e+00
   7.8750000e+00
   7.8760000e+00
   7.8730000e+00
   7.8730000e+00
   7.8700000e+00
   7.8690000e+00
   7.8670000e+00
   7.8660000e+00
   7.8650000e+00
   7.8620000e+00
   7.8620000e+00
   7.8590000e+00
   7.8590000e+00
   7.8550000e+00
   7.8550000e+00
   7.8510000e+00
   7.8500000e+00
   7.8480000e+00
   7.8450000e+00
   7.8440000e+00
   7.8410000e+00
   7.8400000e+00
   7.8360000e+00
   7.8350000e+00
   7.8310000e+00
   7.8290000e+00
   7.8250000e+00
   7.8220000e+00
   7.8190000e+00
   7.8150000e+00
   7.8140000e+00
   7.8090000e+00
   7.8080000e+00
   7.8040000e+00
   7.8020000e+00
   7.7990000e+00
   7.7960000e+00
   7.7930000e+00
   7.7890000e+00
   7.7880000e+00
   7.7840000e+00
   7.7820000e+00
   7.7780000e+00
   7.7770000e+00
   7.7740000e+00
   7.7710000e+00
   7.7690000e+00
   7.7660000e+00
   7.7640000e+00
   7.7600000e+00
   7.7590000e+00
   7.7550000e+00
   7.7550000e+00
   7.7510000e+00
   7.7490000e+00
   7.7480000e+00
   7.7440000e+00
   7.7430000e+00
   7.7390000e+00
   7.7380000e+00
   7.7340000e+00
   7.7320000e+00
   7.7280000e+00
   7.7260000e+00
   7.7240000e+00
   7.7210000e+00
   7.7200000e+00
   7.7160000e+00
   7.7150000e+00
   7.7110000e+00
   7.7100000e+00
   7.7070000e+00
   7.7050000e+00
   7.7030000e+00
   7.7010000e+00
   7.7000000e+00
   7.6970000e+00
   7.6970000e+00
   7.6940000e+00
   7.6930000e+00
   7.6910000e+00
   7.6900000e+00
   7.6880000e+00
   7.6870000e+00
   7.6860000e+00
   7.6840000e+00
   7.6840000e+00
   7.6810000e+00
   7.6810000e+00
   7.6780000e+00
   7.6770000e+00
   7.6740000e+00
   7.6720000e+00
   7.6710000e+00
   7.6690000e+00
   7.6690000e+00
   7.6660000e+00
   7.6670000e+00
   7.6640000e+00
   7.6650000e+00
   7.6630000e+00
   7.6620000e+00
   7.6610000e+00
   7.6590000e+00
   7.6590000e+00
   7.6560000e+00
   7.6560000e+00
   7.6530000e+00
   7.6520000e+00
   7.6490000e+00
   7.6480000e+00
   7.6450000e+00
   7.6440000e+00
   7.6430000e+00
   7.6410000e+00
   7.6420000e+00
   7.6390000e+00
   7.6400000e+00
   7.6380000e+00
   7.6380000e+00
   7.6370000e+00
   7.6350000e+00
   7.6340000e+00
   7.6320000e+00
   7.6320000e+00
   7.6290000e+00
   7.6290000e+00
   7.6270000e+00
   7.6270000e+00
   7.6250000e+00
   7.6240000e+00
   7.6240000e+00
   7.6220000e+00
   7.6220000e+00
   7.6190000e+00
   7.6200000e+00
   7.6180000e+00
   7.6180000e+00
   7.6170000e+00
   7.6170000e+00
   7.6160000e+00
   7.6150000e+00
   7.6160000e+00
   7.6140000e+00
   7.6160000e+00
   7.6140000e+00
   7.6140000e+00
   7.6130000e+00
   7.6130000e+00
   7.6120000e+00
   7.6120000e+00
   7.6120000e+00
   7.6110000e+00
   7.6120000e+00
   7.6100000e+00
   7.6110000e+00
   7.6100000e+00
   7.6100000e+00
   7.6090000e+00
   7.6090000e+00
   7.6100000e+00
   7.6080000e+00
   7.6090000e+00
   7.6070000e+00
   7.6080000e+00
   7.6070000e+00
   7.6070000e+00
   7.6060000e+00
   7.6060000e+00
   7.6060000e+00
   7.6040000e+00
   7.6050000e+00
   7.6030000e+00
   7.6030000e+00
   7.6020000e+00
   7.6020000e+00
   7.6010000e+00
   7.6010000e+00
   7.6010000e+00
   7.5990000e+00
   7.6000000e+00
   7.5980000e+00
   7.6000000e+00
   7.5980000e+00
   7.5990000e+00
   7.5980000e+00
   7.5980000e+00
   7.5980000e+00
   7.5970000e+00
   7.5980000e+00
   7.5960000e+00
   7.5980000e+00
   7.5970000e+00
   7.5980000e+00
   7.5970000e+00
   7.5980000e+00
   7.5990000e+00
   7.5990000e+00
   7.6010000e+00
   7.6010000e+00
   7.6040000e+00
   7.6050000e+00
   7.6080000e+00
   7.6090000e+00
   7.6120000e+00
   7.6150000e+00
   7.6170000e+00
   7.6210000e+00
   7.6240000e+00
   7.6280000e+00
   7.6300000e+00
   7.6350000e+00
   7.6370000e+00
   7.6420000e+00
   7.6450000e+00
   7.6490000e+00
   7.6540000e+00
   7.6570000e+00
   7.6630000e+00
   7.6660000e+00
   7.6710000e+00
   7.6740000e+00
   7.6800000e+00
   7.6840000e+00
   7.6880000e+00
   7.6940000e+00
   7.6970000e+00
   7.7040000e+00
   7.7070000e+00
   7.7130000e+00
   7.7160000e+00
   7.7220000e+00
   7.7260000e+00
   7.7310000e+00
   7.7350000e+00
   7.7390000e+00
   7.7440000e+00
   7.7470000e+00
   7.7530000e+00
   7.7550000e+00
   7.7610000e+00
   7.7640000e+00
   7.7680000e+00
   7.7720000e+00
   7.7750000e+00
   7.7800000e+00
   7.7820000e+00
   7.7870000e+00
   7.7890000e+00
   7.7940000e+00
   7.7960000e+00
   7.7990000e+00
   7.8010000e+00
   7.8040000e+00
   7.8070000e+00
   7.8080000e+00
   7.8110000e+00
   7.8120000e+00
   7.8150000e+00
   7.8150000e+00
   7.8170000e+00
   7.8180000e+00
   7.8200000e+00
   7.8210000e+00
   7.8210000e+00
   7.8240000e+00
   7.8230000e+00
   7.8250000e+00
   7.8250000e+00
   7.8260000e+00
   7.8260000e+00
   7.8270000e+00
   7.8270000e+00
   7.8270000e+00
   7.8280000e+00
   7.8260000e+00
   7.8270000e+00
   7.8240000e+00
   7.8250000e+00
   7.8220000e+00
   7.8210000e+00
   7.8200000e+00
   7.8180000e+00
   7.8180000e+00
   7.8150000e+00
   7.8140000e+00
   7.8110000e+00
   7.8100000e+00
   7.8080000e+00
   7.8060000e+00
   7.8040000e+00
   7.8020000e+00
   7.8010000e+00
   7.7970000e+00
   7.7970000e+00
   7.7930000e+00
   7.7920000e+00
   7.7890000e+00
   7.7870000e+00
   7.7840000e+00
   7.7810000e+00
   7.7790000e+00
   7.7750000e+00
   7.7730000e+00
   7.7690000e+00
   7.7680000e+00
   7.7640000e+00
   7.7620000e+00
   7.7580000e+00
   7.7550000e+00
   7.7530000e+00
   7.7490000e+00
   7.7480000e+00
   7.7440000e+00
   7.7430000e+00
   7.7390000e+00
   7.7380000e+00
   7.7350000e+00
   7.7330000e+00
   7.7310000e+00
   7.7280000e+00
   7.7270000e+00
   7.7230000e+00
   7.7220000e+00
   7.7190000e+00
   7.7180000e+00
   7.7150000e+00
   7.7130000e+00
   7.7120000e+00
   7.7090000e+00
   7.7080000e+00
   7.7050000e+00
   7.7040000e+00
   7.7010000e+00
   7.7000000e+00
   7.6970000e+00
   7.6950000e+00
   7.6930000e+00
   7.6900000e+00
   7.6890000e+00
   7.6850000e+00
   7.6840000e+00
   7.6810000e+00
   7.6800000e+00
   7.6770000e+00
   7.6760000e+00
   7.6730000e+00
   7.6710000e+00
   7.6700000e+00
   7.6670000e+00
   7.6670000e+00
   7.6640000e+00
   7.6630000e+00
   7.6610000e+00
   7.6590000e+00
   7.6570000e+00
   7.6550000e+00
   7.6540000e+00
   7.6510000e+00
   7.6500000e+00
   7.6470000e+00
   7.6470000e+00
   7.6440000e+00
   7.6440000e+00
   7.6420000e+00
   7.6400000e+00
   7.6400000e+00
   7.6370000e+00
   7.6370000e+00
   7.6350000e+00
   7.6350000e+00
   7.6330000e+00
   7.6320000e+00
   7.6300000e+00
   7.6300000e+00
   7.6280000e+00
   7.6260000e+00
   7.6260000e+00
   7.6240000e+00
   7.6240000e+00
   7.6210000e+00
   7.6200000e+00
   7.6190000e+00
   7.6180000e+00
   7.6160000e+00
   7.6150000e+00
   7.6150000e+00
   7.6120000e+00
   7.6120000e+00
   7.6100000e+00
   7.6100000e+00
   7.6080000e+00
   7.6070000e+00
   7.6060000e+00
   7.6050000e+00
   7.6040000e+00
   7.6020000e+00
   7.6020000e+00
   7.6000000e+00
   7.6000000e+00
   7.5980000e+00
   7.5970000e+00
   7.5960000e+00
   7.5950000e+00
   7.5940000e+00
   7.5920000e+00
   7.5930000e+00
   7.5910000e+00
   7.5910000e+00
   7.5890000e+00
   7.5890000e+00
   7.5870000e+00
   7.5860000e+00
   7.5850000e+00
   7.5830000e+00
   7.5830000e+00
   7.5810000e+00
   7.5810000e+00
   7.5790000e+00
   7.5790000e+00
   7.5770000e+00
   7.5760000e+00
   7.5750000e+00
   7.5730000e+00
   7.5730000e+00
   7.5710000e+00
   7.5710000e+00
   7.5690000e+00
   7.5680000e+00
   7.5670000e+00
   7.5660000e+00
   7.5650000e+00
   7.5630000e+00
   7.5630000e+00
   7.5610000e+00
   7.5610000e+00
   7.5590000e+00
   7.5600000e+00
   7.5580000e+00
   7.5580000e+00
   7.5570000e+00
   7.5560000e+00
   7.5560000e+00
   7.5540000e+00
   7.5550000e+00
   7.5530000e+00
   7.5530000e+00
   7.5510000e+00
   7.5520000e+00
   7.5510000e+00
   7.5500000e+00
   7.5500000e+00
   7.5490000e+00
   7.5490000e+00
   7.5480000e+00
   7.5490000e+00
   7.5470000e+00
   7.5470000e+00
   7.5460000e+00
   7.5460000e+00
   7.5460000e+00
   7.5450000e+00
   7.5460000e+00
   7.5440000e+00
   7.5450000e+00
   7.5430000e+00
   7.5440000e+00
   7.5430000e+00
   7.5430000e+00
   7.5430000e+00
   7.5420000e+00
   7.5430000e+00
   7.5410000e+00
   7.5420000e+00
   7.5400000e+00
   7.5410000e+00
   7.5400000e+00
   7.5400000e+00
   7.5390000e+00
   7.5380000e+00
   7.5390000e+00
   7.5380000e+00
   7.5390000e+00
   7.5370000e+00
   7.5380000e+00
   7.5370000e+00
   7.5370000e+00
   7.5380000e+00
   7.5370000e+00
   7.5380000e+00
   7.5360000e+00
   7.5380000e+00
   7.5360000e+00
   7.5380000e+00
   7.5370000e+00
   7.5370000e+00
   7.5370000e+00
   7.5360000e+00
   7.5370000e+00
   7.5360000e+00
   7.5370000e+00
   7.5360000e+00
   7.5370000e+00
   7.5370000e+00
   7.5370000e+00
   7.5370000e+00
   7.5370000e+00
   7.5380000e+00
   7.5380000e+00
   7.5390000e+00
   7.5390000e+00
   7.5410000e+00
   7.5410000e+00
   7.5430000e+00
   7.5430000e+00
   7.5440000e+00
   7.5460000e+00
   7.5450000e+00
   7.5480000e+00
   7.5470000e+00
   7.5490000e+00
   7.5490000e+00
   7.5500000e+00
   7.5500000e+00
   7.5510000e+00
   7.5530000e+00
   7.5530000e+00
   7.5550000e+00
   7.5550000e+00
   7.5570000e+00
   7.5570000e+00
   7.5590000e+00
   7.5590000e+00
   7.5600000e+00
   7.5610000e+00
   7.5610000e+00
   7.5630000e+00
   7.5620000e+00
   7.5640000e+00
   7.5630000e+00
   7.5650000e+00
   7.5650000e+00
   7.5670000e+00
   7.5670000e+00
   7.5670000e+00
   7.5690000e+00
   7.5690000e+00
   7.5710000e+00
   7.5710000e+00
   7.5730000e+00
   7.5740000e+00
   7.5760000e+00
   7.5780000e+00
   7.5790000e+00
   7.5820000e+00
   7.5830000e+00
   7.5860000e+00
   7.5880000e+00
   7.5920000e+00
   7.5940000e+00
   7.5990000e+00
   7.6030000e+00
   7.6070000e+00
   7.6120000e+00
   7.6170000e+00
   7.6230000e+00
   7.6270000e+00
   7.6340000e+00
   7.6390000e+00
   7.6450000e+00
   7.6500000e+00
   7.6560000e+00
   7.6610000e+00
   7.6660000e+00
   7.6720000e+00
   7.6760000e+00
   7.6830000e+00
   7.6870000e+00
   7.6930000e+00
   7.6980000e+00
   7.7040000e+00
   7.7090000e+00
   7.7140000e+00
   7.7200000e+00
   7.7240000e+00
   7.7300000e+00
   7.7350000e+00
   7.7410000e+00
   7.7460000e+00
   7.7510000e+00
   7.7570000e+00
   7.7610000e+00
   7.7670000e+00
   7.7700000e+00
   7.7760000e+00
   7.7790000e+00
   7.7850000e+00
   7.7880000e+00
   7.7930000e+00
   7.7970000e+00
   7.8000000e+00
   7.8050000e+00
   7.8060000e+00
   7.8100000e+00
   7.8110000e+00
   7.8150000e+00
   7.8160000e+00
   7.8190000e+00
   7.8200000e+00
   7.8220000e+00
   7.8240000e+00
   7.8240000e+00
   7.8270000e+00
   7.8260000e+00
   7.8290000e+00
   7.8280000e+00
   7.8300000e+00
   7.8310000e+00
   7.8310000e+00
   7.8320000e+00
   7.8320000e+00
   7.8330000e+00
   7.8320000e+00
   7.8330000e+00
   7.8320000e+00
   7.8320000e+00
   7.8320000e+00
   7.8310000e+00
   7.8300000e+00
   7.8280000e+00
   7.8280000e+00
   7.8250000e+00
   7.8250000e+00
   7.8230000e+00
   7.8220000e+00
   7.8200000e+00
   7.8170000e+00
   7.8150000e+00
   7.8110000e+00
   7.8090000e+00
   7.8050000e+00
   7.8040000e+00
   7.8000000e+00
   7.7980000e+00
   7.7950000e+00
   7.7920000e+00
   7.7900000e+00
   7.7870000e+00
   7.7850000e+00
   7.7810000e+00
   7.7800000e+00
   7.7760000e+00
   7.7740000e+00
   7.7710000e+00
   7.7690000e+00
   7.7660000e+00
   7.7630000e+00
   7.7610000e+00
   7.7580000e+00
   7.7570000e+00
   7.7530000e+00
   7.7510000e+00
   7.7480000e+00
   7.7460000e+00
   7.7440000e+00
   7.7410000e+00
   7.7390000e+00
   7.7350000e+00
   7.7340000e+00
   7.7300000e+00
   7.7290000e+00
   7.7260000e+00
   7.7240000e+00
   7.7210000e+00
   7.7180000e+00
   7.7160000e+00
   7.7120000e+00
   7.7100000e+00
   7.7060000e+00
   7.7050000e+00
   7.7010000e+00
   7.6990000e+00
   7.6960000e+00
   7.6930000e+00
   7.6910000e+00
   7.6880000e+00
   7.6870000e+00
   7.6830000e+00
   7.6820000e+00
   7.6790000e+00
   7.6780000e+00
   7.6750000e+00
   7.6740000e+00
   7.6710000e+00
   7.6690000e+00
   7.6680000e+00
   7.6650000e+00
   7.6660000e+00
   7.6620000e+00
   7.6620000e+00
   7.6600000e+00
   7.6590000e+00
   7.6570000e+00
   7.6550000e+00
   7.6550000e+00
   7.6520000e+00
   7.6520000e+00
   7.6490000e+00
   7.6490000e+00
   7.6470000e+00
   7.6460000e+00
   7.6440000e+00
   7.6420000e+00
   7.6410000e+00
   7.6380000e+00
   7.6370000e+00
   7.6340000e+00
   7.6330000e+00
   7.6310000e+00
   7.6300000e+00
   7.6280000e+00
   7.6270000e+00
   7.6260000e+00
   7.6230000e+00
   7.6230000e+00
   7.6210000e+00
   7.6210000e+00
   7.6190000e+00
   7.6190000e+00
   7.6170000e+00
   7.6160000e+00
   7.6160000e+00
   7.6140000e+00
   7.6130000e+00
   7.6110000e+00
   7.6120000e+00
   7.6090000e+00
   7.6090000e+00
   7.6080000e+00
   7.6070000e+00
   7.6060000e+00
   7.6050000e+00
   7.6050000e+00
   7.6030000e+00
   7.6040000e+00
   7.6020000e+00
   7.6010000e+00
   7.6000000e+00
   7.5980000e+00
   7.5970000e+00
   7.5950000e+00
   7.5950000e+00
   7.5930000e+00
   7.5930000e+00
   7.5910000e+00
   7.5910000e+00
   7.5890000e+00
   7.5890000e+00
   7.5880000e+00
   7.5870000e+00
   7.5870000e+00
   7.5860000e+00
   7.5860000e+00
   7.5840000e+00
   7.5850000e+00
   7.5830000e+00
   7.5840000e+00
   7.5830000e+00
   7.5820000e+00
   7.5820000e+00
   7.5810000e+00
   7.5810000e+00
   7.5790000e+00
   7.5800000e+00
   7.5780000e+00
   7.5780000e+00
   7.5760000e+00
   7.5760000e+00
   7.5750000e+00
   7.5740000e+00
   7.5740000e+00
   7.5720000e+00
   7.5730000e+00
   7.5710000e+00
   7.5710000e+00
   7.5700000e+00
   7.5700000e+00
   7.5690000e+00
   7.5680000e+00
   7.5680000e+00
   7.5660000e+00
   7.5670000e+00
   7.5650000e+00
   7.5660000e+00
   7.5650000e+00
   7.5650000e+00
   7.5650000e+00
   7.5640000e+00
   7.5640000e+00
   7.5630000e+00
   7.5630000e+00
   7.5610000e+00
   7.5610000e+00
   7.5600000e+00
   7.5590000e+00
   7.5580000e+00
   7.5580000e+00
   7.5580000e+00
   7.5560000e+00
   7.5570000e+00
   7.5550000e+00
   7.5560000e+00
   7.5550000e+00
   7.5560000e+00
   7.5550000e+00
   7.5550000e+00
   7.5560000e+00
   7.5550000e+00
   7.5560000e+00
   7.5560000e+00
   7.5570000e+00
   7.5560000e+00
   7.5580000e+00
   7.5580000e+00
   7.5580000e+00
   7.5600000e+00
   7.5590000e+00
   7.5610000e+00
   7.5610000e+00
   7.5630000e+00
   7.5630000e+00
   7.5650000e+00
   7.5660000e+00
   7.5670000e+00
   7.5690000e+00
   7.5700000e+00
   7.5720000e+00
   7.5720000e+00
   7.5750000e+00
   7.5750000e+00
   7.5780000e+00
   7.5790000e+00
   7.5800000e+00
   7.5810000e+00
   7.5820000e+00
   7.5830000e+00
   7.5830000e+00
   7.5850000e+00
   7.5850000e+00
   7.5870000e+00
   7.5870000e+00
   7.5880000e+00
   7.5890000e+00
   7.5890000e+00
   7.5910000e+00
   7.5900000e+00
   7.5910000e+00
   7.5910000e+00
   7.5920000e+00
   7.5920000e+00
   7.5930000e+00
   7.5940000e+00
   7.5940000e+00
   7.5950000e+00
   7.5940000e+00
   7.5950000e+00
   7.5940000e+00
   7.5950000e+00
   7.5940000e+00
   7.5940000e+00
   7.5940000e+00
   7.5930000e+00
   7.5940000e+00
   7.5930000e+00
   7.5930000e+00
   7.5920000e+00
   7.5920000e+00
   7.5910000e+00
   7.5910000e+00
   7.5900000e+00
   7.5900000e+00
   7.5900000e+00
   7.5890000e+00
   7.5890000e+00
   7.5880000e+00
   7.5880000e+00
   7.5870000e+00
   7.5870000e+00
   7.5870000e+00
   7.5860000e+00
   7.5860000e+00
   7.5850000e+00
   7.5860000e+00
   7.5850000e+00
   7.5860000e+00
   7.5850000e+00
   7.5860000e+00
   7.5850000e+00
   7.5850000e+00
   7.5840000e+00
   7.5830000e+00
   7.5830000e+00
   7.5810000e+00
   7.5810000e+00
   7.5790000e+00
   7.5790000e+00
   7.5770000e+00
   7.5760000e+00
   7.5750000e+00
   7.5730000e+00
   7.5740000e+00
   7.5730000e+00
   7.5750000e+00
   7.5740000e+00
   7.5750000e+00
   7.5740000e+00
   7.5750000e+00
   7.5740000e+00
   7.5730000e+00
   7.5740000e+00
   7.5720000e+00
   7.5730000e+00
   7.5710000e+00
   7.5720000e+00
   7.5700000e+00
   7.5710000e+00
   7.5700000e+00
   7.5690000e+00
   7.5700000e+00
   7.5690000e+00
   7.5700000e+00
   7.5680000e+00
   7.5690000e+00
   7.5670000e+00
   7.5680000e+00
   7.5670000e+00
   7.5660000e+00
   7.5660000e+00
   7.5640000e+00
   7.5650000e+00
   7.5630000e+00
   7.5640000e+00
   7.5620000e+00
   7.5620000e+00
   7.5620000e+00
   7.5610000e+00
   7.5610000e+00
   7.5600000e+00
   7.5610000e+00
   7.5590000e+00
   7.5600000e+00
   7.5590000e+00
   7.5590000e+00
   7.5590000e+00
   7.5590000e+00
   7.5590000e+00
   7.5580000e+00
   7.5580000e+00
   7.5570000e+00
   7.5580000e+00
   7.5570000e+00
   7.5580000e+00
   7.5570000e+00
   7.5570000e+00
   7.5570000e+00
   7.5570000e+00
   7.5580000e+00
   7.5560000e+00
   7.5570000e+00
   7.5570000e+00
   7.5570000e+00
   7.5560000e+00
   7.5560000e+00
   7.5550000e+00
   7.5540000e+00
   7.5540000e+00
   7.5520000e+00
   7.5520000e+00
   7.5500000e+00
   7.5500000e+00
   7.5480000e+00
   7.5480000e+00
   7.5470000e+00
   7.5460000e+00
   7.5460000e+00
   7.5450000e+00
   7.5460000e+00
   7.5440000e+00
   7.5450000e+00
   7.5440000e+00
   7.5450000e+00
   7.5440000e+00
   7.5430000e+00
   7.5440000e+00
   7.5420000e+00
   7.5430000e+00
   7.5410000e+00
   7.5420000e+00
   7.5400000e+00
   7.5410000e+00
   7.5410000e+00
   7.5410000e+00
   7.5410000e+00
   7.5400000e+00
   7.5410000e+00
   7.5400000e+00
   7.5420000e+00
   7.5400000e+00
   7.5420000e+00
   7.5410000e+00
   7.5420000e+00
   7.5420000e+00
   7.5410000e+00
   7.5420000e+00
   7.5400000e+00
   7.5410000e+00
   7.5390000e+00
   7.5400000e+00
   7.5390000e+00
   7.5390000e+00
   7.5390000e+00
   7.5380000e+00
   7.5390000e+00
   7.5380000e+00
   7.5390000e+00
   7.5380000e+00
   7.5390000e+00
   7.5390000e+00
   7.5400000e+00
   7.5400000e+00
   7.5400000e+00
   7.5420000e+00
   7.5410000e+00
   7.5430000e+00
   7.5420000e+00
   7.5440000e+00
   7.5440000e+00
   7.5440000e+00
   7.5450000e+00
   7.5450000e+00
   7.5460000e+00
   7.5450000e+00
   7.5470000e+00
   7.5460000e+00
   7.5470000e+00
   7.5470000e+00
   7.5480000e+00
   7.5480000e+00
   7.5480000e+00
   7.5490000e+00
   7.5470000e+00
   7.5480000e+00
   7.5460000e+00
   7.5470000e+00
   7.5470000e+00
   7.5470000e+00
   7.5470000e+00
   7.5470000e+00
   7.5470000e+00
   7.5460000e+00
   7.5460000e+00
   7.5450000e+00
   7.5460000e+00
   7.5440000e+00
   7.5450000e+00
   7.5440000e+00
   7.5440000e+00
   7.5450000e+00
   7.5430000e+00
   7.5440000e+00
   7.5430000e+00
   7.5440000e+00
   7.5430000e+00
   7.5430000e+00
   7.5430000e+00
   7.5440000e+00
   7.5440000e+00
   7.5430000e+00
   7.5440000e+00
   7.5420000e+00
   7.5430000e+00
   7.5420000e+00
   7.5420000e+00
   7.5420000e+00
   7.5420000e+00
   7.5420000e+00
   7.5420000e+00
   7.5430000e+00
   7.5420000e+00
   7.5430000e+00
   7.5430000e+00
   7.5440000e+00
   7.5440000e+00
   7.5440000e+00
   7.5450000e+00
   7.5450000e+00
   7.5470000e+00
   7.5470000e+00
   7.5480000e+00
   7.5480000e+00
   7.5490000e+00
   7.5490000e+00
   7.5500000e+00
   7.5500000e+00
   7.5500000e+00
   7.5510000e+00
   7.5500000e+00
   7.5520000e+00
   7.5510000e+00
   7.5520000e+00
   7.5520000e+00
   7.5530000e+00
   7.5530000e+00
   7.5530000e+00
   7.5540000e+00
   7.5530000e+00
   7.5550000e+00
   7.5540000e+00
   7.5550000e+00
   7.5550000e+00
   7.5560000e+00
   7.5560000e+00
   7.5560000e+00
   7.5570000e+00
   7.5560000e+00
   7.5580000e+00
   7.5560000e+00
   7.5580000e+00
   7.5560000e+00
   7.5570000e+00
   7.5570000e+00
   7.5570000e+00
   7.5580000e+00
   7.5570000e+00
   7.5590000e+00
   7.5580000e+00
   7.5600000e+00
   7.5590000e+00
   7.5600000e+00
   7.5600000e+00
   7.5600000e+00
   7.5610000e+00
   7.5610000e+00
   7.5630000e+00
   7.5620000e+00
   7.5640000e+00
   7.5630000e+00
   7.5650000e+00
   7.5650000e+00
   7.5660000e+00
   7.5660000e+00
   7.5650000e+00
   7.5660000e+00
   7.5650000e+00
   7.5660000e+00
   7.5650000e+00
   7.5660000e+00
   7.5660000e+00
   7.5660000e+00
   7.5670000e+00
   7.5660000e+00
   7.5680000e+00
   7.5670000e+00
   7.5700000e+00
   7.5690000e+00
   7.5720000e+00
   7.5720000e+00
   7.5740000e+00
   7.5750000e+00
   7.5760000e+00
   7.5790000e+00
   7.5800000e+00
   7.5830000e+00
   7.5840000e+00
   7.5880000e+00
   7.5900000e+00
   7.5940000e+00
   7.5970000e+00
   7.6000000e+00
   7.6050000e+00
   7.6070000e+00
   7.6130000e+00
   7.6150000e+00
   7.6200000e+00
   7.6220000e+00
   7.6270000e+00
   7.6300000e+00
   7.6330000e+00
   7.6360000e+00
   7.6370000e+00
   7.6410000e+00
   7.6420000e+00
   7.6450000e+00
   7.6460000e+00
   7.6420000e+00
   7.6360000e+00
   7.6320000e+00
   7.6310000e+00
   7.6290000e+00
   7.6320000e+00
   7.6310000e+00
   7.6350000e+00
   7.6350000e+00
   7.6390000e+00
   7.6400000e+00
   7.6430000e+00
   7.6460000e+00
   7.6480000e+00
   7.6550000e+00
   7.6620000e+00
   7.6700000e+00
   7.6760000e+00
   7.6820000e+00
   7.6860000e+00
   7.6890000e+00
   7.6920000e+00
   7.6940000e+00
   7.6970000e+00
   7.6970000e+00
   7.7010000e+00
   7.7010000e+00
   7.7040000e+00
   7.7050000e+00
   7.7070000e+00
   7.7070000e+00
   7.7080000e+00
   7.7090000e+00
   7.7090000e+00
   7.7110000e+00
   7.7100000e+00
   7.7120000e+00
   7.7110000e+00
   7.7120000e+00
   7.7120000e+00
   7.7120000e+00
   7.7130000e+00
   7.7130000e+00
   7.7150000e+00
   7.7140000e+00
   7.7170000e+00
   7.7160000e+00
   7.7180000e+00
   7.7180000e+00
   7.7180000e+00
   7.7190000e+00
   7.7190000e+00
   7.7200000e+00
   7.7190000e+00
   7.7200000e+00
   7.7170000e+00
   7.7170000e+00
   7.7160000e+00
   7.7140000e+00
   7.7130000e+00
   7.7110000e+00
   7.7110000e+00
   7.7080000e+00
   7.7060000e+00
   7.7000000e+00
   7.7020000e+00
   7.7040000e+00
   7.7070000e+00
   7.7100000e+00
   7.7130000e+00
   7.7160000e+00
   7.7180000e+00
   7.7220000e+00
   7.7220000e+00
   7.7260000e+00
   7.7270000e+00
   7.7300000e+00
   7.7320000e+00
   7.7350000e+00
   7.7380000e+00
   7.7400000e+00
   7.7450000e+00
   7.7470000e+00
   7.7510000e+00
   7.7530000e+00
   7.7580000e+00
   7.7600000e+00
   7.7640000e+00
   7.7660000e+00
   7.7670000e+00
   7.7690000e+00
   7.7700000e+00
   7.7730000e+00
   7.7740000e+00
   7.7780000e+00
   7.7790000e+00
   7.7820000e+00
   7.7850000e+00
   7.7870000e+00
   7.7900000e+00
   7.7900000e+00
   7.7930000e+00
   7.7940000e+00
   7.7970000e+00
   7.7990000e+00
   7.8020000e+00
   7.8040000e+00
   7.8050000e+00
   7.8080000e+00
   7.8090000e+00
   7.8120000e+00
   7.8120000e+00
   7.8150000e+00
   7.8160000e+00
   7.8180000e+00
   7.8190000e+00
   7.8200000e+00
   7.8220000e+00
   7.8220000e+00
   7.8240000e+00
   7.8240000e+00
   7.8250000e+00
   7.8240000e+00
   7.8250000e+00
   7.8250000e+00
   7.8240000e+00
   7.8240000e+00
   7.8240000e+00
   7.8250000e+00
   7.8240000e+00
   7.8260000e+00
   7.8260000e+00
   7.8270000e+00
   7.8270000e+00
   7.8290000e+00
   7.8300000e+00
   7.8310000e+00
   7.8340000e+00
   7.8350000e+00
   7.8370000e+00
   7.8370000e+00
   7.8400000e+00
   7.8400000e+00
   7.8420000e+00
   7.8440000e+00
   7.8450000e+00
   7.8470000e+00
   7.8480000e+00
   7.8500000e+00
   7.8500000e+00
   7.8520000e+00
   7.8520000e+00
   7.8530000e+00
   7.8530000e+00
   7.8520000e+00
   7.8520000e+00
   7.8510000e+00
   7.8520000e+00
   7.8510000e+00
   7.8530000e+00
   7.8510000e+00
   7.8520000e+00
   7.8510000e+00
   7.8510000e+00
   7.8510000e+00
   7.8490000e+00
   7.8500000e+00
   7.8480000e+00
   7.8480000e+00
   7.8460000e+00
   7.8460000e+00
   7.8440000e+00
   7.8430000e+00
   7.8430000e+00
   7.8410000e+00
   7.8410000e+00
   7.8380000e+00
   7.8380000e+00
   7.8350000e+00
   7.8340000e+00
   7.8320000e+00
   7.8290000e+00
   7.8270000e+00
   7.8240000e+00
   7.8230000e+00
   7.8200000e+00
   7.8190000e+00
   7.8160000e+00
   7.8160000e+00
   7.8130000e+00
   7.8120000e+00
   7.8100000e+00
   7.8080000e+00
   7.8070000e+00
   7.8040000e+00
   7.8030000e+00
   7.8010000e+00
   7.8000000e+00
   7.7970000e+00
   7.7960000e+00
   7.7940000e+00
   7.7920000e+00
   7.7900000e+00
   7.7870000e+00
   7.7860000e+00
   7.7810000e+00
   7.7800000e+00
   7.7770000e+00
   7.7740000e+00
   7.7720000e+00
   7.7690000e+00
   7.7680000e+00
   7.7650000e+00
   7.7630000e+00
   7.7590000e+00
   7.7580000e+00
   7.7550000e+00
   7.7540000e+00
   7.7510000e+00
   7.7500000e+00
   7.7490000e+00
   7.7470000e+00
   7.7470000e+00
   7.7460000e+00
   7.7460000e+00
   7.7450000e+00
   7.7450000e+00
   7.7450000e+00
   7.7450000e+00
   7.7470000e+00
   7.7470000e+00
   7.7500000e+00
   7.7520000e+00
   7.7560000e+00
   7.7580000e+00
   7.7620000e+00
   7.7650000e+00
   7.7700000e+00
   7.7740000e+00
   7.7780000e+00
   7.7840000e+00
   7.7880000e+00
   7.7950000e+00
   7.8000000e+00
   7.8070000e+00
   7.8120000e+00
   7.8190000e+00
   7.8250000e+00
   7.8300000e+00
   7.8370000e+00
   7.8420000e+00
   7.8500000e+00
   7.8550000e+00
   7.8630000e+00
   7.8700000e+00
   7.8770000e+00
   7.8840000e+00
   7.8900000e+00
   7.8980000e+00
   7.9030000e+00
   7.9110000e+00
   7.9170000e+00
   7.9240000e+00
   7.9290000e+00
   7.9350000e+00
   7.9410000e+00
   7.9450000e+00
   7.9510000e+00
   7.9540000e+00
   7.9590000e+00
   7.9610000e+00
   7.9660000e+00
   7.9680000e+00
   7.9720000e+00
   7.9740000e+00
   7.9760000e+00
   7.9790000e+00
   7.9800000e+00
   7.9840000e+00
   7.9840000e+00
   7.9870000e+00
   7.9880000e+00
   7.9900000e+00
   7.9910000e+00
   7.9920000e+00
   7.9930000e+00
   7.9920000e+00
   7.9940000e+00
   7.9910000e+00
   7.9920000e+00
   7.9900000e+00
   7.9900000e+00
   7.9880000e+00
   7.9860000e+00
   7.9850000e+00
   7.9830000e+00
   7.9820000e+00
   7.9790000e+00
   7.9790000e+00
   7.9760000e+00
   7.9760000e+00
   7.9740000e+00
   7.9730000e+00
   7.9720000e+00
   7.9700000e+00
   7.9700000e+00
   7.9670000e+00
   7.9680000e+00
   7.9640000e+00
   7.9640000e+00
   7.9610000e+00
   7.9600000e+00
   7.9580000e+00
   7.9570000e+00
   7.9550000e+00
   7.9520000e+00
   7.9520000e+00
   7.9490000e+00
   7.9490000e+00
   7.9460000e+00
   7.9450000e+00
   7.9420000e+00
   7.9400000e+00
   7.9380000e+00
   7.9350000e+00
   7.9340000e+00
   7.9310000e+00
   7.9300000e+00
   7.9270000e+00
   7.9260000e+00
   7.9240000e+00
   7.9210000e+00
   7.9180000e+00
   7.9140000e+00
   7.9120000e+00
   7.9080000e+00
   7.9070000e+00
   7.9030000e+00
   7.9020000e+00
   7.9000000e+00
   7.8980000e+00
   7.8970000e+00
   7.8950000e+00
   7.8950000e+00
   7.8920000e+00
   7.8920000e+00
   7.8900000e+00
   7.8900000e+00
   7.8880000e+00
   7.8870000e+00
   7.8860000e+00
   7.8840000e+00
   7.8830000e+00
   7.8810000e+00
   7.8800000e+00
   7.8770000e+00
   7.8760000e+00
   7.8730000e+00
   7.8720000e+00
   7.8700000e+00
   7.8670000e+00
   7.8660000e+00
   7.8620000e+00
   7.8620000e+00
   7.8580000e+00
   7.8570000e+00
   7.8540000e+00
   7.8530000e+00
   7.8510000e+00
   7.8490000e+00
   7.8480000e+00
   7.8450000e+00
   7.8450000e+00
   7.8420000e+00
   7.8420000e+00
   7.8400000e+00
   7.8390000e+00
   7.8370000e+00
   7.8350000e+00
   7.8340000e+00
   7.8320000e+00
   7.8320000e+00
   7.8290000e+00
   7.8290000e+00
   7.8270000e+00
   7.8260000e+00
   7.8250000e+00
   7.8250000e+00
   7.8250000e+00
   7.8230000e+00
   7.8240000e+00
   7.8220000e+00
   7.8230000e+00
   7.8220000e+00
   7.8220000e+00
   7.8210000e+00
   7.8220000e+00
   7.8230000e+00
   7.8230000e+00
   7.8250000e+00
   7.8250000e+00
   7.8280000e+00
   7.8280000e+00
   7.8320000e+00
   7.8340000e+00
   7.8360000e+00
   7.8390000e+00
   7.8420000e+00
   7.8460000e+00
   7.8480000e+00
   7.8530000e+00
   7.8550000e+00
   7.8600000e+00
   7.8630000e+00
   7.8670000e+00
   7.8720000e+00
   7.8750000e+00
   7.8800000e+00
   7.8820000e+00
   7.8870000e+00
   7.8900000e+00
   7.8960000e+00
   7.9000000e+00
   7.9050000e+00
   7.9100000e+00
   7.9130000e+00
   7.9180000e+00
   7.9200000e+00
   7.9240000e+00
   7.9240000e+00
   7.9260000e+00
   7.9260000e+00
   7.9270000e+00
   7.9280000e+00
   7.9280000e+00
   7.9290000e+00
   7.9280000e+00
   7.9300000e+00
   7.9290000e+00
   7.9300000e+00
   7.9300000e+00
   7.9290000e+00
   7.9300000e+00
   7.9280000e+00
   7.9290000e+00
   7.9280000e+00
   7.9280000e+00
   7.9260000e+00
   7.9270000e+00
   7.9250000e+00
   7.9250000e+00
   7.9230000e+00
   7.9220000e+00
   7.9210000e+00
   7.9180000e+00
   7.9180000e+00
   7.9150000e+00
   7.9150000e+00
   7.9130000e+00
   7.9120000e+00
   7.9100000e+00
   7.9080000e+00
   7.9080000e+00
   7.9050000e+00
   7.9040000e+00
   7.9000000e+00
   7.8990000e+00
   7.8940000e+00
   7.8920000e+00
   7.8890000e+00
   7.8860000e+00
   7.8840000e+00
   7.8800000e+00
   7.8790000e+00
   7.8750000e+00
   7.8740000e+00
   7.8710000e+00
   7.8690000e+00
   7.8670000e+00
   7.8640000e+00
   7.8630000e+00
   7.8590000e+00
   7.8580000e+00
   7.8550000e+00
   7.8540000e+00
   7.8500000e+00
   7.8490000e+00
   7.8470000e+00
   7.8450000e+00
   7.8430000e+00
   7.8400000e+00
   7.8390000e+00
   7.8360000e+00
   7.8360000e+00
   7.8330000e+00
   7.8320000e+00
   7.8300000e+00
   7.8280000e+00
   7.8270000e+00
   7.8250000e+00
   7.8240000e+00
   7.8200000e+00
   7.8190000e+00
   7.8150000e+00
   7.8130000e+00
   7.8100000e+00
   7.8080000e+00
   7.8060000e+00
   7.8030000e+00
   7.8020000e+00
   7.7980000e+00
   7.7980000e+00
   7.7940000e+00
   7.7920000e+00
   7.7900000e+00
   7.7880000e+00
   7.7860000e+00
   7.7830000e+00
   7.7820000e+00
   7.7790000e+00
   7.7790000e+00
   7.7770000e+00
   7.7760000e+00
   7.7730000e+00
   7.7720000e+00
   7.7710000e+00
   7.7690000e+00
   7.7680000e+00
   7.7650000e+00
   7.7650000e+00
   7.7610000e+00
   7.7600000e+00
   7.7570000e+00
   7.7560000e+00
   7.7540000e+00
   7.7520000e+00
   7.7530000e+00
   7.7500000e+00
   7.7500000e+00
   7.7470000e+00
   7.7480000e+00
   7.7450000e+00
   7.7450000e+00
   7.7440000e+00
   7.7420000e+00
   7.7430000e+00
   7.7410000e+00
   7.7410000e+00
   7.7390000e+00
   7.7400000e+00
   7.7390000e+00
   7.7390000e+00
   7.7380000e+00
   7.7370000e+00
   7.7360000e+00
   7.7350000e+00
