   1.0522000e+01
   1.0519000e+01
   1.0522000e+01
   1.0517000e+01
   1.0520000e+01
   1.0517000e+01
   1.0517000e+01
   1.0517000e+01
   1.0515000e+01
   1.0517000e+01
   1.0513000e+01
   1.0516000e+01
   1.0511000e+01
   1.0513000e+01
   1.0510000e+01
   1.0510000e+01
   1.0509000e+01
   1.0507000e+01
   1.0508000e+01
   1.0503000e+01
   1.0506000e+01
   1.0502000e+01
   1.0503000e+01
   1.0501000e+01
   1.0500000e+01
   1.0500000e+01
   1.0487000e+01
   1.0496000e+01
   1.0493000e+01
   1.0496000e+01
   1.0492000e+01
   1.0493000e+01
   1.0490000e+01
   1.0487000e+01
   1.0486000e+01
   1.0485000e+01
   1.0490000e+01
   1.0487000e+01
   1.0490000e+01
   1.0486000e+01
   1.0486000e+01
   1.0485000e+01
   1.0483000e+01
   1.0484000e+01
   1.0480000e+01
   1.0484000e+01
   1.0480000e+01
   1.0483000e+01
   1.0481000e+01
   1.0481000e+01
   1.0481000e+01
   1.0478000e+01
   1.0480000e+01
   1.0477000e+01
   1.0480000e+01
   1.0477000e+01
   1.0479000e+01
   1.0476000e+01
   1.0476000e+01
   1.0477000e+01
   1.0475000e+01
   1.0473000e+01
   1.0465000e+01
   1.0473000e+01
   1.0470000e+01
   1.0473000e+01
   1.0471000e+01
   1.0469000e+01
   1.0469000e+01
   1.0464000e+01
   1.0467000e+01
   1.0465000e+01
   1.0470000e+01
   1.0468000e+01
   1.0470000e+01
   1.0469000e+01
   1.0468000e+01
   1.0470000e+01
   1.0467000e+01
   1.0469000e+01
   1.0465000e+01
   1.0468000e+01
   1.0464000e+01
   1.0466000e+01
   1.0466000e+01
   1.0465000e+01
   1.0466000e+01
   1.0462000e+01
   1.0465000e+01
   1.0461000e+01
   1.0463000e+01
   1.0456000e+01
   1.0454000e+01
   1.0459000e+01
   1.0457000e+01
   1.0459000e+01
   1.0457000e+01
   1.0461000e+01
   1.0455000e+01
   1.0455000e+01
   1.0453000e+01
   1.0456000e+01
   1.0458000e+01
   1.0457000e+01
   1.0460000e+01
   1.0456000e+01
   1.0459000e+01
   1.0456000e+01
   1.0457000e+01
   1.0456000e+01
   1.0456000e+01
   1.0458000e+01
   1.0455000e+01
   1.0458000e+01
   1.0453000e+01
   1.0456000e+01
   1.0452000e+01
   1.0445000e+01
   1.0449000e+01
   1.0448000e+01
   1.0450000e+01
   1.0446000e+01
   1.0449000e+01
   1.0444000e+01
   1.0444000e+01
   1.0439000e+01
   1.0441000e+01
   1.0443000e+01
   1.0444000e+01
   1.0452000e+01
   1.0448000e+01
   1.0452000e+01
   1.0445000e+01
   1.0442000e+01
   1.0440000e+01
   1.0439000e+01
   1.0441000e+01
   1.0441000e+01
   1.0448000e+01
   1.0446000e+01
   1.0451000e+01
   1.0443000e+01
   1.0443000e+01
   1.0446000e+01
   1.0446000e+01
   1.0448000e+01
   1.0445000e+01
   1.0449000e+01
   1.0444000e+01
   1.0446000e+01
   1.0443000e+01
   1.0446000e+01
   1.0447000e+01
   1.0447000e+01
   1.0449000e+01
   1.0446000e+01
   1.0449000e+01
   1.0445000e+01
   1.0448000e+01
   1.0445000e+01
   1.0446000e+01
   1.0446000e+01
   1.0443000e+01
   1.0445000e+01
   1.0442000e+01
   1.0445000e+01
   1.0437000e+01
   1.0440000e+01
   1.0440000e+01
   1.0440000e+01
   1.0441000e+01
   1.0437000e+01
   1.0440000e+01
   1.0434000e+01
   1.0437000e+01
   1.0435000e+01
   1.0439000e+01
   1.0440000e+01
   1.0440000e+01
   1.0442000e+01
   1.0441000e+01
   1.0445000e+01
   1.0441000e+01
   1.0445000e+01
   1.0443000e+01
   1.0445000e+01
   1.0445000e+01
   1.0445000e+01
   1.0447000e+01
   1.0445000e+01
   1.0449000e+01
   1.0446000e+01
   1.0447000e+01
   1.0434000e+01
   1.0432000e+01
   1.0435000e+01
   1.0446000e+01
   1.0476000e+01
   1.0485000e+01
   1.0494000e+01
   1.0500000e+01
   1.0503000e+01
   1.0496000e+01
   1.0495000e+01
   1.0493000e+01
   1.0488000e+01
   1.0490000e+01
   1.0491000e+01
   1.0508000e+01
   1.0520000e+01
   1.0522000e+01
   1.0524000e+01
   1.0522000e+01
   1.0517000e+01
   1.0510000e+01
   1.0510000e+01
   1.0504000e+01
   1.0506000e+01
   1.0499000e+01
   1.0498000e+01
   1.0499000e+01
   1.0499000e+01
   1.0504000e+01
   1.0504000e+01
   1.0512000e+01
   1.0511000e+01
   1.0515000e+01
   1.0516000e+01
   1.0522000e+01
   1.0527000e+01
   1.0526000e+01
   1.0529000e+01
   1.0525000e+01
   1.0528000e+01
   1.0523000e+01
   1.0523000e+01
   1.0520000e+01
   1.0519000e+01
   1.0522000e+01
   1.0522000e+01
   1.0532000e+01
   1.0540000e+01
   1.0558000e+01
   1.0562000e+01
   1.0581000e+01
   1.0590000e+01
   1.0597000e+01
   1.0606000e+01
   1.0610000e+01
   1.0619000e+01
   1.0621000e+01
   1.0631000e+01
   1.0635000e+01
   1.0641000e+01
   1.0647000e+01
   1.0650000e+01
   1.0655000e+01
   1.0654000e+01
   1.0664000e+01
   1.0672000e+01
   1.0691000e+01
   1.0706000e+01
   1.0721000e+01
   1.0731000e+01
   1.0735000e+01
   1.0743000e+01
   1.0745000e+01
   1.0752000e+01
   1.0751000e+01
   1.0756000e+01
   1.0756000e+01
   1.0757000e+01
   1.0755000e+01
   1.0752000e+01
   1.0751000e+01
   1.0743000e+01
   1.0745000e+01
   1.0744000e+01
   1.0756000e+01
   1.0763000e+01
   1.0771000e+01
   1.0772000e+01
   1.0770000e+01
   1.0772000e+01
   1.0759000e+01
   1.0761000e+01
   1.0757000e+01
   1.0756000e+01
   1.0751000e+01
   1.0747000e+01
   1.0740000e+01
   1.0728000e+01
   1.0722000e+01
   1.0709000e+01
   1.0707000e+01
   1.0706000e+01
   1.0712000e+01
   1.0718000e+01
   1.0718000e+01
   1.0716000e+01
   1.0713000e+01
   1.0715000e+01
   1.0704000e+01
   1.0703000e+01
   1.0699000e+01
   1.0695000e+01
   1.0691000e+01
   1.0684000e+01
   1.0677000e+01
   1.0666000e+01
   1.0660000e+01
   1.0646000e+01
   1.0642000e+01
   1.0643000e+01
   1.0646000e+01
   1.0650000e+01
   1.0644000e+01
   1.0650000e+01
   1.0650000e+01
   1.0650000e+01
   1.0642000e+01
   1.0644000e+01
   1.0641000e+01
   1.0635000e+01
   1.0625000e+01
   1.0622000e+01
   1.0620000e+01
   1.0608000e+01
   1.0601000e+01
   1.0590000e+01
   1.0592000e+01
   1.0598000e+01
   1.0604000e+01
   1.0611000e+01
   1.0611000e+01
   1.0622000e+01
   1.0619000e+01
   1.0616000e+01
   1.0610000e+01
   1.0606000e+01
   1.0602000e+01
   1.0594000e+01
   1.0587000e+01
   1.0574000e+01
   1.0570000e+01
   1.0556000e+01
   1.0549000e+01
   1.0541000e+01
   1.0543000e+01
   1.0549000e+01
   1.0551000e+01
   1.0551000e+01
   1.0545000e+01
   1.0553000e+01
   1.0550000e+01
   1.0547000e+01
   1.0536000e+01
   1.0535000e+01
   1.0536000e+01
   1.0530000e+01
   1.0529000e+01
   1.0516000e+01
   1.0513000e+01
   1.0501000e+01
   1.0493000e+01
   1.0489000e+01
   1.0492000e+01
   1.0502000e+01
   1.0504000e+01
   1.0513000e+01
   1.0506000e+01
   1.0508000e+01
   1.0508000e+01
   1.0508000e+01
   1.0508000e+01
   1.0503000e+01
   1.0502000e+01
   1.0494000e+01
   1.0493000e+01
   1.0486000e+01
   1.0484000e+01
   1.0478000e+01
   1.0473000e+01
   1.0471000e+01
   1.0467000e+01
   1.0472000e+01
   1.0472000e+01
   1.0472000e+01
   1.0471000e+01
   1.0472000e+01
   1.0473000e+01
   1.0473000e+01
   1.0475000e+01
   1.0471000e+01
   1.0470000e+01
   1.0461000e+01
   1.0461000e+01
   1.0458000e+01
   1.0457000e+01
   1.0454000e+01
   1.0449000e+01
   1.0449000e+01
   1.0444000e+01
   1.0447000e+01
   1.0446000e+01
   1.0452000e+01
   1.0451000e+01
   1.0449000e+01
   1.0451000e+01
   1.0449000e+01
   1.0453000e+01
   1.0448000e+01
   1.0450000e+01
   1.0442000e+01
   1.0442000e+01
   1.0439000e+01
   1.0435000e+01
   1.0430000e+01
   1.0416000e+01
   1.0422000e+01
   1.0418000e+01
   1.0423000e+01
   1.0424000e+01
   1.0429000e+01
   1.0427000e+01
   1.0423000e+01
   1.0426000e+01
   1.0426000e+01
   1.0432000e+01
   1.0427000e+01
   1.0428000e+01
   1.0425000e+01
   1.0424000e+01
   1.0422000e+01
   1.0416000e+01
   1.0414000e+01
   1.0405000e+01
   1.0406000e+01
   1.0404000e+01
   1.0411000e+01
   1.0414000e+01
   1.0416000e+01
   1.0417000e+01
   1.0409000e+01
   1.0418000e+01
   1.0416000e+01
   1.0418000e+01
   1.0411000e+01
   1.0411000e+01
   1.0408000e+01
   1.0402000e+01
   1.0400000e+01
   1.0392000e+01
   1.0394000e+01
   1.0390000e+01
   1.0395000e+01
   1.0396000e+01
   1.0402000e+01
   1.0405000e+01
   1.0406000e+01
   1.0408000e+01
   1.0402000e+01
   1.0406000e+01
   1.0401000e+01
   1.0404000e+01
   1.0403000e+01
   1.0400000e+01
   1.0394000e+01
   1.0392000e+01
   1.0395000e+01
   1.0389000e+01
   1.0390000e+01
   1.0386000e+01
   1.0387000e+01
   1.0386000e+01
   1.0384000e+01
   1.0387000e+01
   1.0386000e+01
   1.0390000e+01
   1.0386000e+01
   1.0389000e+01
   1.0385000e+01
   1.0385000e+01
   1.0385000e+01
   1.0383000e+01
   1.0385000e+01
   1.0381000e+01
   1.0383000e+01
   1.0380000e+01
   1.0383000e+01
   1.0381000e+01
   1.0376000e+01
   1.0379000e+01
   1.0378000e+01
   1.0382000e+01
   1.0378000e+01
   1.0380000e+01
   1.0376000e+01
   1.0376000e+01
   1.0372000e+01
   1.0371000e+01
   1.0373000e+01
   1.0370000e+01
   1.0373000e+01
   1.0369000e+01
   1.0372000e+01
   1.0369000e+01
   1.0370000e+01
   1.0370000e+01
   1.0368000e+01
   1.0370000e+01
   1.0367000e+01
   1.0370000e+01
   1.0365000e+01
   1.0369000e+01
   1.0366000e+01
   1.0365000e+01
   1.0359000e+01
   1.0362000e+01
   1.0364000e+01
   1.0360000e+01
   1.0363000e+01
   1.0358000e+01
   1.0360000e+01
   1.0357000e+01
   1.0356000e+01
   1.0359000e+01
   1.0358000e+01
   1.0361000e+01
   1.0358000e+01
   1.0360000e+01
   1.0357000e+01
   1.0358000e+01
   1.0356000e+01
   1.0355000e+01
   1.0356000e+01
   1.0354000e+01
   1.0357000e+01
   1.0353000e+01
   1.0357000e+01
   1.0353000e+01
   1.0354000e+01
   1.0354000e+01
   1.0352000e+01
   1.0354000e+01
   1.0351000e+01
   1.0353000e+01
   1.0350000e+01
   1.0353000e+01
   1.0351000e+01
   1.0350000e+01
   1.0351000e+01
   1.0348000e+01
   1.0351000e+01
   1.0346000e+01
   1.0350000e+01
   1.0346000e+01
   1.0347000e+01
   1.0346000e+01
   1.0345000e+01
   1.0346000e+01
   1.0344000e+01
   1.0347000e+01
   1.0338000e+01
   1.0340000e+01
   1.0341000e+01
   1.0343000e+01
   1.0342000e+01
   1.0341000e+01
   1.0342000e+01
   1.0337000e+01
   1.0340000e+01
   1.0336000e+01
   1.0339000e+01
   1.0339000e+01
   1.0340000e+01
   1.0341000e+01
   1.0339000e+01
   1.0342000e+01
   1.0338000e+01
   1.0342000e+01
   1.0339000e+01
   1.0342000e+01
   1.0340000e+01
   1.0340000e+01
   1.0341000e+01
   1.0338000e+01
   1.0342000e+01
   1.0338000e+01
   1.0341000e+01
   1.0338000e+01
   1.0340000e+01
   1.0339000e+01
   1.0338000e+01
   1.0340000e+01
   1.0337000e+01
   1.0340000e+01
   1.0337000e+01
   1.0340000e+01
   1.0336000e+01
   1.0337000e+01
   1.0338000e+01
   1.0336000e+01
   1.0332000e+01
   1.0332000e+01
   1.0337000e+01
   1.0333000e+01
   1.0334000e+01
   1.0331000e+01
   1.0329000e+01
   1.0326000e+01
   1.0320000e+01
   1.0321000e+01
   1.0318000e+01
   1.0323000e+01
   1.0320000e+01
   1.0322000e+01
   1.0322000e+01
   1.0321000e+01
   1.0322000e+01
   1.0319000e+01
   1.0322000e+01
   1.0320000e+01
   1.0328000e+01
   1.0337000e+01
   1.0351000e+01
   1.0363000e+01
   1.0376000e+01
   1.0392000e+01
   1.0400000e+01
   1.0410000e+01
   1.0411000e+01
   1.0416000e+01
   1.0416000e+01
   1.0417000e+01
   1.0416000e+01
   1.0413000e+01
   1.0415000e+01
   1.0413000e+01
   1.0417000e+01
   1.0409000e+01
   1.0407000e+01
   1.0411000e+01
   1.0411000e+01
   1.0411000e+01
   1.0407000e+01
   1.0408000e+01
   1.0401000e+01
   1.0401000e+01
   1.0397000e+01
   1.0399000e+01
   1.0400000e+01
   1.0400000e+01
   1.0402000e+01
   1.0398000e+01
   1.0401000e+01
   1.0397000e+01
   1.0399000e+01
   1.0397000e+01
   1.0397000e+01
   1.0396000e+01
   1.0395000e+01
   1.0397000e+01
   1.0394000e+01
   1.0398000e+01
   1.0395000e+01
   1.0399000e+01
   1.0399000e+01
   1.0402000e+01
   1.0403000e+01
   1.0400000e+01
   1.0403000e+01
   1.0398000e+01
   1.0398000e+01
   1.0395000e+01
   1.0393000e+01
   1.0386000e+01
   1.0392000e+01
   1.0393000e+01
   1.0389000e+01
   1.0391000e+01
   1.0386000e+01
   1.0387000e+01
   1.0381000e+01
   1.0380000e+01
   1.0381000e+01
   1.0384000e+01
   1.0390000e+01
   1.0387000e+01
   1.0391000e+01
   1.0386000e+01
   1.0387000e+01
   1.0383000e+01
   1.0380000e+01
   1.0378000e+01
   1.0374000e+01
   1.0380000e+01
   1.0379000e+01
   1.0383000e+01
   1.0380000e+01
   1.0383000e+01
   1.0382000e+01
   1.0384000e+01
   1.0385000e+01
   1.0381000e+01
   1.0382000e+01
   1.0368000e+01
   1.0375000e+01
   1.0370000e+01
   1.0368000e+01
   1.0364000e+01
   1.0362000e+01
   1.0369000e+01
   1.0369000e+01
   1.0373000e+01
   1.0370000e+01
   1.0376000e+01
   1.0376000e+01
   1.0380000e+01
   1.0380000e+01
   1.0378000e+01
   1.0379000e+01
   1.0375000e+01
   1.0377000e+01
   1.0370000e+01
   1.0369000e+01
   1.0363000e+01
   1.0359000e+01
   1.0361000e+01
   1.0364000e+01
   1.0371000e+01
   1.0371000e+01
   1.0373000e+01
   1.0370000e+01
   1.0372000e+01
   1.0367000e+01
   1.0363000e+01
   1.0370000e+01
   1.0366000e+01
   1.0368000e+01
   1.0362000e+01
   1.0362000e+01
   1.0354000e+01
   1.0351000e+01
   1.0350000e+01
   1.0354000e+01
   1.0362000e+01
   1.0362000e+01
   1.0367000e+01
   1.0363000e+01
   1.0367000e+01
   1.0368000e+01
   1.0369000e+01
   1.0368000e+01
   1.0364000e+01
   1.0363000e+01
   1.0355000e+01
   1.0355000e+01
   1.0350000e+01
   1.0349000e+01
   1.0349000e+01
   1.0352000e+01
   1.0359000e+01
   1.0362000e+01
   1.0360000e+01
   1.0354000e+01
   1.0362000e+01
   1.0359000e+01
   1.0363000e+01
   1.0360000e+01
   1.0357000e+01
   1.0355000e+01
   1.0349000e+01
   1.0348000e+01
   1.0342000e+01
   1.0344000e+01
   1.0339000e+01
   1.0339000e+01
   1.0342000e+01
   1.0344000e+01
   1.0350000e+01
   1.0350000e+01
   1.0356000e+01
   1.0353000e+01
   1.0353000e+01
   1.0352000e+01
   1.0352000e+01
   1.0353000e+01
   1.0350000e+01
   1.0351000e+01
   1.0340000e+01
   1.0341000e+01
   1.0341000e+01
   1.0341000e+01
   1.0339000e+01
   1.0338000e+01
   1.0339000e+01
   1.0336000e+01
   1.0338000e+01
   1.0336000e+01
   1.0340000e+01
   1.0339000e+01
   1.0340000e+01
   1.0341000e+01
   1.0340000e+01
   1.0344000e+01
   1.0343000e+01
   1.0347000e+01
   1.0344000e+01
   1.0347000e+01
   1.0345000e+01
   1.0348000e+01
   1.0349000e+01
   1.0349000e+01
   1.0351000e+01
   1.0345000e+01
   1.0357000e+01
   1.0358000e+01
   1.0365000e+01
   1.0371000e+01
   1.0376000e+01
   1.0379000e+01
   1.0377000e+01
   1.0379000e+01
   1.0377000e+01
   1.0382000e+01
   1.0379000e+01
   1.0380000e+01
   1.0378000e+01
   1.0375000e+01
   1.0375000e+01
   1.0371000e+01
   1.0374000e+01
   1.0369000e+01
   1.0366000e+01
   1.0357000e+01
   1.0353000e+01
   1.0348000e+01
   1.0338000e+01
   1.0340000e+01
   1.0339000e+01
   1.0341000e+01
   1.0337000e+01
   1.0339000e+01
   1.0335000e+01
   1.0334000e+01
   1.0333000e+01
   1.0331000e+01
   1.0335000e+01
   1.0333000e+01
   1.0336000e+01
   1.0332000e+01
   1.0334000e+01
   1.0332000e+01
   1.0331000e+01
   1.0332000e+01
   1.0329000e+01
   1.0332000e+01
   1.0327000e+01
   1.0330000e+01
   1.0327000e+01
   1.0328000e+01
   1.0323000e+01
   1.0320000e+01
   1.0325000e+01
   1.0322000e+01
   1.0325000e+01
   1.0320000e+01
   1.0321000e+01
   1.0318000e+01
   1.0317000e+01
   1.0317000e+01
   1.0317000e+01
   1.0321000e+01
   1.0318000e+01
   1.0321000e+01
   1.0318000e+01
   1.0319000e+01
   1.0318000e+01
   1.0317000e+01
   1.0318000e+01
   1.0316000e+01
   1.0319000e+01
   1.0315000e+01
   1.0318000e+01
   1.0314000e+01
   1.0316000e+01
   1.0314000e+01
   1.0313000e+01
   1.0314000e+01
   1.0312000e+01
   1.0314000e+01
   1.0310000e+01
   1.0314000e+01
   1.0311000e+01
   1.0308000e+01
   1.0305000e+01
   1.0307000e+01
   1.0310000e+01
   1.0308000e+01
   1.0310000e+01
   1.0306000e+01
   1.0308000e+01
   1.0304000e+01
   1.0304000e+01
   1.0306000e+01
   1.0306000e+01
   1.0309000e+01
   1.0306000e+01
   1.0309000e+01
   1.0306000e+01
   1.0309000e+01
   1.0307000e+01
   1.0307000e+01
   1.0308000e+01
   1.0306000e+01
   1.0309000e+01
   1.0306000e+01
   1.0309000e+01
   1.0305000e+01
   1.0307000e+01
   1.0306000e+01
   1.0305000e+01
   1.0307000e+01
   1.0304000e+01
   1.0307000e+01
   1.0304000e+01
   1.0307000e+01
   1.0305000e+01
   1.0306000e+01
   1.0306000e+01
   1.0305000e+01
   1.0307000e+01
   1.0304000e+01
   1.0308000e+01
   1.0304000e+01
   1.0307000e+01
   1.0305000e+01
   1.0305000e+01
   1.0306000e+01
   1.0305000e+01
   1.0307000e+01
   1.0297000e+01
   1.0303000e+01
   1.0301000e+01
   1.0304000e+01
   1.0302000e+01
   1.0301000e+01
   1.0301000e+01
   1.0295000e+01
   1.0292000e+01
   1.0283000e+01
   1.0287000e+01
   1.0286000e+01
   1.0290000e+01
   1.0288000e+01
   1.0284000e+01
   1.0287000e+01
   1.0292000e+01
   1.0303000e+01
   1.0303000e+01
   1.0317000e+01
   1.0325000e+01
   1.0339000e+01
   1.0344000e+01
   1.0342000e+01
   1.0344000e+01
   1.0336000e+01
   1.0326000e+01
   1.0312000e+01
   1.0312000e+01
   1.0305000e+01
   1.0300000e+01
   1.0296000e+01
   1.0290000e+01
   1.0289000e+01
   1.0283000e+01
   1.0285000e+01
   1.0282000e+01
   1.0286000e+01
   1.0287000e+01
   1.0280000e+01
   1.0277000e+01
   1.0280000e+01
   1.0287000e+01
   1.0285000e+01
   1.0291000e+01
   1.0292000e+01
   1.0293000e+01
   1.0289000e+01
   1.0286000e+01
   1.0289000e+01
   1.0286000e+01
   1.0291000e+01
   1.0294000e+01
   1.0304000e+01
   1.0306000e+01
   1.0306000e+01
   1.0309000e+01
   1.0309000e+01
   1.0315000e+01
   1.0317000e+01
   1.0324000e+01
   1.0319000e+01
   1.0312000e+01
   1.0302000e+01
   1.0294000e+01
   1.0290000e+01
   1.0287000e+01
   1.0292000e+01
   1.0292000e+01
   1.0301000e+01
   1.0296000e+01
   1.0301000e+01
   1.0305000e+01
   1.0306000e+01
   1.0310000e+01
   1.0307000e+01
   1.0306000e+01
   1.0294000e+01
   1.0287000e+01
   1.0275000e+01
   1.0270000e+01
   1.0260000e+01
   1.0249000e+01
   1.0243000e+01
   1.0230000e+01
   1.0230000e+01
   1.0230000e+01
   1.0241000e+01
   1.0250000e+01
   1.0262000e+01
   1.0276000e+01
   1.0288000e+01
   1.0295000e+01
   1.0292000e+01
   1.0294000e+01
   1.0289000e+01
   1.0286000e+01
   1.0278000e+01
   1.0266000e+01
   1.0258000e+01
   1.0253000e+01
   1.0254000e+01
   1.0248000e+01
   1.0251000e+01
   1.0249000e+01
   1.0252000e+01
   1.0253000e+01
   1.0256000e+01
   1.0263000e+01
   1.0264000e+01
   1.0269000e+01
   1.0265000e+01
   1.0268000e+01
   1.0269000e+01
   1.0271000e+01
   1.0271000e+01
   1.0273000e+01
   1.0278000e+01
   1.0275000e+01
   1.0278000e+01
   1.0274000e+01
   1.0276000e+01
   1.0277000e+01
   1.0281000e+01
   1.0282000e+01
   1.0276000e+01
   1.0277000e+01
   1.0275000e+01
   1.0277000e+01
   1.0274000e+01
   1.0279000e+01
   1.0284000e+01
   1.0290000e+01
   1.0298000e+01
   1.0299000e+01
   1.0307000e+01
   1.0308000e+01
   1.0314000e+01
   1.0314000e+01
   1.0318000e+01
   1.0320000e+01
   1.0321000e+01
   1.0324000e+01
   1.0323000e+01
   1.0329000e+01
   1.0325000e+01
   1.0329000e+01
   1.0331000e+01
   1.0340000e+01
   1.0352000e+01
   1.0361000e+01
   1.0362000e+01
   1.0365000e+01
   1.0368000e+01
   1.0364000e+01
   1.0367000e+01
   1.0366000e+01
   1.0368000e+01
   1.0371000e+01
   1.0371000e+01
   1.0379000e+01
   1.0381000e+01
   1.0388000e+01
   1.0389000e+01
   1.0392000e+01
   1.0396000e+01
   1.0403000e+01
   1.0416000e+01
   1.0426000e+01
   1.0439000e+01
   1.0439000e+01
   1.0441000e+01
   1.0438000e+01
   1.0441000e+01
   1.0440000e+01
   1.0433000e+01
   1.0442000e+01
   1.0441000e+01
   1.0444000e+01
   1.0437000e+01
   1.0436000e+01
   1.0429000e+01
   1.0423000e+01
   1.0419000e+01
   1.0418000e+01
   1.0426000e+01
   1.0431000e+01
   1.0442000e+01
   1.0440000e+01
   1.0440000e+01
   1.0434000e+01
   1.0430000e+01
   1.0430000e+01
   1.0426000e+01
   1.0428000e+01
   1.0424000e+01
   1.0425000e+01
   1.0419000e+01
   1.0410000e+01
   1.0409000e+01
   1.0407000e+01
   1.0407000e+01
   1.0405000e+01
   1.0414000e+01
   1.0418000e+01
   1.0428000e+01
   1.0428000e+01
   1.0430000e+01
   1.0429000e+01
   1.0427000e+01
   1.0430000e+01
   1.0427000e+01
   1.0430000e+01
   1.0426000e+01
   1.0428000e+01
   1.0424000e+01
   1.0421000e+01
   1.0419000e+01
   1.0415000e+01
   1.0419000e+01
   1.0414000e+01
   1.0422000e+01
   1.0428000e+01
   1.0438000e+01
   1.0441000e+01
   1.0440000e+01
   1.0438000e+01
   1.0432000e+01
   1.0432000e+01
   1.0428000e+01
   1.0433000e+01
   1.0432000e+01
   1.0433000e+01
   1.0430000e+01
   1.0427000e+01
   1.0425000e+01
   1.0420000e+01
   1.0423000e+01
   1.0422000e+01
   1.0430000e+01
   1.0433000e+01
   1.0439000e+01
   1.0438000e+01
   1.0442000e+01
   1.0445000e+01
   1.0441000e+01
   1.0443000e+01
   1.0438000e+01
   1.0439000e+01
   1.0434000e+01
   1.0434000e+01
   1.0435000e+01
   1.0434000e+01
   1.0437000e+01
   1.0434000e+01
   1.0440000e+01
   1.0439000e+01
   1.0444000e+01
   1.0446000e+01
   1.0447000e+01
   1.0450000e+01
   1.0448000e+01
   1.0452000e+01
   1.0449000e+01
   1.0447000e+01
   1.0449000e+01
   1.0450000e+01
   1.0450000e+01
   1.0448000e+01
   1.0450000e+01
   1.0447000e+01
   1.0449000e+01
   1.0446000e+01
   1.0452000e+01
   1.0452000e+01
   1.0455000e+01
   1.0456000e+01
   1.0455000e+01
   1.0458000e+01
   1.0455000e+01
   1.0459000e+01
   1.0456000e+01
   1.0459000e+01
   1.0459000e+01
   1.0460000e+01
   1.0461000e+01
   1.0453000e+01
   1.0458000e+01
   1.0457000e+01
   1.0460000e+01
   1.0456000e+01
   1.0457000e+01
   1.0453000e+01
   1.0451000e+01
   1.0452000e+01
   1.0451000e+01
   1.0459000e+01
   1.0458000e+01
   1.0463000e+01
   1.0463000e+01
   1.0465000e+01
   1.0465000e+01
   1.0464000e+01
   1.0465000e+01
   1.0461000e+01
   1.0463000e+01
   1.0459000e+01
   1.0461000e+01
   1.0458000e+01
   1.0459000e+01
   1.0459000e+01
   1.0457000e+01
   1.0459000e+01
   1.0457000e+01
   1.0458000e+01
   1.0449000e+01
   1.0456000e+01
   1.0455000e+01
   1.0455000e+01
   1.0455000e+01
   1.0453000e+01
   1.0454000e+01
   1.0450000e+01
   1.0453000e+01
   1.0451000e+01
   1.0455000e+01
   1.0455000e+01
   1.0454000e+01
   1.0456000e+01
   1.0453000e+01
   1.0457000e+01
   1.0454000e+01
   1.0457000e+01
   1.0455000e+01
   1.0456000e+01
   1.0456000e+01
   1.0455000e+01
   1.0457000e+01
   1.0454000e+01
   1.0457000e+01
   1.0453000e+01
   1.0456000e+01
   1.0454000e+01
   1.0454000e+01
   1.0454000e+01
   1.0452000e+01
   1.0455000e+01
   1.0452000e+01
   1.0451000e+01
   1.0446000e+01
   1.0452000e+01
   1.0450000e+01
   1.0450000e+01
   1.0450000e+01
   1.0447000e+01
   1.0449000e+01
   1.0444000e+01
   1.0447000e+01
   1.0445000e+01
   1.0448000e+01
   1.0448000e+01
   1.0448000e+01
   1.0449000e+01
   1.0447000e+01
   1.0450000e+01
   1.0446000e+01
   1.0448000e+01
   1.0445000e+01
   1.0446000e+01
   1.0445000e+01
   1.0444000e+01
   1.0446000e+01
   1.0443000e+01
   1.0445000e+01
   1.0441000e+01
   1.0443000e+01
   1.0442000e+01
   1.0441000e+01
   1.0441000e+01
   1.0439000e+01
   1.0442000e+01
   1.0437000e+01
   1.0434000e+01
   1.0434000e+01
   1.0437000e+01
   1.0435000e+01
   1.0435000e+01
   1.0436000e+01
   1.0431000e+01
   1.0433000e+01
   1.0428000e+01
   1.0431000e+01
   1.0430000e+01
   1.0432000e+01
   1.0432000e+01
   1.0432000e+01
   1.0433000e+01
   1.0430000e+01
   1.0433000e+01
   1.0429000e+01
   1.0432000e+01
   1.0430000e+01
   1.0431000e+01
   1.0431000e+01
   1.0429000e+01
   1.0431000e+01
   1.0427000e+01
   1.0429000e+01
   1.0426000e+01
   1.0428000e+01
   1.0425000e+01
   1.0425000e+01
   1.0425000e+01
   1.0424000e+01
   1.0426000e+01
   1.0415000e+01
   1.0421000e+01
   1.0419000e+01
   1.0421000e+01
   1.0420000e+01
   1.0418000e+01
   1.0418000e+01
   1.0413000e+01
   1.0414000e+01
   1.0410000e+01
   1.0415000e+01
   1.0414000e+01
   1.0416000e+01
   1.0415000e+01
   1.0414000e+01
   1.0416000e+01
   1.0413000e+01
   1.0416000e+01
   1.0413000e+01
   1.0415000e+01
   1.0412000e+01
   1.0412000e+01
   1.0412000e+01
   1.0409000e+01
   1.0412000e+01
   1.0409000e+01
   1.0411000e+01
   1.0404000e+01
   1.0401000e+01
   1.0405000e+01
   1.0406000e+01
   1.0407000e+01
   1.0403000e+01
   1.0405000e+01
   1.0399000e+01
   1.0400000e+01
   1.0397000e+01
   1.0401000e+01
   1.0402000e+01
   1.0402000e+01
   1.0404000e+01
   1.0401000e+01
   1.0403000e+01
   1.0400000e+01
   1.0403000e+01
   1.0399000e+01
   1.0401000e+01
   1.0400000e+01
   1.0398000e+01
   1.0399000e+01
   1.0396000e+01
   1.0399000e+01
   1.0396000e+01
   1.0393000e+01
   1.0388000e+01
   1.0393000e+01
   1.0393000e+01
   1.0391000e+01
   1.0393000e+01
   1.0388000e+01
   1.0389000e+01
   1.0383000e+01
   1.0385000e+01
   1.0386000e+01
   1.0387000e+01
   1.0389000e+01
   1.0387000e+01
   1.0389000e+01
   1.0386000e+01
   1.0388000e+01
   1.0385000e+01
   1.0387000e+01
   1.0386000e+01
   1.0384000e+01
   1.0385000e+01
   1.0383000e+01
   1.0386000e+01
   1.0381000e+01
   1.0376000e+01
   1.0379000e+01
   1.0381000e+01
   1.0381000e+01
   1.0380000e+01
   1.0381000e+01
   1.0377000e+01
   1.0377000e+01
   1.0373000e+01
   1.0378000e+01
   1.0378000e+01
   1.0380000e+01
   1.0380000e+01
   1.0379000e+01
   1.0381000e+01
   1.0377000e+01
   1.0380000e+01
   1.0376000e+01
   1.0378000e+01
   1.0376000e+01
   1.0376000e+01
   1.0376000e+01
   1.0373000e+01
   1.0368000e+01
   1.0370000e+01
   1.0374000e+01
   1.0371000e+01
   1.0372000e+01
   1.0370000e+01
   1.0369000e+01
   1.0368000e+01
   1.0364000e+01
   1.0369000e+01
   1.0368000e+01
   1.0371000e+01
   1.0369000e+01
   1.0370000e+01
   1.0369000e+01
   1.0367000e+01
   1.0369000e+01
   1.0366000e+01
   1.0368000e+01
   1.0365000e+01
   1.0368000e+01
   1.0365000e+01
   1.0359000e+01
   1.0363000e+01
   1.0362000e+01
   1.0365000e+01
   1.0362000e+01
   1.0363000e+01
   1.0360000e+01
   1.0360000e+01
   1.0357000e+01
   1.0359000e+01
   1.0362000e+01
   1.0361000e+01
   1.0363000e+01
   1.0360000e+01
   1.0363000e+01
   1.0360000e+01
   1.0362000e+01
   1.0360000e+01
   1.0359000e+01
   1.0361000e+01
   1.0358000e+01
   1.0361000e+01
   1.0354000e+01
   1.0354000e+01
   1.0355000e+01
   1.0358000e+01
   1.0356000e+01
   1.0355000e+01
   1.0356000e+01
   1.0352000e+01
   1.0354000e+01
   1.0350000e+01
   1.0355000e+01
   1.0355000e+01
   1.0356000e+01
   1.0357000e+01
   1.0355000e+01
   1.0357000e+01
   1.0354000e+01
   1.0357000e+01
   1.0354000e+01
   1.0356000e+01
   1.0354000e+01
   1.0354000e+01
   1.0355000e+01
   1.0350000e+01
   1.0349000e+01
   1.0350000e+01
   1.0353000e+01
   1.0350000e+01
   1.0352000e+01
   1.0350000e+01
   1.0348000e+01
   1.0348000e+01
   1.0346000e+01
   1.0351000e+01
   1.0348000e+01
   1.0353000e+01
   1.0351000e+01
   1.0353000e+01
   1.0352000e+01
   1.0352000e+01
   1.0354000e+01
   1.0351000e+01
   1.0354000e+01
   1.0350000e+01
   1.0353000e+01
   1.0351000e+01
   1.0352000e+01
   1.0352000e+01
   1.0350000e+01
   1.0348000e+01
   1.0346000e+01
   1.0352000e+01
   1.0349000e+01
   1.0352000e+01
   1.0351000e+01
   1.0351000e+01
   1.0351000e+01
   1.0349000e+01
   1.0354000e+01
   1.0353000e+01
   1.0358000e+01
   1.0357000e+01
   1.0360000e+01
   1.0359000e+01
   1.0360000e+01
   1.0363000e+01
   1.0361000e+01
   1.0365000e+01
   1.0362000e+01
   1.0366000e+01
   1.0364000e+01
   1.0366000e+01
   1.0366000e+01
   1.0365000e+01
   1.0368000e+01
   1.0365000e+01
   1.0369000e+01
   1.0366000e+01
   1.0369000e+01
   1.0367000e+01
   1.0369000e+01
   1.0369000e+01
   1.0368000e+01
   1.0371000e+01
   1.0367000e+01
   1.0371000e+01
   1.0368000e+01
   1.0370000e+01
   1.0369000e+01
   1.0368000e+01
   1.0369000e+01
   1.0368000e+01
   1.0369000e+01
   1.0366000e+01
   1.0369000e+01
   1.0366000e+01
   1.0367000e+01
   1.0360000e+01
   1.0364000e+01
   1.0366000e+01
   1.0363000e+01
   1.0366000e+01
   1.0361000e+01
   1.0364000e+01
   1.0360000e+01
   1.0360000e+01
   1.0360000e+01
   1.0360000e+01
   1.0363000e+01
   1.0360000e+01
   1.0363000e+01
   1.0358000e+01
   1.0361000e+01
   1.0358000e+01
   1.0358000e+01
   1.0360000e+01
   1.0359000e+01
   1.0360000e+01
   1.0355000e+01
   1.0358000e+01
   1.0353000e+01
   1.0355000e+01
   1.0354000e+01
   1.0352000e+01
   1.0352000e+01
   1.0349000e+01
   1.0352000e+01
   1.0351000e+01
   1.0347000e+01
   1.0338000e+01
   1.0336000e+01
   1.0331000e+01
   1.0328000e+01
   1.0327000e+01
   1.0323000e+01
   1.0324000e+01
   1.0318000e+01
   1.0315000e+01
   1.0317000e+01
   1.0319000e+01
   1.0320000e+01
   1.0319000e+01
   1.0320000e+01
   1.0316000e+01
   1.0318000e+01
   1.0314000e+01
   1.0320000e+01
   1.0322000e+01
   1.0326000e+01
   1.0329000e+01
   1.0328000e+01
   1.0331000e+01
   1.0328000e+01
   1.0331000e+01
   1.0328000e+01
   1.0330000e+01
   1.0327000e+01
   1.0328000e+01
   1.0328000e+01
   1.0325000e+01
   1.0327000e+01
   1.0324000e+01
   1.0327000e+01
   1.0325000e+01
   1.0328000e+01
   1.0330000e+01
   1.0332000e+01
   1.0334000e+01
   1.0332000e+01
   1.0335000e+01
   1.0331000e+01
   1.0334000e+01
   1.0331000e+01
   1.0333000e+01
   1.0327000e+01
   1.0326000e+01
   1.0331000e+01
   1.0328000e+01
   1.0331000e+01
   1.0328000e+01
   1.0329000e+01
   1.0325000e+01
   1.0324000e+01
   1.0326000e+01
   1.0327000e+01
   1.0333000e+01
   1.0333000e+01
   1.0337000e+01
   1.0335000e+01
   1.0339000e+01
   1.0338000e+01
   1.0338000e+01
   1.0340000e+01
   1.0339000e+01
   1.0343000e+01
   1.0341000e+01
   1.0344000e+01
   1.0342000e+01
   1.0344000e+01
   1.0343000e+01
   1.0343000e+01
   1.0344000e+01
   1.0343000e+01
   1.0346000e+01
   1.0343000e+01
   1.0346000e+01
   1.0343000e+01
   1.0344000e+01
   1.0346000e+01
   1.0349000e+01
   1.0358000e+01
   1.0361000e+01
   1.0364000e+01
   1.0366000e+01
   1.0376000e+01
   1.0377000e+01
   1.0379000e+01
   1.0380000e+01
   1.0377000e+01
   1.0378000e+01
   1.0373000e+01
   1.0377000e+01
   1.0377000e+01
   1.0380000e+01
   1.0381000e+01
   1.0381000e+01
   1.0382000e+01
   1.0379000e+01
   1.0382000e+01
   1.0379000e+01
   1.0381000e+01
   1.0378000e+01
   1.0379000e+01
   1.0377000e+01
   1.0376000e+01
   1.0377000e+01
   1.0373000e+01
   1.0377000e+01
   1.0373000e+01
   1.0374000e+01
   1.0373000e+01
   1.0374000e+01
   1.0374000e+01
   1.0371000e+01
   1.0374000e+01
   1.0371000e+01
   1.0374000e+01
   1.0367000e+01
   1.0365000e+01
   1.0367000e+01
   1.0367000e+01
   1.0365000e+01
   1.0360000e+01
   1.0361000e+01
   1.0354000e+01
   1.0356000e+01
   1.0355000e+01
   1.0364000e+01
   1.0372000e+01
   1.0375000e+01
   1.0377000e+01
   1.0375000e+01
   1.0379000e+01
   1.0375000e+01
   1.0378000e+01
   1.0375000e+01
   1.0376000e+01
   1.0376000e+01
   1.0374000e+01
   1.0375000e+01
   1.0372000e+01
   1.0375000e+01
   1.0372000e+01
   1.0374000e+01
   1.0372000e+01
   1.0372000e+01
   1.0373000e+01
   1.0371000e+01
   1.0373000e+01
   1.0362000e+01
   1.0370000e+01
   1.0368000e+01
   1.0370000e+01
   1.0369000e+01
   1.0368000e+01
   1.0368000e+01
   1.0363000e+01
   1.0364000e+01
   1.0361000e+01
   1.0367000e+01
   1.0366000e+01
   1.0369000e+01
   1.0368000e+01
   1.0368000e+01
   1.0369000e+01
   1.0366000e+01
   1.0369000e+01
   1.0365000e+01
   1.0369000e+01
   1.0366000e+01
   1.0367000e+01
   1.0367000e+01
   1.0365000e+01
   1.0367000e+01
   1.0363000e+01
   1.0366000e+01
   1.0364000e+01
   1.0366000e+01
   1.0357000e+01
   1.0359000e+01
   1.0363000e+01
   1.0361000e+01
   1.0363000e+01
   1.0359000e+01
   1.0361000e+01
   1.0356000e+01
   1.0356000e+01
   1.0356000e+01
   1.0357000e+01
   1.0360000e+01
   1.0359000e+01
   1.0362000e+01
   1.0358000e+01
   1.0361000e+01
   1.0358000e+01
   1.0360000e+01
   1.0360000e+01
   1.0358000e+01
   1.0360000e+01
   1.0357000e+01
   1.0359000e+01
   1.0356000e+01
   1.0358000e+01
   1.0356000e+01
   1.0356000e+01
   1.0349000e+01
   1.0351000e+01
   1.0355000e+01
   1.0352000e+01
   1.0355000e+01
   1.0351000e+01
   1.0352000e+01
   1.0348000e+01
   1.0347000e+01
   1.0348000e+01
   1.0348000e+01
   1.0353000e+01
   1.0350000e+01
   1.0353000e+01
   1.0351000e+01
   1.0352000e+01
   1.0351000e+01
   1.0351000e+01
   1.0352000e+01
   1.0349000e+01
   1.0353000e+01
   1.0348000e+01
   1.0352000e+01
   1.0349000e+01
   1.0349000e+01
   1.0342000e+01
   1.0344000e+01
   1.0348000e+01
   1.0344000e+01
   1.0347000e+01
   1.0343000e+01
   1.0344000e+01
   1.0341000e+01
   1.0340000e+01
   1.0342000e+01
   1.0342000e+01
   1.0346000e+01
   1.0343000e+01
   1.0347000e+01
   1.0344000e+01
   1.0345000e+01
   1.0344000e+01
   1.0343000e+01
   1.0345000e+01
   1.0342000e+01
   1.0344000e+01
   1.0341000e+01
   1.0345000e+01
   1.0341000e+01
   1.0335000e+01
   1.0340000e+01
   1.0339000e+01
   1.0341000e+01
   1.0338000e+01
   1.0340000e+01
   1.0336000e+01
   1.0336000e+01
   1.0334000e+01
   1.0335000e+01
   1.0338000e+01
   1.0338000e+01
   1.0340000e+01
   1.0338000e+01
   1.0341000e+01
   1.0337000e+01
   1.0339000e+01
   1.0338000e+01
   1.0338000e+01
   1.0339000e+01
   1.0336000e+01
   1.0339000e+01
   1.0336000e+01
   1.0338000e+01
   1.0329000e+01
   1.0333000e+01
   1.0334000e+01
   1.0334000e+01
   1.0335000e+01
   1.0331000e+01
   1.0333000e+01
   1.0328000e+01
   1.0330000e+01
   1.0329000e+01
   1.0332000e+01
