   4.0600000e+00
   4.0620000e+00
   4.0590000e+00
   4.0590000e+00
   4.0580000e+00
   4.0570000e+00
   4.0570000e+00
   4.0540000e+00
   4.0560000e+00
   4.0520000e+00
   4.0540000e+00
   4.0510000e+00
   4.0510000e+00
   4.0500000e+00
   4.0490000e+00
   4.0490000e+00
   4.0460000e+00
   4.0480000e+00
   4.0440000e+00
   4.0460000e+00
   4.0430000e+00
   4.0440000e+00
   4.0420000e+00
   4.0410000e+00
   4.0420000e+00
   4.0390000e+00
   4.0400000e+00
   4.0370000e+00
   4.0390000e+00
   4.0350000e+00
   4.0360000e+00
   4.0350000e+00
   4.0340000e+00
   4.0340000e+00
   4.0310000e+00
   4.0330000e+00
   4.0290000e+00
   4.0310000e+00
   4.0280000e+00
   4.0290000e+00
   4.0270000e+00
   4.0270000e+00
   4.0260000e+00
   4.0240000e+00
   4.0250000e+00
   4.0220000e+00
   4.0240000e+00
   4.0210000e+00
   4.0220000e+00
   4.0200000e+00
   4.0190000e+00
   4.0190000e+00
   4.0170000e+00
   4.0180000e+00
   4.0150000e+00
   4.0170000e+00
   4.0130000e+00
   4.0150000e+00
   4.0120000e+00
   4.0120000e+00
   4.0120000e+00
   4.0100000e+00
   4.0110000e+00
   4.0080000e+00
   4.0090000e+00
   4.0060000e+00
   4.0080000e+00
   4.0060000e+00
   4.0080000e+00
   4.0090000e+00
   4.0090000e+00
   4.0120000e+00
   4.0100000e+00
   4.0130000e+00
   4.0100000e+00
   4.0120000e+00
   4.0080000e+00
   4.0070000e+00
   4.0040000e+00
   4.0000000e+00
   3.9990000e+00
   3.9960000e+00
   3.9990000e+00
   3.9970000e+00
   3.9980000e+00
   3.9960000e+00
   3.9990000e+00
   4.0000000e+00
   4.0000000e+00
   4.0000000e+00
   3.9970000e+00
   3.9970000e+00
   3.9930000e+00
   3.9930000e+00
   3.9880000e+00
   3.9860000e+00
   3.9830000e+00
   3.9810000e+00
   3.9810000e+00
   3.9790000e+00
   3.9810000e+00
   3.9780000e+00
   3.9800000e+00
   3.9770000e+00
   3.9780000e+00
   3.9760000e+00
   3.9750000e+00
   3.9750000e+00
   3.9730000e+00
   3.9740000e+00
   3.9710000e+00
   3.9740000e+00
   3.9710000e+00
   3.9730000e+00
   3.9720000e+00
   3.9730000e+00
   3.9740000e+00
   3.9720000e+00
   3.9750000e+00
   3.9720000e+00
   3.9750000e+00
   3.9720000e+00
   3.9740000e+00
   3.9720000e+00
   3.9720000e+00
   3.9720000e+00
   3.9700000e+00
   3.9710000e+00
   3.9680000e+00
   3.9700000e+00
   3.9670000e+00
   3.9680000e+00
   3.9660000e+00
   3.9660000e+00
   3.9650000e+00
   3.9640000e+00
   3.9650000e+00
   3.9620000e+00
   3.9640000e+00
   3.9610000e+00
   3.9620000e+00
   3.9600000e+00
   3.9610000e+00
   3.9600000e+00
   3.9580000e+00
   3.9590000e+00
   3.9570000e+00
   3.9590000e+00
   3.9560000e+00
   3.9570000e+00
   3.9550000e+00
   3.9550000e+00
   3.9540000e+00
   3.9530000e+00
   3.9540000e+00
   3.9510000e+00
   3.9530000e+00
   3.9500000e+00
   3.9520000e+00
   3.9490000e+00
   3.9500000e+00
   3.9490000e+00
   3.9480000e+00
   3.9480000e+00
   3.9460000e+00
   3.9480000e+00
   3.9440000e+00
   3.9460000e+00
   3.9440000e+00
   3.9440000e+00
   3.9430000e+00
   3.9420000e+00
   3.9430000e+00
   3.9400000e+00
   3.9420000e+00
   3.9390000e+00
   3.9410000e+00
   3.9380000e+00
   3.9390000e+00
   3.9380000e+00
   3.9370000e+00
   3.9380000e+00
   3.9350000e+00
   3.9370000e+00
   3.9340000e+00
   3.9360000e+00
   3.9330000e+00
   3.9340000e+00
   3.9330000e+00
   3.9320000e+00
   3.9330000e+00
   3.9310000e+00
   3.9320000e+00
   3.9290000e+00
   3.9310000e+00
   3.9280000e+00
   3.9300000e+00
   3.9280000e+00
   3.9280000e+00
   3.9280000e+00
   3.9270000e+00
   3.9280000e+00
   3.9250000e+00
   3.9270000e+00
   3.9240000e+00
   3.9260000e+00
   3.9240000e+00
   3.9240000e+00
   3.9240000e+00
   3.9220000e+00
   3.9240000e+00
   3.9210000e+00
   3.9230000e+00
   3.9200000e+00
   3.9220000e+00
   3.9200000e+00
   3.9200000e+00
   3.9200000e+00
   3.9180000e+00
   3.9200000e+00
   3.9170000e+00
   3.9190000e+00
   3.9160000e+00
   3.9180000e+00
   3.9160000e+00
   3.9160000e+00
   3.9160000e+00
   3.9150000e+00
   3.9160000e+00
   3.9130000e+00
   3.9150000e+00
   3.9120000e+00
   3.9140000e+00
   3.9120000e+00
   3.9130000e+00
   3.9120000e+00
   3.9110000e+00
   3.9120000e+00
   3.9100000e+00
   3.9120000e+00
   3.9080000e+00
   3.9110000e+00
   3.9080000e+00
   3.9090000e+00
   3.9080000e+00
   3.9080000e+00
   3.9080000e+00
   3.9060000e+00
   3.9080000e+00
   3.9050000e+00
   3.9070000e+00
   3.9050000e+00
   3.9060000e+00
   3.9050000e+00
   3.9040000e+00
   3.9050000e+00
   3.9030000e+00
   3.9050000e+00
   3.9020000e+00
   3.9040000e+00
   3.9010000e+00
   3.9030000e+00
   3.9010000e+00
   3.9010000e+00
   3.9020000e+00
   3.9000000e+00
   3.9010000e+00
   3.8980000e+00
   3.9010000e+00
   3.8980000e+00
   3.9000000e+00
   3.8980000e+00
   3.8980000e+00
   3.8980000e+00
   3.8960000e+00
   3.8980000e+00
   3.8950000e+00
   3.8970000e+00
   3.8950000e+00
   3.8960000e+00
   3.8950000e+00
   3.8950000e+00
   3.8950000e+00
   3.8930000e+00
   3.8950000e+00
   3.8920000e+00
   3.8940000e+00
   3.8910000e+00
   3.8930000e+00
   3.8910000e+00
   3.8910000e+00
   3.8910000e+00
   3.8900000e+00
   3.8910000e+00
   3.8890000e+00
   3.8910000e+00
   3.8880000e+00
   3.8900000e+00
   3.8880000e+00
   3.8880000e+00
   3.8880000e+00
   3.8870000e+00
   3.8880000e+00
   3.8860000e+00
   3.8880000e+00
   3.8850000e+00
   3.8870000e+00
   3.8850000e+00
   3.8850000e+00
   3.8850000e+00
   3.8840000e+00
   3.8850000e+00
   3.8820000e+00
   3.8840000e+00
   3.8810000e+00
   3.8830000e+00
   3.8810000e+00
   3.8820000e+00
   3.8810000e+00
   3.8800000e+00
   3.8810000e+00
   3.8790000e+00
   3.8810000e+00
   3.8780000e+00
   3.8800000e+00
   3.8780000e+00
   3.8790000e+00
   3.8780000e+00
   3.8770000e+00
   3.8780000e+00
   3.8760000e+00
   3.8780000e+00
   3.8750000e+00
   3.8770000e+00
   3.8750000e+00
   3.8760000e+00
   3.8750000e+00
   3.8750000e+00
   3.8750000e+00
   3.8730000e+00
   3.8750000e+00
   3.8730000e+00
   3.8750000e+00
   3.8720000e+00
   3.8740000e+00
   3.8720000e+00
   3.8720000e+00
   3.8730000e+00
   3.8710000e+00
   3.8730000e+00
   3.8700000e+00
   3.8730000e+00
   3.8700000e+00
   3.8720000e+00
   3.8700000e+00
   3.8700000e+00
   3.8710000e+00
   3.8690000e+00
   3.8710000e+00
   3.8680000e+00
   3.8710000e+00
   3.8680000e+00
   3.8700000e+00
   3.8680000e+00
   3.8690000e+00
   3.8690000e+00
   3.8680000e+00
   3.8700000e+00
   3.8670000e+00
   3.8700000e+00
   3.8670000e+00
   3.8690000e+00
   3.8680000e+00
   3.8680000e+00
   3.8680000e+00
   3.8680000e+00
   3.8690000e+00
   3.8670000e+00
   3.8700000e+00
   3.8670000e+00
   3.8690000e+00
   3.8680000e+00
   3.8690000e+00
   3.8690000e+00
   3.8680000e+00
   3.8690000e+00
   3.8670000e+00
   3.8700000e+00
   3.8680000e+00
   3.8700000e+00
   3.8680000e+00
   3.8700000e+00
   3.8690000e+00
   3.8690000e+00
   3.8700000e+00
   3.8690000e+00
   3.8710000e+00
   3.8690000e+00
   3.8720000e+00
   3.8700000e+00
   3.8710000e+00
   3.8710000e+00
   3.8710000e+00
   3.8730000e+00
   3.8710000e+00
   3.8740000e+00
   3.8710000e+00
   3.8740000e+00
   3.8720000e+00
   3.8740000e+00
   3.8740000e+00
   3.8740000e+00
   3.8750000e+00
   3.8740000e+00
   3.8760000e+00
   3.8740000e+00
   3.8770000e+00
   3.8750000e+00
   3.8770000e+00
   3.8770000e+00
   3.8770000e+00
   3.8780000e+00
   3.8770000e+00
   3.8800000e+00
   3.8780000e+00
   3.8810000e+00
   3.8790000e+00
   3.8810000e+00
   3.8800000e+00
   3.8810000e+00
   3.8820000e+00
   3.8810000e+00
   3.8830000e+00
   3.8810000e+00
   3.8840000e+00
   3.8820000e+00
   3.8840000e+00
   3.8830000e+00
   3.8840000e+00
   3.8840000e+00
   3.8840000e+00
   3.8860000e+00
   3.8840000e+00
   3.8860000e+00
   3.8840000e+00
   3.8870000e+00
   3.8850000e+00
   3.8860000e+00
   3.8870000e+00
   3.8860000e+00
   3.8880000e+00
   3.8860000e+00
   3.8890000e+00
   3.8860000e+00
   3.8890000e+00
   3.8880000e+00
   3.8890000e+00
   3.8890000e+00
   3.8880000e+00
   3.8900000e+00
   3.8880000e+00
   3.8910000e+00
   3.8890000e+00
   3.8910000e+00
   3.8900000e+00
   3.8910000e+00
   3.8910000e+00
   3.8910000e+00
   3.8920000e+00
   3.8900000e+00
   3.8930000e+00
   3.8910000e+00
   3.8930000e+00
   3.8910000e+00
   3.8930000e+00
   3.8920000e+00
   3.8920000e+00
   3.8930000e+00
   3.8920000e+00
   3.8940000e+00
   3.8920000e+00
   3.8940000e+00
   3.8920000e+00
   3.8940000e+00
   3.8930000e+00
   3.8930000e+00
   3.8940000e+00
   3.8920000e+00
   3.8950000e+00
   3.8920000e+00
   3.8950000e+00
   3.8930000e+00
   3.8940000e+00
   3.8930000e+00
   3.8930000e+00
   3.8940000e+00
   3.8920000e+00
   3.8950000e+00
   3.8920000e+00
   3.8950000e+00
   3.8930000e+00
   3.8940000e+00
   3.8930000e+00
   3.8930000e+00
   3.8940000e+00
   3.8920000e+00
   3.8950000e+00
   3.8920000e+00
   3.8940000e+00
   3.8920000e+00
   3.8940000e+00
   3.8920000e+00
   3.8930000e+00
   3.8930000e+00
   3.8920000e+00
   3.8940000e+00
   3.8910000e+00
   3.8940000e+00
   3.8910000e+00
   3.8930000e+00
   3.8910000e+00
   3.8920000e+00
   3.8920000e+00
   3.8900000e+00
   3.8920000e+00
   3.8900000e+00
   3.8920000e+00
   3.8900000e+00
   3.8910000e+00
   3.8900000e+00
   3.8900000e+00
   3.8900000e+00
   3.8890000e+00
   3.8910000e+00
   3.8880000e+00
   3.8910000e+00
   3.8880000e+00
   3.8900000e+00
   3.8880000e+00
   3.8890000e+00
   3.8890000e+00
   3.8880000e+00
   3.8890000e+00
   3.8870000e+00
   3.8890000e+00
   3.8860000e+00
   3.8880000e+00
   3.8860000e+00
   3.8870000e+00
   3.8870000e+00
   3.8860000e+00
   3.8870000e+00
   3.8850000e+00
   3.8870000e+00
   3.8840000e+00
   3.8860000e+00
   3.8840000e+00
   3.8850000e+00
   3.8850000e+00
   3.8840000e+00
   3.8850000e+00
   3.8830000e+00
   3.8850000e+00
   3.8820000e+00
   3.8850000e+00
   3.8820000e+00
   3.8830000e+00
   3.8830000e+00
   3.8820000e+00
   3.8830000e+00
   3.8810000e+00
   3.8830000e+00
   3.8800000e+00
   3.8830000e+00
   3.8810000e+00
   3.8820000e+00
   3.8810000e+00
   3.8800000e+00
   3.8810000e+00
   3.8790000e+00
   3.8810000e+00
   3.8790000e+00
   3.8810000e+00
   3.8790000e+00
   3.8800000e+00
   3.8790000e+00
   3.8780000e+00
   3.8790000e+00
   3.8770000e+00
   3.8790000e+00
   3.8760000e+00
   3.8790000e+00
   3.8760000e+00
   3.8780000e+00
   3.8770000e+00
   3.8760000e+00
   3.8770000e+00
   3.8750000e+00
   3.8770000e+00
   3.8740000e+00
   3.8770000e+00
   3.8740000e+00
   3.8760000e+00
   3.8750000e+00
   3.8740000e+00
   3.8750000e+00
   3.8730000e+00
   3.8750000e+00
   3.8720000e+00
   3.8740000e+00
   3.8720000e+00
   3.8730000e+00
   3.8720000e+00
   3.8720000e+00
   3.8730000e+00
   3.8710000e+00
   3.8730000e+00
   3.8700000e+00
   3.8720000e+00
   3.8700000e+00
   3.8710000e+00
   3.8700000e+00
   3.8700000e+00
   3.8700000e+00
   3.8680000e+00
   3.8700000e+00
   3.8680000e+00
   3.8700000e+00
   3.8670000e+00
   3.8690000e+00
   3.8680000e+00
   3.8680000e+00
   3.8680000e+00
   3.8660000e+00
   3.8680000e+00
   3.8660000e+00
   3.8680000e+00
   3.8650000e+00
   3.8670000e+00
   3.8660000e+00
   3.8660000e+00
   3.8660000e+00
   3.8650000e+00
   3.8660000e+00
   3.8640000e+00
   3.8660000e+00
   3.8640000e+00
   3.8660000e+00
   3.8640000e+00
   3.8650000e+00
   3.8650000e+00
   3.8640000e+00
   3.8650000e+00
   3.8630000e+00
   3.8650000e+00
   3.8630000e+00
   3.8650000e+00
   3.8630000e+00
   3.8640000e+00
   3.8640000e+00
   3.8630000e+00
   3.8650000e+00
   3.8630000e+00
   3.8650000e+00
   3.8630000e+00
   3.8650000e+00
   3.8630000e+00
   3.8640000e+00
   3.8640000e+00
   3.8630000e+00
   3.8650000e+00
   3.8630000e+00
   3.8650000e+00
   3.8620000e+00
   3.8640000e+00
   3.8630000e+00
   3.8640000e+00
   3.8640000e+00
   3.8640000e+00
   3.8660000e+00
   3.8640000e+00
   3.8660000e+00
   3.8640000e+00
   3.8670000e+00
   3.8650000e+00
   3.8660000e+00
   3.8660000e+00
   3.8650000e+00
   3.8660000e+00
   3.8650000e+00
   3.8680000e+00
   3.8650000e+00
   3.8680000e+00
   3.8670000e+00
   3.8680000e+00
   3.8680000e+00
   3.8680000e+00
   3.8700000e+00
   3.8680000e+00
   3.8710000e+00
   3.8680000e+00
   3.8700000e+00
   3.8690000e+00
   3.8700000e+00
   3.8700000e+00
   3.8690000e+00
   3.8710000e+00
   3.8690000e+00
   3.8730000e+00
   3.8700000e+00
   3.8730000e+00
   3.8720000e+00
   3.8740000e+00
   3.8740000e+00
   3.8740000e+00
   3.8760000e+00
   3.8750000e+00
   3.8780000e+00
   3.8750000e+00
   3.8780000e+00
   3.8770000e+00
   3.8780000e+00
   3.8780000e+00
   3.8780000e+00
   3.8800000e+00
   3.8780000e+00
   3.8810000e+00
   3.8790000e+00
   3.8810000e+00
   3.8800000e+00
   3.8810000e+00
   3.8810000e+00
   3.8810000e+00
   3.8820000e+00
   3.8810000e+00
   3.8830000e+00
   3.8810000e+00
   3.8840000e+00
   3.8820000e+00
   3.8840000e+00
   3.8830000e+00
   3.8830000e+00
   3.8840000e+00
   3.8830000e+00
   3.8850000e+00
   3.8830000e+00
   3.8850000e+00
   3.8830000e+00
   3.8850000e+00
   3.8840000e+00
   3.8840000e+00
   3.8850000e+00
   3.8840000e+00
   3.8860000e+00
   3.8840000e+00
   3.8860000e+00
   3.8840000e+00
   3.8860000e+00
   3.8850000e+00
   3.8850000e+00
   3.8860000e+00
   3.8850000e+00
   3.8870000e+00
   3.8840000e+00
   3.8870000e+00
   3.8850000e+00
   3.8870000e+00
   3.8850000e+00
   3.8860000e+00
   3.8860000e+00
   3.8850000e+00
   3.8870000e+00
   3.8850000e+00
   3.8870000e+00
   3.8850000e+00
   3.8870000e+00
   3.8850000e+00
   3.8860000e+00
   3.8860000e+00
   3.8850000e+00
   3.8870000e+00
   3.8850000e+00
   3.8870000e+00
   3.8850000e+00
   3.8870000e+00
   3.8860000e+00
   3.8870000e+00
   3.8870000e+00
   3.8860000e+00
   3.8880000e+00
   3.8860000e+00
   3.8890000e+00
   3.8860000e+00
   3.8880000e+00
   3.8870000e+00
   3.8880000e+00
   3.8880000e+00
   3.8870000e+00
   3.8880000e+00
   3.8860000e+00
   3.8890000e+00
   3.8860000e+00
   3.8890000e+00
   3.8870000e+00
   3.8880000e+00
   3.8880000e+00
   3.8870000e+00
   3.8890000e+00
   3.8870000e+00
   3.8900000e+00
   3.8870000e+00
   3.8900000e+00
   3.8880000e+00
   3.8890000e+00
   3.8890000e+00
   3.8880000e+00
   3.8900000e+00
   3.8880000e+00
   3.8900000e+00
   3.8880000e+00
   3.8910000e+00
   3.8890000e+00
   3.8900000e+00
   3.8900000e+00
   3.8890000e+00
   3.8910000e+00
   3.8890000e+00
   3.8910000e+00
   3.8880000e+00
   3.8910000e+00
   3.8890000e+00
   3.8900000e+00
   3.8890000e+00
   3.8900000e+00
   3.8900000e+00
   3.8890000e+00
   3.8910000e+00
   3.8880000e+00
   3.8910000e+00
   3.8890000e+00
   3.8900000e+00
   3.8890000e+00
   3.8890000e+00
   3.8900000e+00
   3.8880000e+00
   3.8910000e+00
   3.8880000e+00
   3.8910000e+00
   3.8880000e+00
   3.8900000e+00
   3.8890000e+00
   3.8890000e+00
   3.8900000e+00
   3.8880000e+00
   3.8900000e+00
   3.8880000e+00
   3.8900000e+00
   3.8880000e+00
   3.8900000e+00
   3.8880000e+00
   3.8890000e+00
   3.8890000e+00
   3.8880000e+00
   3.8900000e+00
   3.8870000e+00
   3.8900000e+00
   3.8870000e+00
   3.8890000e+00
   3.8880000e+00
   3.8890000e+00
   3.8890000e+00
   3.8880000e+00
   3.8890000e+00
   3.8870000e+00
   3.8900000e+00
   3.8880000e+00
   3.8900000e+00
   3.8890000e+00
   3.8910000e+00
   3.8900000e+00
   3.8890000e+00
   3.8900000e+00
   3.8870000e+00
   3.8900000e+00
   3.8870000e+00
   3.8890000e+00
   3.8860000e+00
   3.8870000e+00
   3.8870000e+00
   3.8860000e+00
   3.8870000e+00
   3.8850000e+00
   3.8870000e+00
   3.8840000e+00
   3.8870000e+00
   3.8850000e+00
   3.8860000e+00
   3.8850000e+00
   3.8850000e+00
   3.8860000e+00
   3.8840000e+00
   3.8860000e+00
   3.8830000e+00
   3.8860000e+00
   3.8840000e+00
   3.8850000e+00
   3.8840000e+00
   3.8840000e+00
   3.8850000e+00
   3.8830000e+00
   3.8850000e+00
   3.8830000e+00
   3.8850000e+00
   3.8830000e+00
   3.8850000e+00
   3.8840000e+00
   3.8840000e+00
   3.8840000e+00
   3.8830000e+00
   3.8850000e+00
   3.8820000e+00
   3.8850000e+00
   3.8820000e+00
   3.8840000e+00
   3.8830000e+00
   3.8830000e+00
   3.8830000e+00
   3.8820000e+00
   3.8840000e+00
   3.8810000e+00
   3.8830000e+00
   3.8810000e+00
   3.8830000e+00
   3.8810000e+00
   3.8810000e+00
   3.8820000e+00
   3.8800000e+00
   3.8820000e+00
   3.8790000e+00
   3.8820000e+00
   3.8790000e+00
   3.8810000e+00
   3.8790000e+00
   3.8800000e+00
   3.8800000e+00
   3.8790000e+00
   3.8810000e+00
   3.8780000e+00
   3.8810000e+00
   3.8780000e+00
   3.8800000e+00
   3.8780000e+00
   3.8790000e+00
   3.8790000e+00
   3.8780000e+00
   3.8790000e+00
   3.8770000e+00
   3.8790000e+00
   3.8760000e+00
   3.8790000e+00
   3.8770000e+00
   3.8780000e+00
   3.8780000e+00
   3.8770000e+00
   3.8780000e+00
   3.8760000e+00
   3.8790000e+00
   3.8760000e+00
   3.8780000e+00
   3.8760000e+00
   3.8780000e+00
   3.8770000e+00
   3.8770000e+00
   3.8780000e+00
   3.8760000e+00
   3.8780000e+00
   3.8760000e+00
   3.8780000e+00
   3.8760000e+00
   3.8780000e+00
   3.8770000e+00
   3.8770000e+00
   3.8780000e+00
   3.8770000e+00
   3.8790000e+00
   3.8770000e+00
   3.8790000e+00
   3.8770000e+00
   3.8790000e+00
   3.8780000e+00
   3.8780000e+00
   3.8800000e+00
   3.8780000e+00
   3.8800000e+00
   3.8780000e+00
   3.8810000e+00
   3.8790000e+00
   3.8810000e+00
   3.8800000e+00
   3.8810000e+00
   3.8820000e+00
   3.8800000e+00
   3.8830000e+00
   3.8810000e+00
   3.8840000e+00
   3.8820000e+00
   3.8840000e+00
   3.8830000e+00
   3.8830000e+00
   3.8840000e+00
   3.8830000e+00
   3.8860000e+00
   3.8840000e+00
   3.8870000e+00
   3.8840000e+00
   3.8870000e+00
   3.8860000e+00
   3.8870000e+00
   3.8870000e+00
   3.8870000e+00
   3.8890000e+00
   3.8870000e+00
   3.8900000e+00
   3.8880000e+00
   3.8910000e+00
   3.8900000e+00
   3.8910000e+00
   3.8920000e+00
   3.8910000e+00
   3.8930000e+00
   3.8910000e+00
   3.8940000e+00
   3.8920000e+00
   3.8950000e+00
   3.8940000e+00
   3.8950000e+00
   3.8950000e+00
   3.8950000e+00
   3.8970000e+00
   3.8950000e+00
   3.8970000e+00
   3.8950000e+00
   3.8980000e+00
   3.8960000e+00
   3.8970000e+00
   3.8970000e+00
   3.8970000e+00
   3.8990000e+00
   3.8970000e+00
   3.9000000e+00
   3.8980000e+00
   3.9000000e+00
   3.8990000e+00
   3.9000000e+00
   3.9000000e+00
   3.9000000e+00
   3.9010000e+00
   3.9000000e+00
   3.9020000e+00
   3.9000000e+00
   3.9030000e+00
   3.9010000e+00
   3.9030000e+00
   3.9020000e+00
   3.9020000e+00
   3.9040000e+00
   3.9020000e+00
   3.9050000e+00
   3.9020000e+00
   3.9050000e+00
   3.9030000e+00
   3.9050000e+00
   3.9040000e+00
   3.9050000e+00
   3.9060000e+00
   3.9040000e+00
   3.9070000e+00
   3.9040000e+00
   3.9070000e+00
   3.9050000e+00
   3.9070000e+00
   3.9060000e+00
   3.9070000e+00
   3.9070000e+00
   3.9060000e+00
   3.9080000e+00
   3.9060000e+00
   3.9090000e+00
   3.9060000e+00
   3.9090000e+00
   3.9080000e+00
   3.9080000e+00
   3.9090000e+00
   3.9080000e+00
   3.9100000e+00
   3.9070000e+00
   3.9100000e+00
   3.9080000e+00
   3.9100000e+00
   3.9090000e+00
   3.9100000e+00
   3.9100000e+00
   3.9090000e+00
   3.9110000e+00
   3.9090000e+00
   3.9120000e+00
   3.9090000e+00
   3.9120000e+00
   3.9100000e+00
   3.9110000e+00
   3.9110000e+00
   3.9110000e+00
   3.9130000e+00
   3.9110000e+00
   3.9130000e+00
   3.9110000e+00
   3.9130000e+00
   3.9120000e+00
   3.9130000e+00
   3.9130000e+00
   3.9120000e+00
   3.9140000e+00
   3.9120000e+00
   3.9140000e+00
   3.9120000e+00
   3.9140000e+00
   3.9120000e+00
   3.9140000e+00
   3.9130000e+00
   3.9130000e+00
   3.9140000e+00
   3.9120000e+00
   3.9150000e+00
   3.9120000e+00
   3.9150000e+00
   3.9130000e+00
   3.9140000e+00
   3.9140000e+00
   3.9130000e+00
   3.9140000e+00
   3.9120000e+00
   3.9150000e+00
   3.9120000e+00
   3.9150000e+00
   3.9130000e+00
   3.9140000e+00
   3.9130000e+00
   3.9130000e+00
   3.9140000e+00
   3.9120000e+00
   3.9150000e+00
   3.9120000e+00
   3.9150000e+00
   3.9120000e+00
   3.9140000e+00
   3.9130000e+00
   3.9130000e+00
   3.9140000e+00
   3.9120000e+00
   3.9140000e+00
   3.9120000e+00
   3.9140000e+00
   3.9120000e+00
   3.9140000e+00
   3.9130000e+00
   3.9130000e+00
   3.9140000e+00
   3.9120000e+00
   3.9150000e+00
   3.9120000e+00
   3.9150000e+00
   3.9120000e+00
   3.9150000e+00
   3.9130000e+00
   3.9140000e+00
   3.9140000e+00
   3.9130000e+00
   3.9150000e+00
   3.9130000e+00
   3.9150000e+00
   3.9130000e+00
   3.9150000e+00
   3.9130000e+00
   3.9140000e+00
   3.9140000e+00
   3.9130000e+00
   3.9150000e+00
   3.9120000e+00
   3.9150000e+00
   3.9130000e+00
   3.9150000e+00
   3.9130000e+00
   3.9140000e+00
   3.9140000e+00
   3.9140000e+00
   3.9150000e+00
   3.9130000e+00
   3.9160000e+00
   3.9130000e+00
   3.9150000e+00
   3.9140000e+00
   3.9150000e+00
   3.9140000e+00
   3.9140000e+00
   3.9150000e+00
   3.9130000e+00
   3.9160000e+00
   3.9130000e+00
   3.9150000e+00
   3.9130000e+00
   3.9140000e+00
   3.9140000e+00
   3.9130000e+00
   3.9140000e+00
   3.9120000e+00
   3.9150000e+00
   3.9120000e+00
   3.9140000e+00
   3.9120000e+00
   3.9140000e+00
   3.9130000e+00
   3.9130000e+00
   3.9140000e+00
   3.9120000e+00
   3.9140000e+00
   3.9120000e+00
   3.9140000e+00
   3.9120000e+00
   3.9130000e+00
   3.9120000e+00
   3.9120000e+00
   3.9130000e+00
   3.9110000e+00
   3.9140000e+00
   3.9110000e+00
   3.9140000e+00
   3.9110000e+00
   3.9130000e+00
   3.9120000e+00
   3.9120000e+00
   3.9130000e+00
   3.9110000e+00
   3.9130000e+00
   3.9100000e+00
   3.9130000e+00
   3.9100000e+00
   3.9120000e+00
   3.9100000e+00
   3.9110000e+00
   3.9110000e+00
   3.9090000e+00
   3.9110000e+00
   3.9090000e+00
   3.9110000e+00
   3.9090000e+00
   3.9110000e+00
   3.9090000e+00
   3.9090000e+00
   3.9100000e+00
   3.9080000e+00
   3.9100000e+00
   3.9070000e+00
   3.9100000e+00
   3.9070000e+00
   3.9090000e+00
   3.9080000e+00
   3.9080000e+00
   3.9080000e+00
   3.9070000e+00
   3.9090000e+00
   3.9060000e+00
   3.9090000e+00
   3.9060000e+00
   3.9080000e+00
   3.9060000e+00
   3.9070000e+00
   3.9070000e+00
   3.9060000e+00
   3.9070000e+00
   3.9050000e+00
   3.9070000e+00
   3.9050000e+00
   3.9070000e+00
   3.9050000e+00
   3.9060000e+00
   3.9060000e+00
   3.9050000e+00
   3.9070000e+00
   3.9050000e+00
   3.9070000e+00
   3.9050000e+00
   3.9070000e+00
   3.9060000e+00
   3.9070000e+00
   3.9070000e+00
   3.9060000e+00
   3.9080000e+00
   3.9060000e+00
   3.9090000e+00
   3.9070000e+00
   3.9100000e+00
   3.9080000e+00
   3.9100000e+00
   3.9100000e+00
   3.9100000e+00
   3.9120000e+00
   3.9110000e+00
   3.9140000e+00
   3.9120000e+00
   3.9150000e+00
   3.9140000e+00
   3.9160000e+00
   3.9160000e+00
   3.9160000e+00
   3.9180000e+00
   3.9170000e+00
   3.9200000e+00
   3.9180000e+00
   3.9220000e+00
   3.9210000e+00
   3.9230000e+00
   3.9230000e+00
   3.9240000e+00
   3.9260000e+00
   3.9250000e+00
   3.9290000e+00
   3.9270000e+00
   3.9310000e+00
   3.9290000e+00
   3.9320000e+00
   3.9320000e+00
   3.9330000e+00
   3.9360000e+00
   3.9350000e+00
   3.9380000e+00
   3.9370000e+00
   3.9410000e+00
   3.9400000e+00
   3.9430000e+00
   3.9430000e+00
   3.9440000e+00
   3.9460000e+00
   3.9460000e+00
   3.9490000e+00
   3.9480000e+00
   3.9520000e+00
   3.9510000e+00
   3.9540000e+00
   3.9540000e+00
   3.9550000e+00
   3.9570000e+00
   3.9570000e+00
   3.9610000e+00
   3.9590000e+00
   3.9630000e+00
   3.9620000e+00
   3.9650000e+00
   3.9650000e+00
   3.9670000e+00
   3.9690000e+00
   3.9690000e+00
   3.9720000e+00
   3.9710000e+00
   3.9750000e+00
   3.9740000e+00
   3.9770000e+00
   3.9770000e+00
   3.9780000e+00
   3.9800000e+00
   3.9800000e+00
   3.9830000e+00
   3.9820000e+00
   3.9860000e+00
   3.9840000e+00
   3.9870000e+00
   3.9870000e+00
   3.9890000e+00
   3.9900000e+00
   3.9900000e+00
   3.9930000e+00
   3.9910000e+00
   3.9950000e+00
   3.9930000e+00
   3.9960000e+00
   3.9960000e+00
   3.9970000e+00
   3.9980000e+00
   3.9980000e+00
   4.0010000e+00
   3.9990000e+00
   4.0030000e+00
   4.0010000e+00
   4.0040000e+00
   4.0040000e+00
   4.0050000e+00
   4.0060000e+00
   4.0060000e+00
   4.0090000e+00
   4.0070000e+00
   4.0100000e+00
   4.0080000e+00
   4.0120000e+00
   4.0110000e+00
   4.0120000e+00
   4.0130000e+00
   4.0120000e+00
   4.0150000e+00
   4.0130000e+00
   4.0160000e+00
   4.0140000e+00
   4.0170000e+00
   4.0160000e+00
   4.0180000e+00
   4.0180000e+00
   4.0180000e+00
   4.0200000e+00
   4.0180000e+00
   4.0210000e+00
   4.0190000e+00
   4.0220000e+00
   4.0210000e+00
   4.0220000e+00
   4.0230000e+00
   4.0220000e+00
   4.0250000e+00
   4.0230000e+00
   4.0260000e+00
   4.0240000e+00
   4.0270000e+00
   4.0250000e+00
   4.0270000e+00
   4.0270000e+00
   4.0270000e+00
   4.0290000e+00
   4.0270000e+00
   4.0300000e+00
   4.0280000e+00
   4.0310000e+00
   4.0290000e+00
   4.0310000e+00
   4.0310000e+00
   4.0310000e+00
   4.0330000e+00
   4.0310000e+00
   4.0340000e+00
   4.0320000e+00
   4.0350000e+00
   4.0330000e+00
   4.0350000e+00
   4.0350000e+00
   4.0340000e+00
   4.0360000e+00
   4.0340000e+00
   4.0370000e+00
   4.0350000e+00
   4.0370000e+00
   4.0350000e+00
   4.0370000e+00
   4.0370000e+00
   4.0360000e+00
   4.0380000e+00
   4.0360000e+00
   4.0380000e+00
   4.0360000e+00
   4.0380000e+00
   4.0360000e+00
   4.0380000e+00
   4.0370000e+00
   4.0370000e+00
   4.0390000e+00
   4.0370000e+00
   4.0390000e+00
   4.0370000e+00
   4.0390000e+00
   4.0370000e+00
   4.0390000e+00
   4.0380000e+00
   4.0380000e+00
   4.0400000e+00
   4.0380000e+00
   4.0400000e+00
   4.0380000e+00
   4.0400000e+00
   4.0380000e+00
   4.0400000e+00
   4.0390000e+00
   4.0390000e+00
   4.0410000e+00
   4.0390000e+00
   4.0410000e+00
   4.0380000e+00
   4.0410000e+00
   4.0390000e+00
   4.0410000e+00
   4.0400000e+00
   4.0400000e+00
   4.0410000e+00
   4.0390000e+00
   4.0420000e+00
   4.0390000e+00
   4.0420000e+00
   4.0390000e+00
   4.0410000e+00
   4.0400000e+00
   4.0400000e+00
   4.0410000e+00
   4.0390000e+00
   4.0420000e+00
   4.0390000e+00
   4.0420000e+00
   4.0400000e+00
   4.0410000e+00
   4.0400000e+00
   4.0400000e+00
   4.0410000e+00
   4.0390000e+00
   4.0420000e+00
   4.0390000e+00
   4.0420000e+00
   4.0390000e+00
   4.0410000e+00
   4.0400000e+00
   4.0400000e+00
   4.0410000e+00
   4.0390000e+00
   4.0410000e+00
   4.0380000e+00
   4.0410000e+00
   4.0380000e+00
   4.0400000e+00
   4.0390000e+00
   4.0390000e+00
   4.0400000e+00
   4.0380000e+00
   4.0400000e+00
   4.0370000e+00
   4.0400000e+00
   4.0370000e+00
   4.0390000e+00
   4.0380000e+00
   4.0380000e+00
   4.0390000e+00
   4.0370000e+00
   4.0390000e+00
   4.0360000e+00
   4.0390000e+00
   4.0360000e+00
   4.0380000e+00
   4.0360000e+00
   4.0360000e+00
   4.0370000e+00
   4.0350000e+00
   4.0370000e+00
   4.0340000e+00
   4.0360000e+00
   4.0340000e+00
   4.0350000e+00
   4.0340000e+00
   4.0340000e+00
   4.0340000e+00
   4.0330000e+00
   4.0350000e+00
   4.0320000e+00
   4.0340000e+00
   4.0320000e+00
   4.0330000e+00
   4.0320000e+00
   4.0320000e+00
   4.0320000e+00
   4.0310000e+00
   4.0330000e+00
   4.0300000e+00
   4.0330000e+00
   4.0300000e+00
   4.0320000e+00
   4.0300000e+00
   4.0300000e+00
   4.0310000e+00
   4.0290000e+00
   4.0310000e+00
   4.0280000e+00
   4.0300000e+00
   4.0270000e+00
   4.0290000e+00
   4.0280000e+00
   4.0280000e+00
   4.0280000e+00
   4.0260000e+00
   4.0280000e+00
   4.0250000e+00
   4.0280000e+00
   4.0250000e+00
   4.0270000e+00
   4.0250000e+00
   4.0250000e+00
   4.0250000e+00
   4.0230000e+00
   4.0250000e+00
   4.0220000e+00
   4.0250000e+00
   4.0220000e+00
   4.0240000e+00
   4.0220000e+00
   4.0220000e+00
   4.0230000e+00
   4.0210000e+00
   4.0230000e+00
   4.0200000e+00
   4.0220000e+00
   4.0190000e+00
   4.0210000e+00
   4.0190000e+00
   4.0200000e+00
   4.0200000e+00
   4.0180000e+00
   4.0200000e+00
   4.0170000e+00
   4.0190000e+00
   4.0160000e+00
   4.0180000e+00
   4.0170000e+00
   4.0170000e+00
   4.0170000e+00
   4.0150000e+00
   4.0170000e+00
   4.0140000e+00
   4.0160000e+00
   4.0130000e+00
   4.0150000e+00
   4.0130000e+00
   4.0140000e+00
   4.0130000e+00
   4.0120000e+00
   4.0130000e+00
   4.0100000e+00
   4.0130000e+00
   4.0100000e+00
   4.0120000e+00
   4.0090000e+00
   4.0100000e+00
   4.0090000e+00
   4.0080000e+00
   4.0090000e+00
   4.0060000e+00
   4.0090000e+00
   4.0050000e+00
   4.0070000e+00
   4.0050000e+00
   4.0060000e+00
   4.0050000e+00
   4.0040000e+00
   4.0050000e+00
   4.0020000e+00
   4.0040000e+00
   4.0010000e+00
   4.0030000e+00
   4.0000000e+00
   4.0010000e+00
   4.0000000e+00
   3.9990000e+00
   4.0000000e+00
   3.9980000e+00
   4.0000000e+00
   3.9960000e+00
   3.9980000e+00
   3.9960000e+00
   3.9970000e+00
   3.9960000e+00
   3.9950000e+00
   3.9960000e+00
   3.9930000e+00
   3.9950000e+00
   3.9920000e+00
   3.9940000e+00
   3.9910000e+00
   3.9920000e+00
   3.9910000e+00
   3.9900000e+00
   3.9910000e+00
   3.9880000e+00
   3.9900000e+00
   3.9870000e+00
   3.9890000e+00
   3.9860000e+00
   3.9870000e+00
   3.9860000e+00
   3.9850000e+00
   3.9860000e+00
   3.9830000e+00
   3.9850000e+00
   3.9820000e+00
   3.9840000e+00
   3.9820000e+00
   3.9820000e+00
   3.9810000e+00
   3.9800000e+00
   3.9810000e+00
   3.9790000e+00
   3.9810000e+00
   3.9770000e+00
   3.9790000e+00
   3.9770000e+00
   3.9780000e+00
   3.9770000e+00
   3.9760000e+00
   3.9770000e+00
   3.9740000e+00
   3.9760000e+00
   3.9730000e+00
   3.9750000e+00
   3.9720000e+00
   3.9730000e+00
   3.9720000e+00
   3.9710000e+00
   3.9720000e+00
   3.9700000e+00
   3.9720000e+00
   3.9690000e+00
   3.9710000e+00
   3.9690000e+00
   3.9700000e+00
   3.9690000e+00
   3.9680000e+00
   3.9690000e+00
   3.9670000e+00
   3.9690000e+00
   3.9660000e+00
   3.9680000e+00
   3.9660000e+00
   3.9670000e+00
   3.9670000e+00
   3.9700000e+00
   3.9740000e+00
   3.9750000e+00
   3.9790000e+00
   3.9770000e+00
   3.9780000e+00
   3.9740000e+00
   3.9730000e+00
   3.9710000e+00
   3.9700000e+00
   3.9700000e+00
   3.9670000e+00
   3.9680000e+00
   3.9650000e+00
   3.9670000e+00
   3.9640000e+00
   3.9640000e+00
   3.9630000e+00
   3.9620000e+00
   3.9630000e+00
   3.9600000e+00
   3.9620000e+00
   3.9590000e+00
   3.9610000e+00
   3.9580000e+00
   3.9600000e+00
   3.9580000e+00
   3.9580000e+00
   3.9580000e+00
   3.9560000e+00
   3.9580000e+00
   3.9550000e+00
   3.9570000e+00
   3.9540000e+00
   3.9550000e+00
   3.9540000e+00
   3.9530000e+00
   3.9540000e+00
   3.9520000e+00
   3.9530000e+00
   3.9500000e+00
   3.9520000e+00
   3.9490000e+00
   3.9510000e+00
   3.9490000e+00
   3.9490000e+00
   3.9490000e+00
   3.9470000e+00
   3.9480000e+00
   3.9450000e+00
   3.9470000e+00
   3.9440000e+00
   3.9450000e+00
   3.9440000e+00
   3.9430000e+00
   3.9430000e+00
   3.9410000e+00
   3.9420000e+00
   3.9390000e+00
   3.9410000e+00
   3.9380000e+00
   3.9390000e+00
   3.9370000e+00
   3.9370000e+00
   3.9370000e+00
   3.9350000e+00
   3.9360000e+00
   3.9330000e+00
   3.9350000e+00
   3.9320000e+00
   3.9330000e+00
   3.9310000e+00
   3.9310000e+00
   3.9310000e+00
   3.9280000e+00
   3.9300000e+00
   3.9270000e+00
   3.9290000e+00
   3.9250000e+00
   3.9270000e+00
   3.9250000e+00
   3.9240000e+00
   3.9240000e+00
   3.9220000e+00
   3.9240000e+00
   3.9200000e+00
   3.9220000e+00
   3.9190000e+00
   3.9200000e+00
   3.9190000e+00
   3.9180000e+00
   3.9180000e+00
   3.9160000e+00
   3.9180000e+00
   3.9150000e+00
   3.9170000e+00
   3.9140000e+00
   3.9150000e+00
   3.9130000e+00
   3.9130000e+00
   3.9130000e+00
   3.9110000e+00
   3.9130000e+00
   3.9100000e+00
   3.9120000e+00
   3.9090000e+00
   3.9100000e+00
   3.9080000e+00
   3.9080000e+00
   3.9080000e+00
   3.9070000e+00
   3.9080000e+00
   3.9050000e+00
   3.9070000e+00
   3.9040000e+00
   3.9060000e+00
   3.9040000e+00
   3.9040000e+00
   3.9040000e+00
   3.9020000e+00
   3.9040000e+00
   3.9000000e+00
   3.9030000e+00
   3.9000000e+00
   3.9010000e+00
   3.9000000e+00
   3.9000000e+00
   3.9000000e+00
   3.8980000e+00
   3.8990000e+00
   3.8970000e+00
   3.8990000e+00
   3.8960000e+00
   3.8970000e+00
   3.8960000e+00
   3.8960000e+00
   3.8960000e+00
   3.8940000e+00
   3.8950000e+00
   3.8930000e+00
   3.8950000e+00
   3.8920000e+00
   3.8940000e+00
   3.8920000e+00
   3.8920000e+00
   3.8920000e+00
   3.8900000e+00
   3.8920000e+00
   3.8890000e+00
   3.8910000e+00
   3.8890000e+00
   3.8900000e+00
   3.8880000e+00
   3.8890000e+00
   3.8890000e+00
   3.8870000e+00
   3.8890000e+00
   3.8860000e+00
   3.8880000e+00
   3.8850000e+00
   3.8870000e+00
   3.8850000e+00
   3.8850000e+00
   3.8850000e+00
   3.8840000e+00
   3.8850000e+00
   3.8820000e+00
   3.8850000e+00
   3.8820000e+00
   3.8830000e+00
   3.8820000e+00
   3.8820000e+00
   3.8820000e+00
   3.8800000e+00
   3.8820000e+00
   3.8790000e+00
   3.8810000e+00
   3.8790000e+00
   3.8800000e+00
   3.8790000e+00
   3.8790000e+00
   3.8790000e+00
   3.8770000e+00
   3.8790000e+00
   3.8760000e+00
   3.8790000e+00
   3.8760000e+00
   3.8770000e+00
   3.8760000e+00
   3.8760000e+00
