   7.1910000e+00
   7.1890000e+00
   7.1900000e+00
   7.1900000e+00
   7.1900000e+00
   7.1910000e+00
   7.1900000e+00
   7.1920000e+00
   7.1920000e+00
   7.1940000e+00
   7.1940000e+00
   7.1960000e+00
   7.1980000e+00
   7.2000000e+00
   7.2020000e+00
   7.2030000e+00
   7.2070000e+00
   7.2080000e+00
   7.2110000e+00
   7.2130000e+00
   7.2160000e+00
   7.2190000e+00
   7.2220000e+00
   7.2260000e+00
   7.2280000e+00
   7.2320000e+00
   7.2350000e+00
   7.2400000e+00
   7.2420000e+00
   7.2470000e+00
   7.2510000e+00
   7.2540000e+00
   7.2590000e+00
   7.2630000e+00
   7.2680000e+00
   7.2720000e+00
   7.2770000e+00
   7.2810000e+00
   7.2860000e+00
   7.2910000e+00
   7.2940000e+00
   7.3000000e+00
   7.3040000e+00
   7.3090000e+00
   7.3120000e+00
   7.3180000e+00
   7.3210000e+00
   7.3260000e+00
   7.3300000e+00
   7.3340000e+00
   7.3390000e+00
   7.3420000e+00
   7.3480000e+00
   7.3520000e+00
   7.3570000e+00
   7.3610000e+00
   7.3660000e+00
   7.3710000e+00
   7.3760000e+00
   7.3810000e+00
   7.3850000e+00
   7.3920000e+00
   7.3970000e+00
   7.4030000e+00
   7.4080000e+00
   7.4130000e+00
   7.4190000e+00
   7.4230000e+00
   7.4300000e+00
   7.4340000e+00
   7.4410000e+00
   7.4450000e+00
   7.4520000e+00
   7.4570000e+00
   7.4620000e+00
   7.4670000e+00
   7.4720000e+00
   7.4770000e+00
   7.4800000e+00
   7.4860000e+00
   7.4890000e+00
   7.4940000e+00
   7.4980000e+00
   7.5020000e+00
   7.5060000e+00
   7.5090000e+00
   7.5140000e+00
   7.5170000e+00
   7.5220000e+00
   7.5240000e+00
   7.5280000e+00
   7.5310000e+00
   7.5340000e+00
   7.5380000e+00
   7.5400000e+00
   7.5440000e+00
   7.5460000e+00
   7.5500000e+00
   7.5520000e+00
   7.5540000e+00
   7.5570000e+00
   7.5580000e+00
   7.5610000e+00
   7.5620000e+00
   7.5650000e+00
   7.5650000e+00
   7.5680000e+00
   7.5690000e+00
   7.5700000e+00
   7.5720000e+00
   7.5720000e+00
   7.5740000e+00
   7.5740000e+00
   7.5760000e+00
   7.5750000e+00
   7.5770000e+00
   7.5770000e+00
   7.5770000e+00
   7.5770000e+00
   7.5760000e+00
   7.5780000e+00
   7.5760000e+00
   7.5770000e+00
   7.5760000e+00
   7.5770000e+00
   7.5770000e+00
   7.5770000e+00
   7.5780000e+00
   7.5770000e+00
   7.5780000e+00
   7.5770000e+00
   7.5790000e+00
   7.5780000e+00
   7.5790000e+00
   7.5790000e+00
   7.5790000e+00
   7.5800000e+00
   7.5790000e+00
   7.5810000e+00
   7.5800000e+00
   7.5820000e+00
   7.5820000e+00
   7.5820000e+00
   7.5830000e+00
   7.5830000e+00
   7.5840000e+00
   7.5830000e+00
   7.5840000e+00
   7.5830000e+00
   7.5840000e+00
   7.5830000e+00
   7.5840000e+00
   7.5840000e+00
   7.5840000e+00
   7.5850000e+00
   7.5840000e+00
   7.5850000e+00
   7.5830000e+00
   7.5840000e+00
   7.5830000e+00
   7.5830000e+00
   7.5840000e+00
   7.5830000e+00
   7.5840000e+00
   7.5830000e+00
   7.5840000e+00
   7.5830000e+00
   7.5840000e+00
   7.5840000e+00
   7.5840000e+00
   7.5850000e+00
   7.5840000e+00
   7.5850000e+00
   7.5840000e+00
   7.5860000e+00
   7.5840000e+00
   7.5860000e+00
   7.5850000e+00
   7.5850000e+00
   7.5860000e+00
   7.5850000e+00
   7.5860000e+00
   7.5850000e+00
   7.5850000e+00
   7.5840000e+00
   7.5840000e+00
   7.5830000e+00
   7.5820000e+00
   7.5820000e+00
   7.5800000e+00
   7.5800000e+00
   7.5780000e+00
   7.5780000e+00
   7.5750000e+00
   7.5750000e+00
   7.5740000e+00
   7.5730000e+00
   7.5710000e+00
   7.5690000e+00
   7.5690000e+00
   7.5660000e+00
   7.5660000e+00
   7.5630000e+00
   7.5620000e+00
   7.5610000e+00
   7.5580000e+00
   7.5570000e+00
   7.5550000e+00
   7.5540000e+00
   7.5510000e+00
   7.5500000e+00
   7.5470000e+00
   7.5450000e+00
   7.5430000e+00
   7.5400000e+00
   7.5390000e+00
   7.5350000e+00
   7.5340000e+00
   7.5310000e+00
   7.5300000e+00
   7.5260000e+00
   7.5250000e+00
   7.5220000e+00
   7.5200000e+00
   7.5180000e+00
   7.5150000e+00
   7.5140000e+00
   7.5100000e+00
   7.5090000e+00
   7.5060000e+00
   7.5040000e+00
   7.5020000e+00
   7.4990000e+00
   7.4980000e+00
   7.4940000e+00
   7.4930000e+00
   7.4900000e+00
   7.4890000e+00
   7.4860000e+00
   7.4840000e+00
   7.4830000e+00
   7.4810000e+00
   7.4800000e+00
   7.4770000e+00
   7.4760000e+00
   7.4740000e+00
   7.4730000e+00
   7.4710000e+00
   7.4700000e+00
   7.4690000e+00
   7.4670000e+00
   7.4670000e+00
   7.4640000e+00
   7.4650000e+00
   7.4620000e+00
   7.4620000e+00
   7.4610000e+00
   7.4600000e+00
   7.4600000e+00
   7.4580000e+00
   7.4580000e+00
   7.4570000e+00
   7.4570000e+00
   7.4550000e+00
   7.4550000e+00
   7.4550000e+00
   7.4540000e+00
   7.4540000e+00
   7.4530000e+00
   7.4540000e+00
   7.4520000e+00
   7.4530000e+00
   7.4520000e+00
   7.4530000e+00
   7.4530000e+00
   7.4530000e+00
   7.4540000e+00
   7.4540000e+00
   7.4560000e+00
   7.4550000e+00
   7.4580000e+00
   7.4570000e+00
   7.4590000e+00
   7.4600000e+00
   7.4610000e+00
   7.4630000e+00
   7.4630000e+00
   7.4660000e+00
   7.4670000e+00
   7.4690000e+00
   7.4700000e+00
   7.4730000e+00
   7.4750000e+00
   7.4760000e+00
   7.4790000e+00
   7.4800000e+00
   7.4830000e+00
   7.4840000e+00
   7.4870000e+00
   7.4890000e+00
   7.4910000e+00
   7.4930000e+00
   7.4950000e+00
   7.4980000e+00
   7.5000000e+00
   7.5030000e+00
   7.5040000e+00
   7.5070000e+00
   7.5090000e+00
   7.5110000e+00
   7.5130000e+00
   7.5150000e+00
   7.5170000e+00
   7.5180000e+00
   7.5200000e+00
   7.5210000e+00
   7.5230000e+00
   7.5230000e+00
   7.5250000e+00
   7.5260000e+00
   7.5270000e+00
   7.5280000e+00
   7.5280000e+00
   7.5300000e+00
   7.5290000e+00
   7.5310000e+00
   7.5310000e+00
   7.5320000e+00
   7.5330000e+00
   7.5320000e+00
   7.5330000e+00
   7.5320000e+00
   7.5330000e+00
   7.5320000e+00
   7.5330000e+00
   7.5330000e+00
   7.5320000e+00
   7.5330000e+00
   7.5310000e+00
   7.5320000e+00
   7.5300000e+00
   7.5310000e+00
   7.5290000e+00
   7.5290000e+00
   7.5280000e+00
   7.5270000e+00
   7.5260000e+00
   7.5240000e+00
   7.5240000e+00
   7.5210000e+00
   7.5210000e+00
   7.5190000e+00
   7.5190000e+00
   7.5170000e+00
   7.5150000e+00
   7.5140000e+00
   7.5110000e+00
   7.5110000e+00
   7.5080000e+00
   7.5080000e+00
   7.5050000e+00
   7.5040000e+00
   7.5020000e+00
   7.5000000e+00
   7.4990000e+00
   7.4960000e+00
   7.4960000e+00
   7.4930000e+00
   7.4920000e+00
   7.4890000e+00
   7.4880000e+00
   7.4860000e+00
   7.4840000e+00
   7.4830000e+00
   7.4800000e+00
   7.4790000e+00
   7.4760000e+00
   7.4760000e+00
   7.4730000e+00
   7.4720000e+00
   7.4700000e+00
   7.4670000e+00
   7.4660000e+00
   7.4640000e+00
   7.4630000e+00
   7.4600000e+00
   7.4590000e+00
   7.4560000e+00
   7.4540000e+00
   7.4520000e+00
   7.4500000e+00
   7.4490000e+00
   7.4460000e+00
   7.4450000e+00
   7.4420000e+00
   7.4410000e+00
   7.4390000e+00
   7.4370000e+00
   7.4360000e+00
   7.4340000e+00
   7.4330000e+00
   7.4310000e+00
   7.4300000e+00
   7.4280000e+00
   7.4270000e+00
   7.4250000e+00
   7.4240000e+00
   7.4230000e+00
   7.4210000e+00
   7.4210000e+00
   7.4190000e+00
   7.4190000e+00
   7.4170000e+00
   7.4170000e+00
   7.4150000e+00
   7.4150000e+00
   7.4140000e+00
   7.4120000e+00
   7.4130000e+00
   7.4110000e+00
   7.4110000e+00
   7.4090000e+00
   7.4100000e+00
   7.4080000e+00
   7.4070000e+00
   7.4070000e+00
   7.4050000e+00
   7.4050000e+00
   7.4030000e+00
   7.4040000e+00
   7.4020000e+00
   7.4020000e+00
   7.4010000e+00
   7.4000000e+00
   7.4000000e+00
   7.3980000e+00
   7.3980000e+00
   7.3960000e+00
   7.3970000e+00
   7.3950000e+00
   7.3950000e+00
   7.3930000e+00
   7.3920000e+00
   7.3920000e+00
   7.3900000e+00
   7.3900000e+00
   7.3880000e+00
   7.3890000e+00
   7.3870000e+00
   7.3860000e+00
   7.3850000e+00
   7.3840000e+00
   7.3840000e+00
   7.3820000e+00
   7.3820000e+00
   7.3790000e+00
   7.3800000e+00
   7.3770000e+00
   7.3770000e+00
   7.3760000e+00
   7.3740000e+00
   7.3740000e+00
   7.3710000e+00
   7.3720000e+00
   7.3690000e+00
   7.3690000e+00
   7.3670000e+00
   7.3670000e+00
   7.3650000e+00
   7.3640000e+00
   7.3630000e+00
   7.3610000e+00
   7.3610000e+00
   7.3590000e+00
   7.3590000e+00
   7.3570000e+00
   7.3560000e+00
   7.3550000e+00
   7.3530000e+00
   7.3530000e+00
   7.3510000e+00
   7.3510000e+00
   7.3490000e+00
   7.3480000e+00
   7.3460000e+00
   7.3450000e+00
   7.3440000e+00
   7.3420000e+00
   7.3420000e+00
   7.3400000e+00
   7.3400000e+00
   7.3380000e+00
   7.3370000e+00
   7.3350000e+00
   7.3350000e+00
   7.3340000e+00
   7.3320000e+00
   7.3320000e+00
   7.3290000e+00
   7.3300000e+00
   7.3270000e+00
   7.3270000e+00
   7.3250000e+00
   7.3240000e+00
   7.3240000e+00
   7.3220000e+00
   7.3210000e+00
   7.3190000e+00
   7.3190000e+00
   7.3170000e+00
   7.3170000e+00
   7.3150000e+00
   7.3140000e+00
   7.3140000e+00
   7.3120000e+00
   7.3130000e+00
   7.3110000e+00
   7.3110000e+00
   7.3090000e+00
   7.3100000e+00
   7.3090000e+00
   7.3090000e+00
   7.3090000e+00
   7.3080000e+00
   7.3090000e+00
   7.3080000e+00
   7.3090000e+00
   7.3090000e+00
   7.3100000e+00
   7.3100000e+00
   7.3110000e+00
   7.3120000e+00
   7.3120000e+00
   7.3150000e+00
   7.3150000e+00
   7.3180000e+00
   7.3190000e+00
   7.3210000e+00
   7.3230000e+00
   7.3250000e+00
   7.3280000e+00
   7.3300000e+00
   7.3340000e+00
   7.3360000e+00
   7.3410000e+00
   7.3440000e+00
   7.3480000e+00
   7.3510000e+00
   7.3540000e+00
   7.3590000e+00
   7.3610000e+00
   7.3670000e+00
   7.3700000e+00
   7.3750000e+00
   7.3800000e+00
   7.3850000e+00
   7.3900000e+00
   7.3940000e+00
   7.4010000e+00
   7.4050000e+00
   7.4120000e+00
   7.4170000e+00
   7.4240000e+00
   7.4290000e+00
   7.4360000e+00
   7.4420000e+00
   7.4480000e+00
   7.4560000e+00
   7.4610000e+00
   7.4690000e+00
   7.4740000e+00
   7.4810000e+00
   7.4860000e+00
   7.4920000e+00
   7.4990000e+00
   7.5040000e+00
   7.5110000e+00
   7.5150000e+00
   7.5220000e+00
   7.5270000e+00
   7.5330000e+00
   7.5380000e+00
   7.5430000e+00
   7.5490000e+00
   7.5530000e+00
   7.5590000e+00
   7.5620000e+00
   7.5680000e+00
   7.5720000e+00
   7.5770000e+00
   7.5810000e+00
   7.5850000e+00
   7.5890000e+00
   7.5920000e+00
   7.5960000e+00
   7.5990000e+00
   7.6030000e+00
   7.6050000e+00
   7.6080000e+00
   7.6110000e+00
   7.6130000e+00
   7.6160000e+00
   7.6160000e+00
   7.6190000e+00
   7.6180000e+00
   7.6200000e+00
   7.6190000e+00
   7.6200000e+00
   7.6210000e+00
   7.6200000e+00
   7.6210000e+00
   7.6190000e+00
   7.6200000e+00
   7.6190000e+00
   7.6190000e+00
   7.6180000e+00
   7.6170000e+00
   7.6170000e+00
   7.6150000e+00
   7.6150000e+00
   7.6130000e+00
   7.6130000e+00
   7.6110000e+00
   7.6100000e+00
   7.6080000e+00
   7.6060000e+00
   7.6050000e+00
   7.6030000e+00
   7.6020000e+00
   7.5990000e+00
   7.5980000e+00
   7.5950000e+00
   7.5940000e+00
   7.5910000e+00
   7.5890000e+00
   7.5870000e+00
   7.5840000e+00
   7.5840000e+00
   7.5800000e+00
   7.5790000e+00
   7.5750000e+00
   7.5730000e+00
   7.5700000e+00
   7.5660000e+00
   7.5640000e+00
   7.5590000e+00
   7.5570000e+00
   7.5530000e+00
   7.5510000e+00
   7.5460000e+00
   7.5440000e+00
   7.5410000e+00
   7.5370000e+00
   7.5350000e+00
   7.5310000e+00
   7.5290000e+00
   7.5250000e+00
   7.5230000e+00
   7.5190000e+00
   7.5170000e+00
   7.5140000e+00
   7.5110000e+00
   7.5090000e+00
   7.5050000e+00
   7.5040000e+00
   7.5000000e+00
   7.4980000e+00
   7.4950000e+00
   7.4920000e+00
   7.4900000e+00
   7.4870000e+00
   7.4850000e+00
   7.4820000e+00
   7.4810000e+00
   7.4770000e+00
   7.4750000e+00
   7.4720000e+00
   7.4700000e+00
   7.4680000e+00
   7.4640000e+00
   7.4630000e+00
   7.4590000e+00
   7.4570000e+00
   7.4530000e+00
   7.4510000e+00
   7.4480000e+00
   7.4450000e+00
   7.4430000e+00
   7.4390000e+00
   7.4380000e+00
   7.4340000e+00
   7.4320000e+00
   7.4290000e+00
   7.4270000e+00
   7.4240000e+00
   7.4220000e+00
   7.4200000e+00
   7.4170000e+00
   7.4150000e+00
   7.4120000e+00
   7.4110000e+00
   7.4080000e+00
   7.4060000e+00
   7.4040000e+00
   7.4020000e+00
   7.4000000e+00
   7.3970000e+00
   7.3960000e+00
   7.3930000e+00
   7.3920000e+00
   7.3890000e+00
   7.3880000e+00
   7.3860000e+00
   7.3840000e+00
   7.3820000e+00
   7.3790000e+00
   7.3780000e+00
   7.3740000e+00
   7.3740000e+00
   7.3760000e+00
   7.3790000e+00
   7.3800000e+00
   7.3800000e+00
   7.3810000e+00
   7.3790000e+00
   7.3800000e+00
   7.3770000e+00
   7.3780000e+00
   7.3760000e+00
   7.3750000e+00
   7.3740000e+00
   7.3720000e+00
   7.3710000e+00
   7.3690000e+00
   7.3690000e+00
   7.3670000e+00
   7.3670000e+00
   7.3650000e+00
   7.3640000e+00
   7.3630000e+00
   7.3610000e+00
   7.3600000e+00
   7.3580000e+00
   7.3570000e+00
   7.3540000e+00
   7.3540000e+00
   7.3520000e+00
   7.3510000e+00
   7.3500000e+00
   7.3480000e+00
   7.3480000e+00
   7.3460000e+00
   7.3460000e+00
   7.3430000e+00
   7.3430000e+00
   7.3420000e+00
   7.3410000e+00
   7.3400000e+00
   7.3380000e+00
   7.3380000e+00
   7.3360000e+00
   7.3370000e+00
   7.3350000e+00
   7.3350000e+00
   7.3340000e+00
   7.3320000e+00
   7.3320000e+00
   7.3300000e+00
   7.3300000e+00
   7.3280000e+00
   7.3280000e+00
   7.3270000e+00
   7.3270000e+00
   7.3260000e+00
   7.3250000e+00
   7.3250000e+00
   7.3240000e+00
   7.3250000e+00
   7.3230000e+00
   7.3240000e+00
   7.3230000e+00
   7.3230000e+00
   7.3240000e+00
   7.3240000e+00
   7.3260000e+00
   7.3250000e+00
   7.3270000e+00
   7.3260000e+00
   7.3270000e+00
   7.3260000e+00
   7.3260000e+00
   7.3260000e+00
   7.3260000e+00
   7.3270000e+00
   7.3260000e+00
   7.3280000e+00
   7.3260000e+00
   7.3280000e+00
   7.3280000e+00
   7.3280000e+00
   7.3290000e+00
   7.3280000e+00
   7.3300000e+00
   7.3300000e+00
   7.3320000e+00
   7.3310000e+00
   7.3330000e+00
   7.3340000e+00
   7.3340000e+00
   7.3360000e+00
   7.3360000e+00
   7.3380000e+00
   7.3370000e+00
   7.3390000e+00
   7.3390000e+00
   7.3410000e+00
   7.3410000e+00
   7.3420000e+00
   7.3440000e+00
   7.3440000e+00
   7.3470000e+00
   7.3460000e+00
   7.3490000e+00
   7.3490000e+00
   7.3510000e+00
   7.3520000e+00
   7.3530000e+00
   7.3550000e+00
   7.3550000e+00
   7.3570000e+00
   7.3570000e+00
   7.3590000e+00
   7.3590000e+00
   7.3610000e+00
   7.3610000e+00
   7.3620000e+00
   7.3630000e+00
   7.3630000e+00
   7.3650000e+00
   7.3650000e+00
   7.3670000e+00
   7.3670000e+00
   7.3690000e+00
   7.3700000e+00
   7.3710000e+00
   7.3730000e+00
   7.3730000e+00
   7.3760000e+00
   7.3760000e+00
   7.3780000e+00
   7.3780000e+00
   7.3800000e+00
   7.3810000e+00
   7.3820000e+00
   7.3840000e+00
   7.3840000e+00
   7.3870000e+00
   7.3870000e+00
   7.3890000e+00
   7.3890000e+00
   7.3850000e+00
   7.3810000e+00
   7.3770000e+00
   7.3750000e+00
   7.3730000e+00
   7.3730000e+00
   7.3710000e+00
   7.3710000e+00
   7.3710000e+00
   7.3710000e+00
   7.3710000e+00
   7.3710000e+00
   7.3730000e+00
   7.3720000e+00
   7.3740000e+00
   7.3730000e+00
   7.3740000e+00
   7.3740000e+00
   7.3750000e+00
   7.3760000e+00
   7.3750000e+00
   7.3770000e+00
   7.3770000e+00
   7.3780000e+00
   7.3780000e+00
   7.3790000e+00
   7.3800000e+00
   7.3800000e+00
   7.3810000e+00
   7.3810000e+00
   7.3820000e+00
   7.3810000e+00
   7.3830000e+00
   7.3820000e+00
   7.3830000e+00
   7.3840000e+00
   7.3830000e+00
   7.3840000e+00
   7.3840000e+00
   7.3850000e+00
   7.3840000e+00
   7.3850000e+00
   7.3830000e+00
   7.3830000e+00
   7.3830000e+00
   7.3810000e+00
   7.3810000e+00
   7.3790000e+00
   7.3800000e+00
   7.3780000e+00
   7.3780000e+00
   7.3770000e+00
   7.3760000e+00
   7.3760000e+00
   7.3740000e+00
   7.3740000e+00
   7.3720000e+00
   7.3730000e+00
   7.3710000e+00
   7.3710000e+00
   7.3700000e+00
   7.3690000e+00
   7.3680000e+00
   7.3670000e+00
   7.3670000e+00
   7.3640000e+00
   7.3650000e+00
   7.3630000e+00
   7.3630000e+00
   7.3610000e+00
   7.3600000e+00
   7.3600000e+00
   7.3570000e+00
   7.3570000e+00
   7.3540000e+00
   7.3540000e+00
   7.3560000e+00
   7.3600000e+00
   7.3620000e+00
   7.3640000e+00
   7.3650000e+00
   7.3650000e+00
   7.3660000e+00
   7.3650000e+00
   7.3650000e+00
   7.3640000e+00
   7.3640000e+00
   7.3620000e+00
   7.3610000e+00
   7.3610000e+00
   7.3590000e+00
   7.3590000e+00
   7.3570000e+00
   7.3570000e+00
   7.3550000e+00
   7.3550000e+00
   7.3540000e+00
   7.3520000e+00
   7.3520000e+00
   7.3500000e+00
   7.3500000e+00
   7.3480000e+00
   7.3480000e+00
   7.3460000e+00
   7.3450000e+00
   7.3440000e+00
   7.3420000e+00
   7.3420000e+00
   7.3400000e+00
   7.3410000e+00
   7.3380000e+00
   7.3390000e+00
   7.3370000e+00
   7.3370000e+00
   7.3360000e+00
   7.3350000e+00
   7.3350000e+00
   7.3330000e+00
   7.3330000e+00
   7.3300000e+00
   7.3290000e+00
   7.3280000e+00
   7.3260000e+00
   7.3260000e+00
   7.3230000e+00
   7.3230000e+00
   7.3210000e+00
   7.3210000e+00
   7.3180000e+00
   7.3180000e+00
   7.3170000e+00
   7.3160000e+00
   7.3150000e+00
   7.3130000e+00
   7.3130000e+00
   7.3110000e+00
   7.3120000e+00
   7.3100000e+00
   7.3100000e+00
   7.3080000e+00
   7.3070000e+00
   7.3070000e+00
   7.3050000e+00
   7.3060000e+00
   7.3040000e+00
   7.3040000e+00
   7.3030000e+00
   7.3020000e+00
   7.3010000e+00
   7.2990000e+00
   7.2980000e+00
   7.2950000e+00
   7.2950000e+00
   7.2920000e+00
   7.2920000e+00
   7.2900000e+00
   7.2900000e+00
   7.2890000e+00
   7.2880000e+00
   7.2870000e+00
   7.2850000e+00
   7.2860000e+00
   7.2840000e+00
   7.2840000e+00
   7.2830000e+00
   7.2830000e+00
   7.2820000e+00
   7.2810000e+00
   7.2810000e+00
   7.2790000e+00
   7.2800000e+00
   7.2770000e+00
   7.2780000e+00
   7.2760000e+00
   7.2750000e+00
   7.2740000e+00
   7.2730000e+00
   7.2730000e+00
   7.2710000e+00
   7.2720000e+00
   7.2700000e+00
   7.2700000e+00
   7.2690000e+00
   7.2690000e+00
   7.2690000e+00
   7.2680000e+00
   7.2690000e+00
   7.2670000e+00
   7.2690000e+00
   7.2680000e+00
   7.2690000e+00
   7.2690000e+00
   7.2690000e+00
   7.2690000e+00
   7.2640000e+00
   7.2590000e+00
   7.2540000e+00
   7.2520000e+00
   7.2490000e+00
   7.2480000e+00
   7.2470000e+00
   7.2470000e+00
   7.2470000e+00
   7.2470000e+00
   7.2490000e+00
   7.2480000e+00
   7.2500000e+00
   7.2500000e+00
   7.2510000e+00
   7.2520000e+00
   7.2530000e+00
   7.2550000e+00
   7.2550000e+00
   7.2580000e+00
   7.2580000e+00
   7.2610000e+00
   7.2610000e+00
   7.2630000e+00
   7.2650000e+00
   7.2660000e+00
   7.2680000e+00
   7.2680000e+00
   7.2710000e+00
   7.2720000e+00
   7.2750000e+00
   7.2750000e+00
   7.2770000e+00
   7.2790000e+00
   7.2800000e+00
   7.2830000e+00
   7.2840000e+00
   7.2870000e+00
   7.2880000e+00
   7.2910000e+00
   7.2930000e+00
   7.2960000e+00
   7.2990000e+00
   7.3010000e+00
   7.3050000e+00
   7.3070000e+00
   7.3110000e+00
   7.3130000e+00
   7.3170000e+00
   7.3190000e+00
   7.3230000e+00
   7.3260000e+00
   7.3290000e+00
   7.3340000e+00
   7.3360000e+00
   7.3410000e+00
   7.3440000e+00
   7.3490000e+00
   7.3530000e+00
   7.3570000e+00
   7.3620000e+00
   7.3660000e+00
   7.3720000e+00
   7.3750000e+00
   7.3820000e+00
   7.3860000e+00
   7.3910000e+00
   7.3950000e+00
   7.3990000e+00
   7.4040000e+00
   7.4070000e+00
   7.4130000e+00
   7.4150000e+00
   7.4210000e+00
   7.4240000e+00
   7.4300000e+00
   7.4340000e+00
   7.4380000e+00
   7.4430000e+00
   7.4460000e+00
   7.4510000e+00
   7.4550000e+00
   7.4590000e+00
   7.4620000e+00
   7.4670000e+00
   7.4700000e+00
   7.4740000e+00
   7.4790000e+00
   7.4810000e+00
   7.4870000e+00
   7.4890000e+00
   7.4930000e+00
   7.4950000e+00
   7.4990000e+00
   7.5020000e+00
   7.5050000e+00
   7.5080000e+00
   7.5100000e+00
   7.5140000e+00
   7.5140000e+00
   7.5170000e+00
   7.5170000e+00
   7.5180000e+00
   7.5190000e+00
   7.5190000e+00
   7.5200000e+00
   7.5200000e+00
   7.5220000e+00
   7.5210000e+00
   7.5220000e+00
   7.5220000e+00
   7.5220000e+00
   7.5230000e+00
   7.5220000e+00
   7.5230000e+00
   7.5220000e+00
   7.5230000e+00
   7.5210000e+00
   7.5230000e+00
   7.5220000e+00
   7.5220000e+00
   7.5220000e+00
   7.5210000e+00
   7.5220000e+00
   7.5200000e+00
   7.5210000e+00
   7.5190000e+00
   7.5200000e+00
   7.5180000e+00
   7.5180000e+00
   7.5170000e+00
   7.5160000e+00
   7.5160000e+00
   7.5140000e+00
   7.5140000e+00
   7.5120000e+00
   7.5120000e+00
   7.5090000e+00
   7.5080000e+00
   7.5060000e+00
   7.5030000e+00
   7.5020000e+00
   7.4990000e+00
   7.4980000e+00
   7.4960000e+00
   7.4950000e+00
   7.4920000e+00
   7.4910000e+00
   7.4890000e+00
   7.4870000e+00
   7.4860000e+00
   7.4840000e+00
   7.4830000e+00
   7.4800000e+00
   7.4800000e+00
   7.4780000e+00
   7.4760000e+00
   7.4750000e+00
   7.4720000e+00
   7.4720000e+00
   7.4690000e+00
   7.4690000e+00
   7.4660000e+00
   7.4660000e+00
   7.4640000e+00
   7.4610000e+00
   7.4600000e+00
   7.4580000e+00
   7.4570000e+00
   7.4540000e+00
   7.4530000e+00
   7.4510000e+00
   7.4490000e+00
   7.4470000e+00
   7.4440000e+00
   7.4420000e+00
   7.4390000e+00
   7.4380000e+00
   7.4350000e+00
   7.4340000e+00
   7.4300000e+00
   7.4290000e+00
   7.4270000e+00
   7.4240000e+00
   7.4220000e+00
   7.4190000e+00
   7.4180000e+00
   7.4150000e+00
   7.4140000e+00
   7.4110000e+00
   7.4100000e+00
   7.4110000e+00
   7.4120000e+00
   7.4140000e+00
   7.4120000e+00
   7.4130000e+00
   7.4110000e+00
   7.4110000e+00
   7.4100000e+00
   7.4080000e+00
   7.4040000e+00
   7.3980000e+00
   7.3950000e+00
   7.3900000e+00
   7.3880000e+00
   7.3840000e+00
   7.3820000e+00
   7.3800000e+00
   7.3770000e+00
   7.3760000e+00
   7.3730000e+00
   7.3720000e+00
   7.3690000e+00
   7.3680000e+00
   7.3660000e+00
   7.3650000e+00
   7.3630000e+00
   7.3620000e+00
   7.3610000e+00
   7.3580000e+00
   7.3580000e+00
   7.3560000e+00
   7.3560000e+00
   7.3540000e+00
   7.3520000e+00
   7.3510000e+00
   7.3490000e+00
   7.3480000e+00
   7.3450000e+00
   7.3450000e+00
   7.3420000e+00
   7.3410000e+00
   7.3390000e+00
   7.3380000e+00
   7.3370000e+00
   7.3350000e+00
   7.3340000e+00
   7.3320000e+00
   7.3310000e+00
   7.3290000e+00
   7.3280000e+00
   7.3270000e+00
   7.3250000e+00
   7.3240000e+00
   7.3230000e+00
   7.3220000e+00
   7.3200000e+00
   7.3200000e+00
   7.3170000e+00
   7.3170000e+00
   7.3150000e+00
   7.3130000e+00
   7.3120000e+00
   7.3100000e+00
   7.3100000e+00
   7.3070000e+00
   7.3070000e+00
   7.3050000e+00
   7.3050000e+00
   7.3030000e+00
   7.3020000e+00
   7.3020000e+00
   7.3000000e+00
   7.3000000e+00
   7.2980000e+00
   7.2990000e+00
   7.2970000e+00
   7.2970000e+00
   7.2970000e+00
   7.2970000e+00
   7.2970000e+00
   7.2960000e+00
   7.2970000e+00
   7.2950000e+00
   7.2970000e+00
   7.2960000e+00
   7.2980000e+00
   7.2980000e+00
   7.2990000e+00
   7.3010000e+00
   7.3010000e+00
   7.3040000e+00
   7.3050000e+00
   7.3080000e+00
   7.3090000e+00
   7.3120000e+00
   7.3150000e+00
   7.3170000e+00
   7.3210000e+00
   7.3230000e+00
   7.3270000e+00
   7.3290000e+00
   7.3330000e+00
   7.3360000e+00
   7.3400000e+00
   7.3430000e+00
   7.3460000e+00
   7.3510000e+00
   7.3540000e+00
   7.3590000e+00
   7.3620000e+00
   7.3680000e+00
   7.3710000e+00
   7.3760000e+00
   7.3800000e+00
   7.3840000e+00
   7.3900000e+00
   7.3930000e+00
   7.3980000e+00
   7.4020000e+00
   7.4070000e+00
   7.4110000e+00
   7.4150000e+00
   7.4200000e+00
   7.4230000e+00
   7.4280000e+00
   7.4300000e+00
   7.4350000e+00
   7.4370000e+00
   7.4420000e+00
   7.4450000e+00
   7.4480000e+00
   7.4520000e+00
   7.4540000e+00
   7.4590000e+00
   7.4610000e+00
   7.4660000e+00
   7.4670000e+00
   7.4710000e+00
   7.4740000e+00
   7.4770000e+00
   7.4800000e+00
   7.4820000e+00
   7.4860000e+00
   7.4870000e+00
   7.4910000e+00
   7.4930000e+00
   7.4960000e+00
   7.4990000e+00
   7.5000000e+00
   7.5030000e+00
   7.5050000e+00
   7.5080000e+00
   7.5080000e+00
   7.5110000e+00
   7.5120000e+00
   7.5140000e+00
   7.5160000e+00
   7.5160000e+00
   7.5170000e+00
   7.5160000e+00
   7.5170000e+00
   7.5150000e+00
   7.5160000e+00
   7.5150000e+00
   7.5150000e+00
   7.5150000e+00
   7.5140000e+00
   7.5140000e+00
   7.5130000e+00
   7.5130000e+00
   7.5110000e+00
   7.5110000e+00
   7.5100000e+00
   7.5100000e+00
   7.5090000e+00
   7.5070000e+00
   7.5070000e+00
   7.5050000e+00
   7.5050000e+00
   7.5030000e+00
   7.5020000e+00
   7.5010000e+00
   7.4990000e+00
   7.4980000e+00
   7.4950000e+00
   7.4940000e+00
   7.4920000e+00
   7.4910000e+00
   7.4880000e+00
   7.4870000e+00
   7.4840000e+00
   7.4810000e+00
   7.4780000e+00
   7.4750000e+00
   7.4730000e+00
   7.4680000e+00
   7.4670000e+00
   7.4630000e+00
   7.4610000e+00
   7.4580000e+00
   7.4550000e+00
   7.4530000e+00
   7.4490000e+00
   7.4480000e+00
   7.4440000e+00
   7.4430000e+00
   7.4390000e+00
   7.4370000e+00
   7.4350000e+00
   7.4320000e+00
   7.4310000e+00
   7.4270000e+00
   7.4260000e+00
   7.4230000e+00
   7.4210000e+00
   7.4180000e+00
   7.4170000e+00
   7.4140000e+00
   7.4120000e+00
   7.4100000e+00
   7.4070000e+00
   7.4050000e+00
   7.4010000e+00
   7.4000000e+00
   7.3970000e+00
   7.3940000e+00
   7.3910000e+00
   7.3880000e+00
   7.3860000e+00
   7.3820000e+00
   7.3810000e+00
   7.3770000e+00
   7.3760000e+00
   7.3730000e+00
   7.3710000e+00
   7.3690000e+00
   7.3660000e+00
   7.3650000e+00
   7.3610000e+00
   7.3600000e+00
   7.3570000e+00
   7.3560000e+00
   7.3530000e+00
   7.3510000e+00
   7.3490000e+00
   7.3470000e+00
   7.3460000e+00
   7.3430000e+00
   7.3420000e+00
   7.3390000e+00
   7.3380000e+00
   7.3360000e+00
   7.3340000e+00
   7.3330000e+00
   7.3300000e+00
   7.3290000e+00
   7.3260000e+00
   7.3250000e+00
   7.3220000e+00
   7.3210000e+00
   7.3180000e+00
   7.3160000e+00
   7.3150000e+00
   7.3130000e+00
   7.3120000e+00
   7.3090000e+00
   7.3090000e+00
   7.3060000e+00
   7.3050000e+00
   7.3030000e+00
   7.3020000e+00
   7.3010000e+00
   7.2990000e+00
   7.2990000e+00
   7.2960000e+00
   7.2970000e+00
   7.2940000e+00
   7.2940000e+00
   7.2930000e+00
   7.2910000e+00
   7.2910000e+00
   7.2910000e+00
   7.2940000e+00
   7.2950000e+00
   7.2960000e+00
   7.2960000e+00
   7.2960000e+00
   7.2960000e+00
   7.2950000e+00
   7.2960000e+00
   7.2940000e+00
   7.2950000e+00
   7.2930000e+00
   7.2930000e+00
   7.2920000e+00
   7.2920000e+00
   7.2910000e+00
   7.2900000e+00
   7.2900000e+00
   7.2890000e+00
   7.2900000e+00
   7.2880000e+00
   7.2890000e+00
   7.2870000e+00
   7.2870000e+00
   7.2870000e+00
   7.2860000e+00
   7.2860000e+00
   7.2840000e+00
   7.2850000e+00
   7.2830000e+00
   7.2840000e+00
   7.2830000e+00
   7.2830000e+00
   7.2830000e+00
   7.2830000e+00
   7.2840000e+00
   7.2830000e+00
   7.2840000e+00
   7.2830000e+00
   7.2850000e+00
   7.2850000e+00
   7.2860000e+00
   7.2870000e+00
   7.2870000e+00
   7.2890000e+00
   7.2880000e+00
   7.2900000e+00
   7.2900000e+00
   7.2910000e+00
   7.2920000e+00
   7.2930000e+00
   7.2940000e+00
   7.2940000e+00
   7.2960000e+00
   7.2960000e+00
   7.2990000e+00
   7.2990000e+00
   7.3010000e+00
   7.3020000e+00
   7.3040000e+00
   7.3060000e+00
   7.3070000e+00
   7.3100000e+00
   7.3100000e+00
   7.3140000e+00
   7.3150000e+00
   7.3170000e+00
   7.3180000e+00
   7.3200000e+00
   7.3220000e+00
   7.3240000e+00
   7.3270000e+00
   7.3280000e+00
   7.3310000e+00
   7.3330000e+00
   7.3360000e+00
   7.3390000e+00
   7.3420000e+00
   7.3450000e+00
   7.3470000e+00
   7.3510000e+00
   7.3530000e+00
   7.3580000e+00
   7.3600000e+00
   7.3640000e+00
   7.3680000e+00
   7.3700000e+00
   7.3740000e+00
   7.3760000e+00
   7.3800000e+00
   7.3820000e+00
   7.3860000e+00
   7.3880000e+00
   7.3910000e+00
   7.3940000e+00
   7.3960000e+00
   7.4000000e+00
   7.4010000e+00
   7.4060000e+00
   7.4070000e+00
   7.4110000e+00
   7.4120000e+00
   7.4150000e+00
   7.4180000e+00
   7.4200000e+00
   7.4230000e+00
   7.4240000e+00
   7.4270000e+00
   7.4270000e+00
   7.4300000e+00
   7.4300000e+00
   7.4320000e+00
   7.4320000e+00
   7.4330000e+00
   7.4350000e+00
   7.4340000e+00
   7.4360000e+00
   7.4350000e+00
   7.4360000e+00
   7.4360000e+00
   7.4370000e+00
   7.4350000e+00
   7.4290000e+00
   7.4270000e+00
   7.4230000e+00
   7.4230000e+00
   7.4200000e+00
   7.4200000e+00
   7.4180000e+00
   7.4180000e+00
   7.4170000e+00
   7.4160000e+00
   7.4160000e+00
   7.4140000e+00
   7.4150000e+00
   7.4130000e+00
   7.4130000e+00
   7.4120000e+00
   7.4110000e+00
   7.4100000e+00
   7.4090000e+00
   7.4090000e+00
   7.4060000e+00
   7.4060000e+00
   7.4030000e+00
   7.4020000e+00
   7.3990000e+00
   7.3970000e+00
   7.3950000e+00
   7.3930000e+00
   7.3920000e+00
   7.3890000e+00
   7.3880000e+00
   7.3850000e+00
   7.3840000e+00
   7.3820000e+00
   7.3800000e+00
   7.3780000e+00
   7.3750000e+00
   7.3750000e+00
   7.3720000e+00
   7.3720000e+00
   7.3690000e+00
   7.3680000e+00
   7.3660000e+00
   7.3640000e+00
   7.3630000e+00
   7.3600000e+00
   7.3600000e+00
   7.3570000e+00
   7.3560000e+00
   7.3540000e+00
   7.3520000e+00
   7.3510000e+00
   7.3480000e+00
   7.3470000e+00
   7.3450000e+00
   7.3440000e+00
   7.3410000e+00
   7.3410000e+00
   7.3380000e+00
   7.3360000e+00
   7.3340000e+00
   7.3320000e+00
   7.3300000e+00
   7.3260000e+00
   7.3250000e+00
   7.3210000e+00
   7.3200000e+00
   7.3170000e+00
   7.3150000e+00
   7.3130000e+00
   7.3100000e+00
   7.3090000e+00
   7.3060000e+00
   7.3050000e+00
   7.3020000e+00
   7.3010000e+00
   7.2990000e+00
   7.2970000e+00
   7.2950000e+00
   7.2930000e+00
   7.2920000e+00
   7.2900000e+00
   7.2890000e+00
   7.2860000e+00
   7.2860000e+00
   7.2840000e+00
   7.2820000e+00
   7.2810000e+00
   7.2780000e+00
   7.2780000e+00
   7.2750000e+00
   7.2750000e+00
   7.2730000e+00
   7.2720000e+00
   7.2700000e+00
   7.2690000e+00
   7.2680000e+00
   7.2660000e+00
   7.2660000e+00
   7.2630000e+00
   7.2630000e+00
   7.2600000e+00
   7.2590000e+00
   7.2560000e+00
   7.2540000e+00
   7.2530000e+00
   7.2500000e+00
   7.2500000e+00
   7.2460000e+00
   7.2460000e+00
   7.2430000e+00
   7.2430000e+00
   7.2410000e+00
   7.2390000e+00
   7.2390000e+00
   7.2360000e+00
   7.2360000e+00
   7.2340000e+00
   7.2340000e+00
   7.2320000e+00
   7.2310000e+00
   7.2300000e+00
   7.2290000e+00
   7.2290000e+00
   7.2260000e+00
   7.2270000e+00
   7.2250000e+00
   7.2280000e+00
   7.2290000e+00
   7.2300000e+00
   7.2310000e+00
   7.2310000e+00
   7.2330000e+00
   7.2320000e+00
   7.2330000e+00
   7.2320000e+00
   7.2330000e+00
   7.2320000e+00
   7.2320000e+00
   7.2310000e+00
   7.2300000e+00
   7.2300000e+00
   7.2280000e+00
   7.2280000e+00
   7.2250000e+00
   7.2250000e+00
   7.2240000e+00
   7.2230000e+00
   7.2220000e+00
   7.2210000e+00
   7.2210000e+00
   7.2190000e+00
   7.2190000e+00
   7.2170000e+00
   7.2170000e+00
   7.2160000e+00
   7.2160000e+00
   7.2150000e+00
   7.2140000e+00
   7.2150000e+00
   7.2130000e+00
   7.2140000e+00
   7.2120000e+00
   7.2130000e+00
   7.2120000e+00
   7.2110000e+00
   7.2110000e+00
   7.2100000e+00
   7.2100000e+00
   7.2080000e+00
   7.2090000e+00
   7.2080000e+00
   7.2070000e+00
   7.2070000e+00
   7.2060000e+00
   7.2060000e+00
   7.2040000e+00
   7.2040000e+00
   7.2020000e+00
   7.2020000e+00
   7.2000000e+00
   7.2000000e+00
   7.1990000e+00
   7.1980000e+00
   7.1980000e+00
   7.1960000e+00
   7.1970000e+00
   7.1950000e+00
   7.1960000e+00
   7.1940000e+00
   7.1940000e+00
   7.1940000e+00
   7.1930000e+00
   7.1930000e+00
   7.1870000e+00
   7.1830000e+00
   7.1780000e+00
   7.1760000e+00
   7.1730000e+00
   7.1720000e+00
   7.1700000e+00
   7.1680000e+00
   7.1680000e+00
   7.1650000e+00
   7.1650000e+00
   7.1620000e+00
   7.1620000e+00
   7.1600000e+00
   7.1590000e+00
   7.1590000e+00
   7.1570000e+00
   7.1580000e+00
   7.1560000e+00
   7.1560000e+00
   7.1540000e+00
   7.1550000e+00
   7.1540000e+00
   7.1530000e+00
   7.1530000e+00
   7.1520000e+00
   7.1520000e+00
   7.1500000e+00
   7.1510000e+00
   7.1500000e+00
   7.1500000e+00
   7.1490000e+00
   7.1480000e+00
   7.1480000e+00
   7.1460000e+00
   7.1460000e+00
   7.1440000e+00
   7.1440000e+00
   7.1430000e+00
   7.1430000e+00
   7.1420000e+00
   7.1420000e+00
   7.1420000e+00
   7.1410000e+00
   7.1420000e+00
   7.1410000e+00
   7.1420000e+00
   7.1410000e+00
   7.1420000e+00
   7.1420000e+00
   7.1430000e+00
   7.1440000e+00
   7.1440000e+00
   7.1450000e+00
   7.1450000e+00
   7.1460000e+00
   7.1460000e+00
   7.1470000e+00
   7.1470000e+00
   7.1470000e+00
   7.1490000e+00
   7.1480000e+00
   7.1500000e+00
   7.1500000e+00
   7.1520000e+00
   7.1520000e+00
   7.1540000e+00
   7.1550000e+00
   7.1550000e+00
   7.1570000e+00
   7.1570000e+00
   7.1590000e+00
   7.1590000e+00
   7.1610000e+00
   7.1620000e+00
   7.1630000e+00
   7.1640000e+00
   7.1640000e+00
   7.1660000e+00
