   1.1522000e+01
   1.1520000e+01
   1.1518000e+01
   1.1519000e+01
   1.1516000e+01
   1.1518000e+01
   1.1513000e+01
   1.1516000e+01
   1.1512000e+01
   1.1512000e+01
   1.1511000e+01
   1.1510000e+01
   1.1512000e+01
   1.1508000e+01
   1.1511000e+01
   1.1507000e+01
   1.1509000e+01
   1.1506000e+01
   1.1508000e+01
   1.1508000e+01
   1.1499000e+01
   1.1504000e+01
   1.1502000e+01
   1.1506000e+01
   1.1501000e+01
   1.1503000e+01
   1.1499000e+01
   1.1497000e+01
   1.1495000e+01
   1.1495000e+01
   1.1499000e+01
   1.1496000e+01
   1.1500000e+01
   1.1496000e+01
   1.1498000e+01
   1.1496000e+01
   1.1496000e+01
   1.1496000e+01
   1.1493000e+01
   1.1495000e+01
   1.1491000e+01
   1.1495000e+01
   1.1490000e+01
   1.1492000e+01
   1.1489000e+01
   1.1489000e+01
   1.1490000e+01
   1.1487000e+01
   1.1489000e+01
   1.1484000e+01
   1.1489000e+01
   1.1483000e+01
   1.1486000e+01
   1.1483000e+01
   1.1484000e+01
   1.1484000e+01
   1.1473000e+01
   1.1480000e+01
   1.1478000e+01
   1.1482000e+01
   1.1477000e+01
   1.1479000e+01
   1.1476000e+01
   1.1474000e+01
   1.1473000e+01
   1.1471000e+01
   1.1477000e+01
   1.1474000e+01
   1.1478000e+01
   1.1475000e+01
   1.1477000e+01
   1.1475000e+01
   1.1474000e+01
   1.1475000e+01
   1.1472000e+01
   1.1475000e+01
   1.1471000e+01
   1.1474000e+01
   1.1471000e+01
   1.1472000e+01
   1.1471000e+01
   1.1469000e+01
   1.1471000e+01
   1.1467000e+01
   1.1470000e+01
   1.1465000e+01
   1.1468000e+01
   1.1465000e+01
   1.1466000e+01
   1.1462000e+01
   1.1455000e+01
   1.1463000e+01
   1.1460000e+01
   1.1464000e+01
   1.1458000e+01
   1.1461000e+01
   1.1455000e+01
   1.1454000e+01
   1.1454000e+01
   1.1453000e+01
   1.1458000e+01
   1.1455000e+01
   1.1458000e+01
   1.1454000e+01
   1.1456000e+01
   1.1454000e+01
   1.1454000e+01
   1.1453000e+01
   1.1451000e+01
   1.1454000e+01
   1.1449000e+01
   1.1453000e+01
   1.1448000e+01
   1.1450000e+01
   1.1447000e+01
   1.1448000e+01
   1.1448000e+01
   1.1444000e+01
   1.1439000e+01
   1.1442000e+01
   1.1446000e+01
   1.1441000e+01
   1.1443000e+01
   1.1440000e+01
   1.1437000e+01
   1.1436000e+01
   1.1433000e+01
   1.1437000e+01
   1.1435000e+01
   1.1440000e+01
   1.1436000e+01
   1.1438000e+01
   1.1436000e+01
   1.1435000e+01
   1.1436000e+01
   1.1432000e+01
   1.1435000e+01
   1.1430000e+01
   1.1434000e+01
   1.1429000e+01
   1.1431000e+01
   1.1430000e+01
   1.1429000e+01
   1.1426000e+01
   1.1422000e+01
   1.1428000e+01
   1.1423000e+01
   1.1427000e+01
   1.1423000e+01
   1.1423000e+01
   1.1421000e+01
   1.1418000e+01
   1.1420000e+01
   1.1419000e+01
   1.1424000e+01
   1.1420000e+01
   1.1424000e+01
   1.1421000e+01
   1.1422000e+01
   1.1421000e+01
   1.1419000e+01
   1.1421000e+01
   1.1418000e+01
   1.1421000e+01
   1.1417000e+01
   1.1420000e+01
   1.1418000e+01
   1.1418000e+01
   1.1413000e+01
   1.1413000e+01
   1.1417000e+01
   1.1413000e+01
   1.1417000e+01
   1.1412000e+01
   1.1413000e+01
   1.1409000e+01
   1.1409000e+01
   1.1410000e+01
   1.1411000e+01
   1.1414000e+01
   1.1411000e+01
   1.1416000e+01
   1.1411000e+01
   1.1414000e+01
   1.1412000e+01
   1.1412000e+01
   1.1413000e+01
   1.1411000e+01
   1.1413000e+01
   1.1410000e+01
   1.1414000e+01
   1.1409000e+01
   1.1412000e+01
   1.1410000e+01
   1.1410000e+01
   1.1405000e+01
   1.1407000e+01
   1.1411000e+01
   1.1406000e+01
   1.1410000e+01
   1.1406000e+01
   1.1407000e+01
   1.1404000e+01
   1.1402000e+01
   1.1405000e+01
   1.1404000e+01
   1.1408000e+01
   1.1404000e+01
   1.1407000e+01
   1.1403000e+01
   1.1405000e+01
   1.1403000e+01
   1.1402000e+01
   1.1404000e+01
   1.1400000e+01
   1.1403000e+01
   1.1399000e+01
   1.1401000e+01
   1.1398000e+01
   1.1399000e+01
   1.1397000e+01
   1.1396000e+01
   1.1397000e+01
   1.1393000e+01
   1.1396000e+01
   1.1391000e+01
   1.1394000e+01
   1.1391000e+01
   1.1392000e+01
   1.1391000e+01
   1.1388000e+01
   1.1391000e+01
   1.1387000e+01
   1.1390000e+01
   1.1385000e+01
   1.1388000e+01
   1.1385000e+01
   1.1386000e+01
   1.1385000e+01
   1.1383000e+01
   1.1385000e+01
   1.1381000e+01
   1.1384000e+01
   1.1380000e+01
   1.1383000e+01
   1.1380000e+01
   1.1380000e+01
   1.1379000e+01
   1.1377000e+01
   1.1380000e+01
   1.1375000e+01
   1.1372000e+01
   1.1370000e+01
   1.1375000e+01
   1.1373000e+01
   1.1373000e+01
   1.1373000e+01
   1.1370000e+01
   1.1371000e+01
   1.1366000e+01
   1.1370000e+01
   1.1367000e+01
   1.1371000e+01
   1.1369000e+01
   1.1369000e+01
   1.1369000e+01
   1.1366000e+01
   1.1369000e+01
   1.1365000e+01
   1.1368000e+01
   1.1364000e+01
   1.1366000e+01
   1.1364000e+01
   1.1363000e+01
   1.1364000e+01
   1.1361000e+01
   1.1364000e+01
   1.1360000e+01
   1.1363000e+01
   1.1359000e+01
   1.1361000e+01
   1.1359000e+01
   1.1358000e+01
   1.1359000e+01
   1.1355000e+01
   1.1357000e+01
   1.1351000e+01
   1.1354000e+01
   1.1348000e+01
   1.1345000e+01
   1.1339000e+01
   1.1341000e+01
   1.1344000e+01
   1.1341000e+01
   1.1345000e+01
   1.1342000e+01
   1.1345000e+01
   1.1340000e+01
   1.1339000e+01
   1.1338000e+01
   1.1339000e+01
   1.1341000e+01
   1.1338000e+01
   1.1341000e+01
   1.1337000e+01
   1.1339000e+01
   1.1336000e+01
   1.1339000e+01
   1.1339000e+01
   1.1338000e+01
   1.1341000e+01
   1.1337000e+01
   1.1341000e+01
   1.1337000e+01
   1.1339000e+01
   1.1336000e+01
   1.1337000e+01
   1.1336000e+01
   1.1334000e+01
   1.1337000e+01
   1.1333000e+01
   1.1335000e+01
   1.1332000e+01
   1.1335000e+01
   1.1333000e+01
   1.1327000e+01
   1.1327000e+01
   1.1329000e+01
   1.1331000e+01
   1.1327000e+01
   1.1330000e+01
   1.1326000e+01
   1.1327000e+01
   1.1324000e+01
   1.1325000e+01
   1.1329000e+01
   1.1332000e+01
   1.1340000e+01
   1.1340000e+01
   1.1341000e+01
   1.1335000e+01
   1.1333000e+01
   1.1327000e+01
   1.1325000e+01
   1.1325000e+01
   1.1322000e+01
   1.1327000e+01
   1.1324000e+01
   1.1329000e+01
   1.1328000e+01
   1.1334000e+01
   1.1336000e+01
   1.1339000e+01
   1.1342000e+01
   1.1340000e+01
   1.1343000e+01
   1.1342000e+01
   1.1346000e+01
   1.1343000e+01
   1.1335000e+01
   1.1338000e+01
   1.1339000e+01
   1.1339000e+01
   1.1332000e+01
   1.1331000e+01
   1.1322000e+01
   1.1321000e+01
   1.1319000e+01
   1.1324000e+01
   1.1328000e+01
   1.1328000e+01
   1.1330000e+01
   1.1325000e+01
   1.1327000e+01
   1.1322000e+01
   1.1324000e+01
   1.1320000e+01
   1.1320000e+01
   1.1317000e+01
   1.1313000e+01
   1.1312000e+01
   1.1305000e+01
   1.1305000e+01
   1.1299000e+01
   1.1304000e+01
   1.1305000e+01
   1.1312000e+01
   1.1320000e+01
   1.1322000e+01
   1.1323000e+01
   1.1307000e+01
   1.1315000e+01
   1.1310000e+01
   1.1312000e+01
   1.1308000e+01
   1.1307000e+01
   1.1305000e+01
   1.1300000e+01
   1.1299000e+01
   1.1295000e+01
   1.1296000e+01
   1.1291000e+01
   1.1292000e+01
   1.1290000e+01
   1.1294000e+01
   1.1299000e+01
   1.1303000e+01
   1.1310000e+01
   1.1309000e+01
   1.1311000e+01
   1.1307000e+01
   1.1307000e+01
   1.1303000e+01
   1.1303000e+01
   1.1301000e+01
   1.1297000e+01
   1.1291000e+01
   1.1290000e+01
   1.1295000e+01
   1.1290000e+01
   1.1292000e+01
   1.1289000e+01
   1.1288000e+01
   1.1288000e+01
   1.1285000e+01
   1.1290000e+01
   1.1290000e+01
   1.1295000e+01
   1.1293000e+01
   1.1294000e+01
   1.1293000e+01
   1.1291000e+01
   1.1291000e+01
   1.1288000e+01
   1.1290000e+01
   1.1287000e+01
   1.1289000e+01
   1.1286000e+01
   1.1288000e+01
   1.1288000e+01
   1.1284000e+01
   1.1281000e+01
   1.1285000e+01
   1.1287000e+01
   1.1283000e+01
   1.1287000e+01
   1.1282000e+01
   1.1282000e+01
   1.1279000e+01
   1.1278000e+01
   1.1281000e+01
   1.1281000e+01
   1.1285000e+01
   1.1283000e+01
   1.1285000e+01
   1.1283000e+01
   1.1284000e+01
   1.1283000e+01
   1.1283000e+01
   1.1284000e+01
   1.1281000e+01
   1.1285000e+01
   1.1282000e+01
   1.1284000e+01
   1.1275000e+01
   1.1281000e+01
   1.1282000e+01
   1.1280000e+01
   1.1282000e+01
   1.1278000e+01
   1.1280000e+01
   1.1275000e+01
   1.1277000e+01
   1.1276000e+01
   1.1279000e+01
   1.1280000e+01
   1.1278000e+01
   1.1281000e+01
   1.1277000e+01
   1.1281000e+01
   1.1276000e+01
   1.1278000e+01
   1.1276000e+01
   1.1277000e+01
   1.1278000e+01
   1.1276000e+01
   1.1275000e+01
   1.1267000e+01
   1.1275000e+01
   1.1272000e+01
   1.1275000e+01
   1.1272000e+01
   1.1271000e+01
   1.1271000e+01
   1.1267000e+01
   1.1270000e+01
   1.1267000e+01
   1.1273000e+01
   1.1269000e+01
   1.1272000e+01
   1.1270000e+01
   1.1269000e+01
   1.1270000e+01
   1.1268000e+01
   1.1270000e+01
   1.1265000e+01
   1.1269000e+01
   1.1265000e+01
   1.1267000e+01
   1.1263000e+01
   1.1257000e+01
   1.1264000e+01
   1.1262000e+01
   1.1264000e+01
   1.1261000e+01
   1.1263000e+01
   1.1259000e+01
   1.1258000e+01
   1.1257000e+01
   1.1259000e+01
   1.1261000e+01
   1.1259000e+01
   1.1262000e+01
   1.1258000e+01
   1.1262000e+01
   1.1258000e+01
   1.1259000e+01
   1.1258000e+01
   1.1257000e+01
   1.1258000e+01
   1.1255000e+01
   1.1259000e+01
   1.1255000e+01
   1.1257000e+01
   1.1254000e+01
   1.1256000e+01
   1.1256000e+01
   1.1254000e+01
   1.1256000e+01
   1.1252000e+01
   1.1256000e+01
   1.1253000e+01
   1.1255000e+01
   1.1252000e+01
   1.1253000e+01
   1.1253000e+01
   1.1251000e+01
   1.1253000e+01
   1.1250000e+01
   1.1253000e+01
   1.1249000e+01
   1.1253000e+01
   1.1250000e+01
   1.1244000e+01
   1.1249000e+01
   1.1248000e+01
   1.1251000e+01
   1.1247000e+01
   1.1250000e+01
   1.1245000e+01
   1.1246000e+01
   1.1243000e+01
   1.1244000e+01
   1.1246000e+01
   1.1245000e+01
   1.1248000e+01
   1.1245000e+01
   1.1249000e+01
   1.1245000e+01
   1.1248000e+01
   1.1247000e+01
   1.1247000e+01
   1.1248000e+01
   1.1247000e+01
   1.1248000e+01
   1.1244000e+01
   1.1248000e+01
   1.1244000e+01
   1.1246000e+01
   1.1244000e+01
   1.1245000e+01
   1.1245000e+01
   1.1242000e+01
   1.1245000e+01
   1.1242000e+01
   1.1245000e+01
   1.1241000e+01
   1.1242000e+01
   1.1241000e+01
   1.1242000e+01
   1.1242000e+01
   1.1232000e+01
   1.1239000e+01
   1.1237000e+01
   1.1242000e+01
   1.1238000e+01
   1.1240000e+01
   1.1237000e+01
   1.1235000e+01
   1.1235000e+01
   1.1233000e+01
   1.1238000e+01
   1.1237000e+01
   1.1241000e+01
   1.1238000e+01
   1.1240000e+01
   1.1239000e+01
   1.1238000e+01
   1.1240000e+01
   1.1237000e+01
   1.1241000e+01
   1.1237000e+01
   1.1241000e+01
   1.1238000e+01
   1.1240000e+01
   1.1239000e+01
   1.1238000e+01
   1.1240000e+01
   1.1238000e+01
   1.1241000e+01
   1.1237000e+01
   1.1240000e+01
   1.1237000e+01
   1.1239000e+01
   1.1240000e+01
   1.1239000e+01
   1.1236000e+01
   1.1230000e+01
   1.1239000e+01
   1.1237000e+01
   1.1240000e+01
   1.1237000e+01
   1.1238000e+01
   1.1235000e+01
   1.1233000e+01
   1.1235000e+01
   1.1234000e+01
   1.1240000e+01
   1.1237000e+01
   1.1241000e+01
   1.1239000e+01
   1.1240000e+01
   1.1241000e+01
   1.1239000e+01
   1.1243000e+01
   1.1239000e+01
   1.1243000e+01
   1.1239000e+01
   1.1242000e+01
   1.1239000e+01
   1.1241000e+01
   1.1241000e+01
   1.1239000e+01
   1.1242000e+01
   1.1238000e+01
   1.1242000e+01
   1.1238000e+01
   1.1240000e+01
   1.1238000e+01
   1.1239000e+01
   1.1240000e+01
   1.1237000e+01
   1.1232000e+01
   1.1235000e+01
   1.1240000e+01
   1.1237000e+01
   1.1239000e+01
   1.1236000e+01
   1.1235000e+01
   1.1234000e+01
   1.1230000e+01
   1.1235000e+01
   1.1233000e+01
   1.1238000e+01
   1.1235000e+01
   1.1237000e+01
   1.1237000e+01
   1.1236000e+01
   1.1237000e+01
   1.1235000e+01
   1.1238000e+01
   1.1234000e+01
   1.1238000e+01
   1.1235000e+01
   1.1237000e+01
   1.1235000e+01
   1.1235000e+01
   1.1236000e+01
   1.1233000e+01
   1.1236000e+01
   1.1231000e+01
   1.1235000e+01
   1.1233000e+01
   1.1235000e+01
   1.1228000e+01
   1.1228000e+01
   1.1233000e+01
   1.1230000e+01
   1.1235000e+01
   1.1229000e+01
   1.1232000e+01
   1.1228000e+01
   1.1227000e+01
   1.1227000e+01
   1.1228000e+01
   1.1232000e+01
   1.1230000e+01
   1.1233000e+01
   1.1229000e+01
   1.1233000e+01
   1.1229000e+01
   1.1230000e+01
   1.1230000e+01
   1.1229000e+01
   1.1232000e+01
   1.1228000e+01
   1.1233000e+01
   1.1228000e+01
   1.1231000e+01
   1.1229000e+01
   1.1230000e+01
   1.1224000e+01
   1.1223000e+01
   1.1228000e+01
   1.1225000e+01
   1.1228000e+01
   1.1224000e+01
   1.1227000e+01
   1.1223000e+01
   1.1223000e+01
   1.1224000e+01
   1.1224000e+01
   1.1228000e+01
   1.1225000e+01
   1.1228000e+01
   1.1224000e+01
   1.1226000e+01
   1.1224000e+01
   1.1225000e+01
   1.1226000e+01
   1.1226000e+01
   1.1229000e+01
   1.1227000e+01
   1.1232000e+01
   1.1229000e+01
   1.1230000e+01
   1.1220000e+01
   1.1226000e+01
   1.1227000e+01
   1.1225000e+01
   1.1227000e+01
   1.1223000e+01
   1.1225000e+01
   1.1219000e+01
   1.1222000e+01
   1.1222000e+01
   1.1225000e+01
   1.1227000e+01
   1.1225000e+01
   1.1229000e+01
   1.1225000e+01
   1.1229000e+01
   1.1224000e+01
   1.1227000e+01
   1.1226000e+01
   1.1225000e+01
   1.1227000e+01
   1.1225000e+01
   1.1228000e+01
   1.1219000e+01
   1.1222000e+01
   1.1223000e+01
   1.1226000e+01
   1.1224000e+01
   1.1223000e+01
   1.1224000e+01
   1.1221000e+01
   1.1222000e+01
   1.1220000e+01
   1.1225000e+01
   1.1223000e+01
   1.1226000e+01
   1.1226000e+01
   1.1225000e+01
   1.1226000e+01
   1.1223000e+01
   1.1227000e+01
   1.1223000e+01
   1.1227000e+01
   1.1224000e+01
   1.1226000e+01
   1.1225000e+01
   1.1224000e+01
   1.1219000e+01
   1.1220000e+01
   1.1226000e+01
   1.1222000e+01
   1.1225000e+01
   1.1222000e+01
   1.1223000e+01
   1.1221000e+01
   1.1219000e+01
   1.1223000e+01
   1.1223000e+01
   1.1227000e+01
   1.1224000e+01
   1.1227000e+01
   1.1224000e+01
   1.1226000e+01
   1.1225000e+01
   1.1225000e+01
   1.1226000e+01
   1.1223000e+01
   1.1227000e+01
   1.1223000e+01
   1.1226000e+01
   1.1224000e+01
   1.1225000e+01
   1.1225000e+01
   1.1223000e+01
   1.1226000e+01
   1.1223000e+01
   1.1226000e+01
   1.1218000e+01
   1.1221000e+01
   1.1222000e+01
   1.1224000e+01
   1.1224000e+01
   1.1222000e+01
   1.1224000e+01
   1.1219000e+01
   1.1221000e+01
   1.1218000e+01
   1.1223000e+01
   1.1222000e+01
   1.1224000e+01
   1.1224000e+01
   1.1222000e+01
   1.1225000e+01
   1.1221000e+01
   1.1225000e+01
   1.1221000e+01
   1.1225000e+01
   1.1222000e+01
   1.1223000e+01
   1.1223000e+01
   1.1222000e+01
   1.1224000e+01
   1.1221000e+01
   1.1225000e+01
   1.1221000e+01
   1.1224000e+01
   1.1222000e+01
   1.1223000e+01
   1.1223000e+01
   1.1221000e+01
   1.1224000e+01
   1.1220000e+01
   1.1224000e+01
   1.1221000e+01
   1.1224000e+01
   1.1222000e+01
   1.1222000e+01
   1.1223000e+01
   1.1221000e+01
   1.1224000e+01
   1.1222000e+01
   1.1222000e+01
   1.1217000e+01
   1.1225000e+01
   1.1224000e+01
   1.1225000e+01
   1.1225000e+01
   1.1223000e+01
   1.1225000e+01
   1.1220000e+01
   1.1224000e+01
   1.1224000e+01
   1.1228000e+01
   1.1228000e+01
   1.1228000e+01
   1.1230000e+01
   1.1228000e+01
   1.1231000e+01
   1.1228000e+01
   1.1232000e+01
   1.1229000e+01
   1.1232000e+01
   1.1231000e+01
   1.1231000e+01
   1.1233000e+01
   1.1230000e+01
   1.1233000e+01
   1.1230000e+01
   1.1234000e+01
   1.1231000e+01
   1.1233000e+01
   1.1232000e+01
   1.1233000e+01
   1.1234000e+01
   1.1231000e+01
   1.1235000e+01
   1.1231000e+01
   1.1234000e+01
   1.1231000e+01
   1.1233000e+01
   1.1232000e+01
   1.1230000e+01
   1.1224000e+01
   1.1227000e+01
   1.1233000e+01
   1.1230000e+01
   1.1232000e+01
   1.1229000e+01
   1.1229000e+01
   1.1226000e+01
   1.1223000e+01
   1.1228000e+01
   1.1227000e+01
   1.1232000e+01
   1.1229000e+01
   1.1232000e+01
   1.1230000e+01
   1.1231000e+01
   1.1231000e+01
   1.1231000e+01
   1.1233000e+01
   1.1230000e+01
   1.1233000e+01
   1.1229000e+01
   1.1232000e+01
   1.1230000e+01
   1.1231000e+01
   1.1231000e+01
   1.1229000e+01
   1.1231000e+01
   1.1228000e+01
   1.1232000e+01
   1.1228000e+01
   1.1231000e+01
   1.1228000e+01
   1.1230000e+01
   1.1229000e+01
   1.1227000e+01
   1.1231000e+01
   1.1228000e+01
   1.1229000e+01
   1.1217000e+01
   1.1228000e+01
   1.1227000e+01
   1.1227000e+01
   1.1228000e+01
   1.1225000e+01
   1.1226000e+01
   1.1220000e+01
   1.1222000e+01
   1.1220000e+01
   1.1226000e+01
   1.1226000e+01
   1.1227000e+01
   1.1228000e+01
   1.1226000e+01
   1.1229000e+01
   1.1226000e+01
   1.1230000e+01
   1.1227000e+01
   1.1230000e+01
   1.1228000e+01
   1.1229000e+01
   1.1229000e+01
   1.1227000e+01
   1.1230000e+01
   1.1226000e+01
   1.1231000e+01
   1.1227000e+01
   1.1230000e+01
   1.1227000e+01
   1.1227000e+01
   1.1229000e+01
   1.1228000e+01
   1.1230000e+01
   1.1219000e+01
   1.1227000e+01
   1.1226000e+01
   1.1228000e+01
   1.1227000e+01
   1.1227000e+01
   1.1226000e+01
   1.1222000e+01
   1.1224000e+01
   1.1221000e+01
   1.1227000e+01
   1.1225000e+01
   1.1228000e+01
   1.1228000e+01
   1.1228000e+01
   1.1229000e+01
   1.1226000e+01
   1.1230000e+01
   1.1227000e+01
   1.1231000e+01
   1.1227000e+01
   1.1230000e+01
   1.1229000e+01
   1.1228000e+01
   1.1230000e+01
   1.1226000e+01
   1.1229000e+01
   1.1226000e+01
   1.1230000e+01
   1.1228000e+01
   1.1224000e+01
   1.1223000e+01
   1.1226000e+01
   1.1228000e+01
   1.1225000e+01
   1.1228000e+01
   1.1223000e+01
   1.1226000e+01
   1.1221000e+01
   1.1222000e+01
   1.1225000e+01
   1.1225000e+01
   1.1228000e+01
   1.1226000e+01
   1.1229000e+01
   1.1225000e+01
   1.1228000e+01
   1.1226000e+01
   1.1227000e+01
   1.1228000e+01
   1.1226000e+01
   1.1229000e+01
   1.1225000e+01
   1.1228000e+01
   1.1225000e+01
   1.1228000e+01
   1.1225000e+01
   1.1219000e+01
   1.1225000e+01
   1.1225000e+01
   1.1227000e+01
   1.1223000e+01
   1.1227000e+01
   1.1222000e+01
   1.1223000e+01
   1.1220000e+01
   1.1223000e+01
   1.1226000e+01
   1.1225000e+01
   1.1228000e+01
   1.1225000e+01
   1.1229000e+01
   1.1226000e+01
   1.1229000e+01
   1.1227000e+01
   1.1228000e+01
   1.1229000e+01
   1.1227000e+01
   1.1231000e+01
   1.1229000e+01
   1.1233000e+01
   1.1223000e+01
   1.1229000e+01
   1.1230000e+01
   1.1230000e+01
   1.1232000e+01
   1.1230000e+01
   1.1233000e+01
   1.1229000e+01
   1.1231000e+01
   1.1229000e+01
   1.1235000e+01
   1.1235000e+01
   1.1237000e+01
   1.1239000e+01
   1.1238000e+01
   1.1242000e+01
   1.1239000e+01
   1.1245000e+01
   1.1242000e+01
   1.1245000e+01
   1.1245000e+01
   1.1246000e+01
   1.1249000e+01
   1.1248000e+01
   1.1248000e+01
   1.1242000e+01
   1.1250000e+01
   1.1247000e+01
   1.1249000e+01
   1.1248000e+01
   1.1248000e+01
   1.1249000e+01
   1.1246000e+01
   1.1251000e+01
   1.1250000e+01
   1.1257000e+01
   1.1256000e+01
   1.1260000e+01
   1.1259000e+01
   1.1260000e+01
   1.1262000e+01
   1.1260000e+01
   1.1264000e+01
   1.1261000e+01
   1.1265000e+01
   1.1262000e+01
   1.1265000e+01
   1.1264000e+01
   1.1264000e+01
   1.1265000e+01
   1.1264000e+01
   1.1266000e+01
   1.1259000e+01
   1.1261000e+01
   1.1262000e+01
   1.1265000e+01
   1.1264000e+01
   1.1264000e+01
   1.1266000e+01
   1.1263000e+01
   1.1266000e+01
   1.1264000e+01
   1.1271000e+01
   1.1269000e+01
   1.1270000e+01
   1.1268000e+01
   1.1266000e+01
   1.1266000e+01
   1.1263000e+01
   1.1265000e+01
   1.1260000e+01
   1.1262000e+01
   1.1258000e+01
   1.1259000e+01
   1.1258000e+01
   1.1256000e+01
   1.1257000e+01
   1.1253000e+01
   1.1256000e+01
   1.1252000e+01
   1.1255000e+01
   1.1251000e+01
   1.1252000e+01
   1.1250000e+01
   1.1244000e+01
   1.1242000e+01
   1.1235000e+01
   1.1238000e+01
   1.1235000e+01
   1.1239000e+01
   1.1238000e+01
   1.1241000e+01
   1.1244000e+01
   1.1245000e+01
   1.1249000e+01
   1.1246000e+01
   1.1248000e+01
   1.1238000e+01
   1.1236000e+01
   1.1235000e+01
   1.1237000e+01
   1.1237000e+01
   1.1236000e+01
   1.1239000e+01
   1.1233000e+01
   1.1234000e+01
   1.1227000e+01
   1.1228000e+01
   1.1221000e+01
   1.1220000e+01
   1.1223000e+01
   1.1227000e+01
   1.1234000e+01
   1.1235000e+01
   1.1244000e+01
   1.1243000e+01
   1.1246000e+01
   1.1241000e+01
   1.1239000e+01
   1.1238000e+01
   1.1232000e+01
   1.1233000e+01
   1.1227000e+01
   1.1227000e+01
   1.1221000e+01
   1.1220000e+01
   1.1213000e+01
   1.1210000e+01
   1.1216000e+01
   1.1223000e+01
   1.1235000e+01
   1.1234000e+01
   1.1237000e+01
   1.1232000e+01
   1.1233000e+01
   1.1230000e+01
   1.1225000e+01
   1.1217000e+01
   1.1218000e+01
   1.1214000e+01
   1.1204000e+01
   1.1203000e+01
   1.1198000e+01
   1.1202000e+01
   1.1207000e+01
   1.1217000e+01
   1.1228000e+01
   1.1232000e+01
   1.1238000e+01
   1.1233000e+01
   1.1235000e+01
   1.1230000e+01
   1.1231000e+01
   1.1229000e+01
   1.1226000e+01
   1.1222000e+01
   1.1214000e+01
   1.1213000e+01
   1.1208000e+01
   1.1217000e+01
   1.1224000e+01
   1.1239000e+01
   1.1247000e+01
   1.1251000e+01
   1.1253000e+01
   1.1249000e+01
   1.1250000e+01
   1.1246000e+01
   1.1248000e+01
   1.1244000e+01
   1.1240000e+01
   1.1234000e+01
   1.1228000e+01
   1.1227000e+01
   1.1226000e+01
   1.1228000e+01
   1.1232000e+01
   1.1247000e+01
   1.1251000e+01
   1.1255000e+01
   1.1256000e+01
   1.1252000e+01
   1.1251000e+01
   1.1242000e+01
   1.1241000e+01
   1.1237000e+01
   1.1240000e+01
   1.1235000e+01
   1.1237000e+01
   1.1237000e+01
   1.1237000e+01
   1.1242000e+01
   1.1240000e+01
   1.1245000e+01
   1.1243000e+01
   1.1247000e+01
   1.1244000e+01
   1.1243000e+01
   1.1240000e+01
   1.1236000e+01
   1.1234000e+01
   1.1227000e+01
   1.1227000e+01
   1.1221000e+01
   1.1226000e+01
   1.1226000e+01
   1.1228000e+01
   1.1225000e+01
   1.1231000e+01
   1.1236000e+01
   1.1232000e+01
   1.1233000e+01
   1.1227000e+01
   1.1224000e+01
   1.1217000e+01
   1.1214000e+01
   1.1215000e+01
   1.1215000e+01
   1.1219000e+01
   1.1217000e+01
   1.1222000e+01
   1.1219000e+01
   1.1223000e+01
   1.1223000e+01
   1.1228000e+01
   1.1231000e+01
   1.1230000e+01
   1.1234000e+01
   1.1229000e+01
   1.1230000e+01
   1.1225000e+01
   1.1226000e+01
   1.1222000e+01
   1.1221000e+01
   1.1211000e+01
   1.1211000e+01
   1.1216000e+01
   1.1211000e+01
   1.1213000e+01
   1.1208000e+01
   1.1208000e+01
   1.1203000e+01
   1.1200000e+01
   1.1202000e+01
   1.1203000e+01
   1.1208000e+01
   1.1206000e+01
   1.1212000e+01
   1.1209000e+01
   1.1212000e+01
   1.1212000e+01
   1.1211000e+01
   1.1212000e+01
   1.1209000e+01
   1.1212000e+01
   1.1208000e+01
   1.1211000e+01
   1.1208000e+01
   1.1209000e+01
   1.1202000e+01
   1.1203000e+01
   1.1207000e+01
   1.1204000e+01
   1.1208000e+01
   1.1203000e+01
   1.1206000e+01
   1.1202000e+01
   1.1201000e+01
   1.1202000e+01
   1.1203000e+01
   1.1208000e+01
   1.1205000e+01
   1.1209000e+01
   1.1205000e+01
   1.1208000e+01
   1.1205000e+01
   1.1207000e+01
   1.1207000e+01
   1.1206000e+01
   1.1207000e+01
   1.1204000e+01
   1.1208000e+01
   1.1206000e+01
   1.1203000e+01
   1.1202000e+01
   1.1207000e+01
   1.1207000e+01
   1.1206000e+01
   1.1209000e+01
   1.1204000e+01
   1.1207000e+01
   1.1201000e+01
   1.1205000e+01
   1.1206000e+01
   1.1208000e+01
   1.1209000e+01
   1.1207000e+01
   1.1210000e+01
   1.1207000e+01
   1.1210000e+01
   1.1206000e+01
   1.1210000e+01
   1.1208000e+01
   1.1208000e+01
   1.1209000e+01
   1.1207000e+01
   1.1211000e+01
   1.1201000e+01
   1.1206000e+01
   1.1206000e+01
   1.1210000e+01
   1.1208000e+01
   1.1209000e+01
   1.1209000e+01
   1.1206000e+01
   1.1209000e+01
   1.1207000e+01
   1.1213000e+01
   1.1211000e+01
   1.1215000e+01
   1.1214000e+01
   1.1214000e+01
   1.1216000e+01
   1.1214000e+01
   1.1218000e+01
   1.1214000e+01
   1.1218000e+01
   1.1216000e+01
   1.1219000e+01
   1.1219000e+01
   1.1218000e+01
   1.1218000e+01
   1.1217000e+01
   1.1221000e+01
   1.1218000e+01
   1.1217000e+01
   1.1212000e+01
   1.1219000e+01
   1.1218000e+01
   1.1217000e+01
   1.1219000e+01
   1.1215000e+01
   1.1217000e+01
   1.1212000e+01
   1.1215000e+01
   1.1214000e+01
   1.1218000e+01
   1.1217000e+01
   1.1217000e+01
   1.1219000e+01
   1.1215000e+01
   1.1219000e+01
   1.1215000e+01
   1.1218000e+01
   1.1215000e+01
   1.1217000e+01
   1.1216000e+01
   1.1215000e+01
   1.1218000e+01
   1.1215000e+01
   1.1218000e+01
   1.1214000e+01
   1.1217000e+01
   1.1213000e+01
   1.1214000e+01
   1.1212000e+01
   1.1211000e+01
   1.1212000e+01
   1.1208000e+01
   1.1211000e+01
   1.1207000e+01
   1.1210000e+01
   1.1208000e+01
   1.1209000e+01
   1.1208000e+01
   1.1207000e+01
   1.1208000e+01
   1.1198000e+01
   1.1206000e+01
   1.1206000e+01
   1.1212000e+01
   1.1213000e+01
   1.1218000e+01
   1.1222000e+01
   1.1222000e+01
   1.1228000e+01
   1.1230000e+01
   1.1240000e+01
   1.1240000e+01
   1.1244000e+01
   1.1241000e+01
   1.1240000e+01
   1.1239000e+01
   1.1234000e+01
   1.1233000e+01
   1.1224000e+01
   1.1225000e+01
   1.1219000e+01
   1.1221000e+01
   1.1218000e+01
   1.1221000e+01
   1.1225000e+01
   1.1230000e+01
   1.1241000e+01
   1.1245000e+01
   1.1256000e+01
   1.1262000e+01
   1.1274000e+01
   1.1282000e+01
   1.1286000e+01
   1.1298000e+01
   1.1311000e+01
   1.1326000e+01
   1.1332000e+01
   1.1343000e+01
   1.1348000e+01
   1.1360000e+01
   1.1372000e+01
   1.1385000e+01
   1.1400000e+01
   1.1407000e+01
   1.1418000e+01
   1.1423000e+01
   1.1436000e+01
   1.1442000e+01
   1.1451000e+01
   1.1455000e+01
   1.1458000e+01
   1.1461000e+01
   1.1458000e+01
   1.1461000e+01
   1.1455000e+01
   1.1455000e+01
   1.1446000e+01
   1.1445000e+01
   1.1441000e+01
   1.1438000e+01
   1.1442000e+01
   1.1448000e+01
   1.1465000e+01
   1.1474000e+01
   1.1484000e+01
   1.1500000e+01
   1.1510000e+01
   1.1511000e+01
   1.1507000e+01
   1.1507000e+01
   1.1499000e+01
   1.1496000e+01
   1.1484000e+01
   1.1484000e+01
   1.1483000e+01
   1.1486000e+01
   1.1492000e+01
   1.1498000e+01
   1.1509000e+01
   1.1512000e+01
   1.1521000e+01
   1.1521000e+01
   1.1526000e+01
   1.1526000e+01
   1.1527000e+01
   1.1526000e+01
   1.1521000e+01
   1.1520000e+01
   1.1513000e+01
   1.1517000e+01
   1.1515000e+01
   1.1519000e+01
   1.1511000e+01
   1.1517000e+01
   1.1523000e+01
   1.1523000e+01
   1.1528000e+01
   1.1525000e+01
   1.1527000e+01
   1.1523000e+01
   1.1526000e+01
   1.1527000e+01
   1.1531000e+01
   1.1536000e+01
   1.1535000e+01
   1.1539000e+01
   1.1535000e+01
   1.1538000e+01
   1.1533000e+01
   1.1535000e+01
   1.1533000e+01
   1.1532000e+01
   1.1534000e+01
   1.1531000e+01
   1.1533000e+01
   1.1530000e+01
   1.1536000e+01
   1.1533000e+01
   1.1529000e+01
   1.1529000e+01
   1.1532000e+01
   1.1533000e+01
   1.1530000e+01
   1.1533000e+01
   1.1528000e+01
   1.1528000e+01
   1.1523000e+01
   1.1523000e+01
   1.1521000e+01
   1.1518000e+01
   1.1517000e+01
   1.1511000e+01
   1.1512000e+01
   1.1507000e+01
   1.1511000e+01
   1.1509000e+01
   1.1511000e+01
   1.1511000e+01
   1.1510000e+01
   1.1511000e+01
   1.1506000e+01
   1.1508000e+01
   1.1503000e+01
   1.1500000e+01
   1.1491000e+01
   1.1498000e+01
   1.1497000e+01
   1.1495000e+01
   1.1496000e+01
   1.1491000e+01
   1.1491000e+01
   1.1485000e+01
   1.1486000e+01
   1.1484000e+01
   1.1486000e+01
   1.1486000e+01
   1.1484000e+01
   1.1486000e+01
   1.1482000e+01
   1.1484000e+01
   1.1480000e+01
   1.1482000e+01
   1.1478000e+01
   1.1477000e+01
   1.1476000e+01
   1.1474000e+01
   1.1476000e+01
   1.1471000e+01
   1.1467000e+01
   1.1466000e+01
   1.1470000e+01
   1.1467000e+01
   1.1467000e+01
   1.1466000e+01
   1.1462000e+01
   1.1462000e+01
   1.1458000e+01
   1.1461000e+01
   1.1459000e+01
   1.1463000e+01
   1.1460000e+01
   1.1460000e+01
   1.1460000e+01
   1.1456000e+01
   1.1458000e+01
   1.1452000e+01
   1.1454000e+01
   1.1446000e+01
   1.1446000e+01
   1.1445000e+01
   1.1446000e+01
   1.1445000e+01
   1.1439000e+01
   1.1449000e+01
   1.1446000e+01
   1.1451000e+01
   1.1447000e+01
   1.1449000e+01
   1.1446000e+01
   1.1445000e+01
   1.1445000e+01
   1.1444000e+01
   1.1450000e+01
   1.1446000e+01
   1.1449000e+01
   1.1445000e+01
   1.1447000e+01
   1.1445000e+01
   1.1444000e+01
   1.1446000e+01
   1.1442000e+01
   1.1445000e+01
   1.1442000e+01
   1.1446000e+01
   1.1442000e+01
   1.1437000e+01
   1.1442000e+01
   1.1441000e+01
   1.1442000e+01
   1.1439000e+01
   1.1441000e+01
   1.1436000e+01
   1.1438000e+01
   1.1434000e+01
   1.1437000e+01
   1.1438000e+01
   1.1437000e+01
   1.1439000e+01
   1.1436000e+01
   1.1438000e+01
   1.1434000e+01
   1.1437000e+01
   1.1433000e+01
   1.1435000e+01
   1.1433000e+01
   1.1431000e+01
   1.1433000e+01
   1.1429000e+01
   1.1431000e+01
   1.1421000e+01
   1.1429000e+01
   1.1426000e+01
   1.1427000e+01
   1.1427000e+01
   1.1424000e+01
   1.1426000e+01
   1.1419000e+01
   1.1423000e+01
   1.1420000e+01
   1.1424000e+01
   1.1422000e+01
   1.1424000e+01
   1.1423000e+01
   1.1421000e+01
   1.1423000e+01
   1.1419000e+01
   1.1423000e+01
   1.1419000e+01
   1.1421000e+01
   1.1419000e+01
   1.1418000e+01
   1.1419000e+01
   1.1416000e+01
   1.1418000e+01
   1.1414000e+01
   1.1417000e+01
   1.1413000e+01
   1.1416000e+01
   1.1414000e+01
   1.1414000e+01
   1.1415000e+01
   1.1411000e+01
   1.1415000e+01
   1.1410000e+01
   1.1414000e+01
   1.1410000e+01
   1.1413000e+01
   1.1411000e+01
   1.1410000e+01
   1.1411000e+01
   1.1409000e+01
   1.1412000e+01
   1.1401000e+01
   1.1407000e+01
   1.1405000e+01
   1.1408000e+01
   1.1407000e+01
   1.1405000e+01
   1.1407000e+01
   1.1402000e+01
   1.1404000e+01
   1.1400000e+01
   1.1404000e+01
   1.1403000e+01
   1.1405000e+01
   1.1404000e+01
   1.1403000e+01
   1.1405000e+01
   1.1401000e+01
   1.1405000e+01
   1.1400000e+01
   1.1403000e+01
   1.1400000e+01
   1.1401000e+01
   1.1401000e+01
   1.1399000e+01
   1.1401000e+01
   1.1397000e+01
   1.1401000e+01
   1.1396000e+01
   1.1399000e+01
   1.1396000e+01
   1.1397000e+01
   1.1396000e+01
   1.1394000e+01
   1.1396000e+01
   1.1392000e+01
   1.1396000e+01
   1.1391000e+01
   1.1387000e+01
   1.1390000e+01
   1.1391000e+01
   1.1392000e+01
   1.1389000e+01
   1.1391000e+01
   1.1386000e+01
   1.1389000e+01
   1.1383000e+01
   1.1387000e+01
   1.1387000e+01
   1.1389000e+01
   1.1391000e+01
   1.1389000e+01
   1.1391000e+01
   1.1388000e+01
   1.1392000e+01
   1.1388000e+01
   1.1391000e+01
   1.1389000e+01
   1.1388000e+01
   1.1390000e+01
   1.1387000e+01
   1.1390000e+01
   1.1386000e+01
   1.1389000e+01
   1.1385000e+01
   1.1388000e+01
   1.1386000e+01
   1.1385000e+01
   1.1385000e+01
   1.1383000e+01
   1.1386000e+01
   1.1382000e+01
   1.1378000e+01
   1.1375000e+01
   1.1380000e+01
   1.1380000e+01
   1.1379000e+01
   1.1381000e+01
   1.1376000e+01
   1.1378000e+01
   1.1371000e+01
   1.1374000e+01
   1.1375000e+01
   1.1377000e+01
   1.1378000e+01
   1.1377000e+01
   1.1379000e+01
   1.1376000e+01
   1.1378000e+01
   1.1373000e+01
   1.1377000e+01
   1.1374000e+01
   1.1376000e+01
   1.1375000e+01
   1.1375000e+01
   1.1376000e+01
   1.1373000e+01
   1.1377000e+01
   1.1373000e+01
   1.1375000e+01
   1.1373000e+01
   1.1376000e+01
   1.1374000e+01
   1.1363000e+01
   1.1372000e+01
   1.1370000e+01
   1.1374000e+01
   1.1370000e+01
   1.1371000e+01
   1.1368000e+01
   1.1367000e+01
   1.1366000e+01
   1.1366000e+01
   1.1372000e+01
   1.1371000e+01
   1.1375000e+01
   1.1372000e+01
   1.1375000e+01
   1.1374000e+01
   1.1374000e+01
   1.1375000e+01
   1.1374000e+01
   1.1377000e+01
   1.1374000e+01
   1.1378000e+01
   1.1375000e+01
   1.1378000e+01
   1.1376000e+01
   1.1375000e+01
   1.1377000e+01
   1.1376000e+01
   1.1378000e+01
   1.1367000e+01
   1.1373000e+01
   1.1373000e+01
   1.1376000e+01
   1.1374000e+01
   1.1373000e+01
   1.1373000e+01
   1.1369000e+01
   1.1370000e+01
   1.1367000e+01
   1.1373000e+01
   1.1372000e+01
   1.1375000e+01
   1.1374000e+01
   1.1373000e+01
   1.1374000e+01
   1.1371000e+01
   1.1374000e+01
   1.1370000e+01
   1.1373000e+01
   1.1370000e+01
   1.1371000e+01
   1.1370000e+01
   1.1369000e+01
   1.1370000e+01
   1.1366000e+01
   1.1370000e+01
   1.1367000e+01
   1.1367000e+01
   1.1358000e+01
   1.1365000e+01
   1.1365000e+01
   1.1364000e+01
   1.1366000e+01
   1.1362000e+01
   1.1363000e+01
   1.1357000e+01
   1.1359000e+01
   1.1358000e+01
   1.1362000e+01
   1.1362000e+01
   1.1361000e+01
   1.1363000e+01
   1.1359000e+01
   1.1362000e+01
   1.1358000e+01
   1.1361000e+01
   1.1358000e+01
   1.1359000e+01
   1.1359000e+01
   1.1356000e+01
   1.1359000e+01
   1.1356000e+01
   1.1360000e+01
   1.1352000e+01
   1.1353000e+01
   1.1355000e+01
   1.1355000e+01
   1.1356000e+01
   1.1353000e+01
   1.1355000e+01
   1.1348000e+01
   1.1351000e+01
   1.1347000e+01
   1.1351000e+01
   1.1352000e+01
   1.1352000e+01
   1.1353000e+01
   1.1351000e+01
