   8.9440000e+00
   8.9430000e+00
   8.9420000e+00
   8.9400000e+00
   8.9390000e+00
   8.9380000e+00
   8.9380000e+00
   8.9370000e+00
   8.9370000e+00
   8.9370000e+00
   8.9370000e+00
   8.9360000e+00
   8.9350000e+00
   8.9350000e+00
   8.9340000e+00
   8.9340000e+00
   8.9340000e+00
   8.9330000e+00
   8.9330000e+00
   8.9320000e+00
   8.9310000e+00
   8.9300000e+00
   8.9300000e+00
   8.9290000e+00
   8.9300000e+00
   8.9310000e+00
   8.9320000e+00
   8.9320000e+00
   8.9320000e+00
   8.9310000e+00
   8.9290000e+00
   8.9290000e+00
   8.9290000e+00
   8.9290000e+00
   8.9280000e+00
   8.9280000e+00
   8.9300000e+00
   8.9290000e+00
   8.9290000e+00
   8.9300000e+00
   8.9330000e+00
   8.9350000e+00
   8.9400000e+00
   8.9470000e+00
   8.9530000e+00
   8.9560000e+00
   8.9530000e+00
   8.9510000e+00
   8.9460000e+00
   8.9400000e+00
   8.9390000e+00
   8.9430000e+00
   8.9440000e+00
   8.9410000e+00
   8.9340000e+00
   8.9280000e+00
   8.9210000e+00
   8.9120000e+00
   8.9120000e+00
   8.9160000e+00
   8.9190000e+00
   8.9160000e+00
   8.9100000e+00
   8.9040000e+00
   8.8980000e+00
   8.8950000e+00
   8.9030000e+00
   8.9170000e+00
   8.9250000e+00
   8.9290000e+00
   8.9310000e+00
   8.9320000e+00
   8.9340000e+00
   8.9380000e+00
   8.9460000e+00
   8.9580000e+00
   8.9690000e+00
   8.9740000e+00
   8.9780000e+00
   8.9810000e+00
   8.9830000e+00
   8.9850000e+00
   8.9890000e+00
   8.9940000e+00
   8.9990000e+00
   9.0050000e+00
   9.0100000e+00
   9.0140000e+00
   9.0190000e+00
   9.0240000e+00
   9.0290000e+00
   9.0300000e+00
   9.0300000e+00
   9.0370000e+00
   9.0460000e+00
   9.0520000e+00
   9.0590000e+00
   9.0640000e+00
   9.0690000e+00
   9.0750000e+00
   9.0800000e+00
   9.0880000e+00
   9.0940000e+00
   9.1010000e+00
   9.1070000e+00
   9.1140000e+00
   9.1210000e+00
   9.1280000e+00
   9.1340000e+00
   9.1380000e+00
   9.1430000e+00
   9.1450000e+00
   9.1500000e+00
   9.1580000e+00
   9.1680000e+00
   9.1780000e+00
   9.1880000e+00
   9.1960000e+00
   9.2020000e+00
   9.2070000e+00
   9.2090000e+00
   9.2130000e+00
   9.2220000e+00
   9.2320000e+00
   9.2380000e+00
   9.2420000e+00
   9.2460000e+00
   9.2490000e+00
   9.2510000e+00
   9.2550000e+00
   9.2670000e+00
   9.2790000e+00
   9.2870000e+00
   9.2910000e+00
   9.2940000e+00
   9.2960000e+00
   9.2960000e+00
   9.3010000e+00
   9.3120000e+00
   9.3230000e+00
   9.3290000e+00
   9.3310000e+00
   9.3330000e+00
   9.3340000e+00
   9.3350000e+00
   9.3380000e+00
   9.3470000e+00
   9.3570000e+00
   9.3630000e+00
   9.3640000e+00
   9.3660000e+00
   9.3670000e+00
   9.3660000e+00
   9.3720000e+00
   9.3800000e+00
   9.3880000e+00
   9.3910000e+00
   9.3930000e+00
   9.3950000e+00
   9.4000000e+00
   9.4060000e+00
   9.4120000e+00
   9.4180000e+00
   9.4240000e+00
   9.4310000e+00
   9.4360000e+00
   9.4400000e+00
   9.4430000e+00
   9.4460000e+00
   9.4480000e+00
   9.4490000e+00
   9.4510000e+00
   9.4530000e+00
   9.4540000e+00
   9.4550000e+00
   9.4560000e+00
   9.4580000e+00
   9.4600000e+00
   9.4620000e+00
   9.4640000e+00
   9.4670000e+00
   9.4700000e+00
   9.4740000e+00
   9.4760000e+00
   9.4790000e+00
   9.4820000e+00
   9.4860000e+00
   9.4890000e+00
   9.4910000e+00
   9.4940000e+00
   9.4970000e+00
   9.5000000e+00
   9.5020000e+00
   9.5060000e+00
   9.5090000e+00
   9.5120000e+00
   9.5150000e+00
   9.5180000e+00
   9.5210000e+00
   9.5220000e+00
   9.5260000e+00
   9.5300000e+00
   9.5360000e+00
   9.5420000e+00
   9.5460000e+00
   9.5500000e+00
   9.5520000e+00
   9.5550000e+00
   9.5560000e+00
   9.5600000e+00
   9.5620000e+00
   9.5650000e+00
   9.5680000e+00
   9.5700000e+00
   9.5720000e+00
   9.5740000e+00
   9.5770000e+00
   9.5810000e+00
   9.5840000e+00
   9.5870000e+00
   9.5910000e+00
   9.5930000e+00
   9.5950000e+00
   9.5970000e+00
   9.5990000e+00
   9.6020000e+00
   9.6030000e+00
   9.6060000e+00
   9.6080000e+00
   9.6100000e+00
   9.6130000e+00
   9.6150000e+00
   9.6180000e+00
   9.6210000e+00
   9.6240000e+00
   9.6250000e+00
   9.6280000e+00
   9.6290000e+00
   9.6330000e+00
   9.6350000e+00
   9.6370000e+00
   9.6400000e+00
   9.6430000e+00
   9.6450000e+00
   9.6470000e+00
   9.6500000e+00
   9.6510000e+00
   9.6530000e+00
   9.6550000e+00
   9.6580000e+00
   9.6600000e+00
   9.6620000e+00
   9.6640000e+00
   9.6650000e+00
   9.6680000e+00
   9.6680000e+00
   9.6700000e+00
   9.6720000e+00
   9.6730000e+00
   9.6750000e+00
   9.6770000e+00
   9.6780000e+00
   9.6790000e+00
   9.6810000e+00
   9.6820000e+00
   9.6840000e+00
   9.6860000e+00
   9.6880000e+00
   9.6890000e+00
   9.6900000e+00
   9.6910000e+00
   9.6910000e+00
   9.6920000e+00
   9.6930000e+00
   9.6950000e+00
   9.6960000e+00
   9.6970000e+00
   9.6990000e+00
   9.7000000e+00
   9.7010000e+00
   9.7020000e+00
   9.7030000e+00
   9.7040000e+00
   9.7060000e+00
   9.7070000e+00
   9.7070000e+00
   9.7070000e+00
   9.7070000e+00
   9.7090000e+00
   9.7090000e+00
   9.7100000e+00
   9.7110000e+00
   9.7120000e+00
   9.7130000e+00
   9.7140000e+00
   9.7140000e+00
   9.7140000e+00
   9.7140000e+00
   9.7140000e+00
   9.7150000e+00
   9.7150000e+00
   9.7160000e+00
   9.7160000e+00
   9.7170000e+00
   9.7170000e+00
   9.7170000e+00
   9.7170000e+00
   9.7170000e+00
   9.7180000e+00
   9.7180000e+00
   9.7180000e+00
   9.7170000e+00
   9.7170000e+00
   9.7180000e+00
   9.7180000e+00
   9.7190000e+00
   9.7190000e+00
   9.7200000e+00
   9.7190000e+00
   9.7200000e+00
   9.7200000e+00
   9.7200000e+00
   9.7190000e+00
   9.7190000e+00
   9.7200000e+00
   9.7200000e+00
   9.7210000e+00
   9.7200000e+00
   9.7200000e+00
   9.7200000e+00
   9.7210000e+00
   9.7200000e+00
   9.7190000e+00
   9.7190000e+00
   9.7180000e+00
   9.7180000e+00
   9.7170000e+00
   9.7170000e+00
   9.7150000e+00
   9.7150000e+00
   9.7150000e+00
   9.7140000e+00
   9.7140000e+00
   9.7130000e+00
   9.7120000e+00
   9.7110000e+00
   9.7110000e+00
   9.7100000e+00
   9.7090000e+00
   9.7090000e+00
   9.7080000e+00
   9.7080000e+00
   9.7070000e+00
   9.7070000e+00
   9.7060000e+00
   9.7060000e+00
   9.7050000e+00
   9.7050000e+00
   9.7050000e+00
   9.7040000e+00
   9.7040000e+00
   9.7030000e+00
   9.7030000e+00
   9.7020000e+00
   9.7010000e+00
   9.7000000e+00
   9.6990000e+00
   9.6990000e+00
   9.6980000e+00
   9.6980000e+00
   9.6970000e+00
   9.6960000e+00
   9.6950000e+00
   9.6940000e+00
   9.6930000e+00
   9.6920000e+00
   9.6920000e+00
   9.6910000e+00
   9.6910000e+00
   9.6900000e+00
   9.6900000e+00
   9.6890000e+00
   9.6890000e+00
   9.6880000e+00
   9.6870000e+00
   9.6870000e+00
   9.6860000e+00
   9.6860000e+00
   9.6860000e+00
   9.6870000e+00
   9.6860000e+00
   9.6860000e+00
   9.6850000e+00
   9.6840000e+00
   9.6840000e+00
   9.6830000e+00
   9.6820000e+00
   9.6810000e+00
   9.6800000e+00
   9.6790000e+00
   9.6780000e+00
   9.6770000e+00
   9.6750000e+00
   9.6750000e+00
   9.6730000e+00
   9.6730000e+00
   9.6720000e+00
   9.6710000e+00
   9.6690000e+00
   9.6690000e+00
   9.6680000e+00
   9.6670000e+00
   9.6670000e+00
   9.6650000e+00
   9.6650000e+00
   9.6640000e+00
   9.6630000e+00
   9.6620000e+00
   9.6610000e+00
   9.6600000e+00
   9.6580000e+00
   9.6580000e+00
   9.6580000e+00
   9.6570000e+00
   9.6570000e+00
   9.6560000e+00
   9.6560000e+00
   9.6550000e+00
   9.6550000e+00
   9.6530000e+00
   9.6530000e+00
   9.6510000e+00
   9.6510000e+00
   9.6500000e+00
   9.6500000e+00
   9.6490000e+00
   9.6480000e+00
   9.6470000e+00
   9.6460000e+00
   9.6460000e+00
   9.6450000e+00
   9.6450000e+00
   9.6430000e+00
   9.6430000e+00
   9.6430000e+00
   9.6420000e+00
   9.6420000e+00
   9.6410000e+00
   9.6400000e+00
   9.6390000e+00
   9.6380000e+00
   9.6370000e+00
   9.6370000e+00
   9.6360000e+00
   9.6360000e+00
   9.6350000e+00
   9.6340000e+00
   9.6340000e+00
   9.6330000e+00
   9.6330000e+00
   9.6320000e+00
   9.6310000e+00
   9.6300000e+00
   9.6300000e+00
   9.6290000e+00
   9.6280000e+00
   9.6280000e+00
   9.6260000e+00
   9.6250000e+00
   9.6240000e+00
   9.6240000e+00
   9.6220000e+00
   9.6220000e+00
   9.6220000e+00
   9.6220000e+00
   9.6220000e+00
   9.6210000e+00
   9.6200000e+00
   9.6190000e+00
   9.6200000e+00
   9.6180000e+00
   9.6180000e+00
   9.6180000e+00
   9.6180000e+00
   9.6180000e+00
   9.6180000e+00
   9.6180000e+00
   9.6180000e+00
   9.6170000e+00
   9.6180000e+00
   9.6170000e+00
   9.6180000e+00
   9.6170000e+00
   9.6170000e+00
   9.6160000e+00
   9.6170000e+00
   9.6170000e+00
   9.6180000e+00
   9.6180000e+00
   9.6180000e+00
   9.6180000e+00
   9.6180000e+00
   9.6190000e+00
   9.6180000e+00
   9.6180000e+00
   9.6180000e+00
   9.6180000e+00
   9.6180000e+00
   9.6180000e+00
   9.6170000e+00
   9.6170000e+00
   9.6170000e+00
   9.6170000e+00
   9.6180000e+00
   9.6170000e+00
   9.6160000e+00
   9.6170000e+00
   9.6170000e+00
   9.6170000e+00
   9.6170000e+00
   9.6170000e+00
   9.6170000e+00
   9.6170000e+00
   9.6150000e+00
   9.6150000e+00
   9.6150000e+00
   9.6150000e+00
   9.6150000e+00
   9.6130000e+00
   9.6140000e+00
   9.6130000e+00
   9.6130000e+00
   9.6120000e+00
   9.6120000e+00
   9.6110000e+00
   9.6100000e+00
   9.6110000e+00
   9.6100000e+00
   9.6100000e+00
   9.6090000e+00
   9.6080000e+00
   9.6070000e+00
   9.6060000e+00
   9.6050000e+00
   9.6050000e+00
   9.6040000e+00
   9.6030000e+00
   9.6020000e+00
   9.6010000e+00
   9.6000000e+00
   9.6000000e+00
   9.5990000e+00
   9.5990000e+00
   9.5980000e+00
   9.5980000e+00
   9.5960000e+00
   9.5960000e+00
   9.5940000e+00
   9.5940000e+00
   9.5930000e+00
   9.5910000e+00
   9.5900000e+00
   9.5890000e+00
   9.5880000e+00
   9.5870000e+00
   9.5870000e+00
   9.5860000e+00
   9.5850000e+00
   9.5840000e+00
   9.5830000e+00
   9.5820000e+00
   9.5800000e+00
   9.5800000e+00
   9.5790000e+00
   9.5780000e+00
   9.5760000e+00
   9.5750000e+00
   9.5740000e+00
   9.5740000e+00
   9.5730000e+00
   9.5720000e+00
   9.5710000e+00
   9.5700000e+00
   9.5690000e+00
   9.5660000e+00
   9.5630000e+00
   9.5580000e+00
   9.5540000e+00
   9.5480000e+00
   9.5420000e+00
   9.5380000e+00
   9.5320000e+00
   9.5280000e+00
   9.5240000e+00
   9.5210000e+00
   9.5190000e+00
   9.5180000e+00
   9.5170000e+00
   9.5170000e+00
   9.5160000e+00
   9.5170000e+00
   9.5170000e+00
   9.5170000e+00
   9.5180000e+00
   9.5180000e+00
   9.5180000e+00
   9.5180000e+00
   9.5180000e+00
   9.5170000e+00
   9.5170000e+00
   9.5170000e+00
   9.5160000e+00
   9.5160000e+00
   9.5150000e+00
   9.5150000e+00
   9.5140000e+00
   9.5140000e+00
   9.5130000e+00
   9.5110000e+00
   9.5110000e+00
   9.5110000e+00
   9.5100000e+00
   9.5090000e+00
   9.5080000e+00
   9.5070000e+00
   9.5070000e+00
   9.5060000e+00
   9.5050000e+00
   9.5050000e+00
   9.5040000e+00
   9.5040000e+00
   9.5030000e+00
   9.5020000e+00
   9.5020000e+00
   9.5010000e+00
   9.5000000e+00
   9.4990000e+00
   9.4990000e+00
   9.4980000e+00
   9.4970000e+00
   9.4970000e+00
   9.4970000e+00
   9.4960000e+00
   9.4940000e+00
   9.4940000e+00
   9.4930000e+00
   9.4930000e+00
   9.4910000e+00
   9.4910000e+00
   9.4890000e+00
   9.4880000e+00
   9.4870000e+00
   9.4870000e+00
   9.4870000e+00
   9.4850000e+00
   9.4850000e+00
   9.4830000e+00
   9.4830000e+00
   9.4820000e+00
   9.4810000e+00
   9.4820000e+00
   9.4810000e+00
   9.4800000e+00
   9.4790000e+00
   9.4790000e+00
   9.4780000e+00
   9.4780000e+00
   9.4770000e+00
   9.4770000e+00
   9.4770000e+00
   9.4750000e+00
   9.4750000e+00
   9.4740000e+00
   9.4740000e+00
   9.4730000e+00
   9.4730000e+00
   9.4710000e+00
   9.4710000e+00
   9.4700000e+00
   9.4690000e+00
   9.4690000e+00
   9.4680000e+00
   9.4680000e+00
   9.4660000e+00
   9.4650000e+00
   9.4640000e+00
   9.4630000e+00
   9.4630000e+00
   9.4630000e+00
   9.4620000e+00
   9.4610000e+00
   9.4600000e+00
   9.4590000e+00
   9.4580000e+00
   9.4570000e+00
   9.4570000e+00
   9.4550000e+00
   9.4540000e+00
   9.4540000e+00
   9.4530000e+00
   9.4530000e+00
   9.4520000e+00
   9.4520000e+00
   9.4510000e+00
   9.4500000e+00
   9.4490000e+00
   9.4480000e+00
   9.4480000e+00
   9.4460000e+00
   9.4460000e+00
   9.4450000e+00
   9.4440000e+00
   9.4430000e+00
   9.4410000e+00
   9.4400000e+00
   9.4400000e+00
   9.4390000e+00
   9.4370000e+00
   9.4370000e+00
   9.4350000e+00
   9.4330000e+00
   9.4320000e+00
   9.4310000e+00
   9.4300000e+00
   9.4280000e+00
   9.4270000e+00
   9.4260000e+00
   9.4250000e+00
   9.4230000e+00
   9.4230000e+00
   9.4220000e+00
   9.4200000e+00
   9.4190000e+00
   9.4180000e+00
   9.4180000e+00
   9.4170000e+00
   9.4160000e+00
   9.4140000e+00
   9.4120000e+00
   9.4120000e+00
   9.4100000e+00
   9.4090000e+00
   9.4080000e+00
   9.4060000e+00
   9.4050000e+00
   9.4040000e+00
   9.4020000e+00
   9.4010000e+00
   9.4000000e+00
   9.3990000e+00
   9.3980000e+00
   9.3960000e+00
   9.3950000e+00
   9.3930000e+00
   9.3920000e+00
   9.3900000e+00
   9.3900000e+00
   9.3880000e+00
   9.3880000e+00
   9.3860000e+00
   9.3840000e+00
   9.3830000e+00
   9.3810000e+00
   9.3800000e+00
   9.3790000e+00
   9.3770000e+00
   9.3760000e+00
   9.3740000e+00
   9.3730000e+00
   9.3710000e+00
   9.3710000e+00
   9.3700000e+00
   9.3690000e+00
   9.3680000e+00
   9.3670000e+00
   9.3650000e+00
   9.3640000e+00
   9.3630000e+00
   9.3610000e+00
   9.3610000e+00
   9.3590000e+00
   9.3590000e+00
   9.3580000e+00
   9.3570000e+00
   9.3550000e+00
   9.3540000e+00
   9.3530000e+00
   9.3520000e+00
   9.3510000e+00
   9.3490000e+00
   9.3490000e+00
   9.3470000e+00
   9.3460000e+00
   9.3450000e+00
   9.3430000e+00
   9.3420000e+00
   9.3420000e+00
   9.3410000e+00
   9.3390000e+00
   9.3390000e+00
   9.3380000e+00
   9.3380000e+00
   9.3360000e+00
   9.3350000e+00
   9.3340000e+00
   9.3320000e+00
   9.3310000e+00
   9.3290000e+00
   9.3280000e+00
   9.3270000e+00
   9.3260000e+00
   9.3250000e+00
   9.3230000e+00
   9.3220000e+00
   9.3210000e+00
   9.3200000e+00
   9.3180000e+00
   9.3170000e+00
   9.3150000e+00
   9.3140000e+00
   9.3130000e+00
   9.3110000e+00
   9.3110000e+00
   9.3090000e+00
   9.3080000e+00
   9.3070000e+00
   9.3060000e+00
   9.3050000e+00
   9.3060000e+00
   9.3050000e+00
   9.3040000e+00
   9.3030000e+00
   9.3020000e+00
   9.3020000e+00
   9.3000000e+00
   9.2990000e+00
   9.2980000e+00
   9.2970000e+00
   9.2960000e+00
   9.2940000e+00
   9.2920000e+00
   9.2900000e+00
   9.2880000e+00
   9.2860000e+00
   9.2840000e+00
   9.2820000e+00
   9.2810000e+00
   9.2800000e+00
   9.2780000e+00
   9.2770000e+00
   9.2750000e+00
   9.2730000e+00
   9.2710000e+00
   9.2690000e+00
   9.2660000e+00
   9.2650000e+00
   9.2630000e+00
   9.2610000e+00
   9.2600000e+00
   9.2580000e+00
   9.2570000e+00
   9.2550000e+00
   9.2540000e+00
   9.2520000e+00
   9.2510000e+00
   9.2490000e+00
   9.2480000e+00
   9.2470000e+00
   9.2450000e+00
   9.2440000e+00
   9.2430000e+00
   9.2410000e+00
   9.2400000e+00
   9.2380000e+00
   9.2370000e+00
   9.2360000e+00
   9.2350000e+00
   9.2330000e+00
   9.2310000e+00
   9.2300000e+00
   9.2280000e+00
   9.2270000e+00
   9.2250000e+00
   9.2230000e+00
   9.2220000e+00
   9.2200000e+00
   9.2180000e+00
   9.2170000e+00
   9.2150000e+00
   9.2130000e+00
   9.2120000e+00
   9.2100000e+00
   9.2090000e+00
   9.2070000e+00
   9.2060000e+00
   9.2040000e+00
   9.2030000e+00
   9.2010000e+00
   9.1990000e+00
   9.1970000e+00
   9.1960000e+00
   9.1950000e+00
   9.1940000e+00
   9.1920000e+00
   9.1910000e+00
   9.1890000e+00
   9.1870000e+00
   9.1860000e+00
   9.1840000e+00
   9.1820000e+00
   9.1810000e+00
   9.1790000e+00
   9.1770000e+00
   9.1760000e+00
   9.1740000e+00
   9.1720000e+00
   9.1710000e+00
   9.1690000e+00
   9.1670000e+00
   9.1640000e+00
   9.1600000e+00
   9.1560000e+00
   9.1520000e+00
   9.1480000e+00
   9.1450000e+00
   9.1420000e+00
   9.1400000e+00
   9.1380000e+00
   9.1360000e+00
   9.1330000e+00
   9.1310000e+00
   9.1280000e+00
   9.1270000e+00
   9.1250000e+00
   9.1240000e+00
   9.1230000e+00
   9.1230000e+00
   9.1230000e+00
   9.1230000e+00
   9.1230000e+00
   9.1240000e+00
   9.1240000e+00
   9.1250000e+00
   9.1250000e+00
   9.1260000e+00
   9.1260000e+00
   9.1250000e+00
   9.1240000e+00
   9.1230000e+00
   9.1220000e+00
   9.1220000e+00
   9.1210000e+00
   9.1210000e+00
   9.1210000e+00
   9.1200000e+00
   9.1190000e+00
   9.1170000e+00
   9.1160000e+00
   9.1140000e+00
   9.1130000e+00
   9.1110000e+00
   9.1100000e+00
   9.1080000e+00
   9.1060000e+00
   9.1050000e+00
   9.1030000e+00
   9.1020000e+00
   9.1000000e+00
   9.0990000e+00
   9.0980000e+00
   9.0980000e+00
   9.0970000e+00
   9.0960000e+00
   9.0960000e+00
   9.0950000e+00
   9.0960000e+00
   9.0940000e+00
   9.0930000e+00
   9.0910000e+00
   9.0880000e+00
   9.0870000e+00
   9.0840000e+00
   9.0830000e+00
   9.0810000e+00
   9.0790000e+00
   9.0770000e+00
   9.0750000e+00
   9.0730000e+00
   9.0720000e+00
   9.0700000e+00
   9.0690000e+00
   9.0670000e+00
   9.0660000e+00
   9.0650000e+00
   9.0630000e+00
   9.0620000e+00
   9.0600000e+00
   9.0590000e+00
   9.0590000e+00
   9.0570000e+00
   9.0570000e+00
   9.0560000e+00
   9.0550000e+00
   9.0540000e+00
   9.0530000e+00
   9.0500000e+00
   9.0480000e+00
   9.0460000e+00
   9.0430000e+00
   9.0420000e+00
   9.0400000e+00
   9.0390000e+00
   9.0380000e+00
   9.0380000e+00
   9.0370000e+00
   9.0370000e+00
   9.0370000e+00
   9.0360000e+00
   9.0360000e+00
   9.0350000e+00
   9.0360000e+00
   9.0350000e+00
   9.0350000e+00
   9.0340000e+00
   9.0350000e+00
   9.0350000e+00
   9.0340000e+00
   9.0350000e+00
   9.0350000e+00
   9.0360000e+00
   9.0370000e+00
   9.0370000e+00
   9.0360000e+00
   9.0340000e+00
   9.0320000e+00
   9.0280000e+00
   9.0260000e+00
   9.0220000e+00
   9.0210000e+00
   9.0180000e+00
   9.0160000e+00
   9.0140000e+00
   9.0120000e+00
   9.0100000e+00
   9.0080000e+00
   9.0070000e+00
   9.0050000e+00
   9.0030000e+00
   9.0010000e+00
   9.0000000e+00
   8.9990000e+00
   8.9980000e+00
   8.9980000e+00
   8.9990000e+00
   9.0020000e+00
   9.0030000e+00
   9.0050000e+00
   9.0050000e+00
   9.0050000e+00
   9.0060000e+00
   9.0050000e+00
   9.0050000e+00
   9.0050000e+00
   9.0060000e+00
   9.0060000e+00
   9.0070000e+00
   9.0080000e+00
   9.0090000e+00
   9.0090000e+00
   9.0080000e+00
   9.0080000e+00
   9.0070000e+00
   9.0040000e+00
   9.0010000e+00
   8.9980000e+00
   8.9930000e+00
   8.9910000e+00
   8.9900000e+00
   8.9880000e+00
   8.9880000e+00
   8.9880000e+00
   8.9880000e+00
   8.9880000e+00
   8.9880000e+00
   8.9870000e+00
   8.9870000e+00
   8.9860000e+00
   8.9860000e+00
   8.9860000e+00
   8.9860000e+00
   8.9850000e+00
   8.9850000e+00
   8.9860000e+00
   8.9840000e+00
   8.9850000e+00
   8.9840000e+00
   8.9830000e+00
   8.9830000e+00
   8.9810000e+00
   8.9800000e+00
   8.9780000e+00
   8.9780000e+00
   8.9770000e+00
   8.9770000e+00
   8.9770000e+00
   8.9770000e+00
   8.9770000e+00
   8.9760000e+00
   8.9760000e+00
   8.9760000e+00
   8.9770000e+00
   8.9780000e+00
   8.9790000e+00
   8.9790000e+00
   8.9790000e+00
   8.9780000e+00
   8.9770000e+00
   8.9780000e+00
   8.9800000e+00
   8.9820000e+00
   8.9830000e+00
   8.9840000e+00
   8.9840000e+00
   8.9840000e+00
   8.9850000e+00
   8.9870000e+00
   8.9880000e+00
   8.9880000e+00
   8.9890000e+00
   8.9890000e+00
   8.9910000e+00
   8.9940000e+00
   8.9980000e+00
   9.0020000e+00
   9.0050000e+00
   9.0090000e+00
   9.0110000e+00
   9.0140000e+00
   9.0170000e+00
   9.0220000e+00
   9.0280000e+00
   9.0330000e+00
   9.0390000e+00
   9.0430000e+00
   9.0480000e+00
   9.0530000e+00
   9.0600000e+00
   9.0680000e+00
   9.0760000e+00
   9.0830000e+00
   9.0900000e+00
   9.0960000e+00
   9.1030000e+00
   9.1120000e+00
   9.1210000e+00
   9.1320000e+00
   9.1410000e+00
   9.1490000e+00
   9.1580000e+00
   9.1650000e+00
   9.1730000e+00
   9.1820000e+00
   9.1930000e+00
   9.2040000e+00
   9.2150000e+00
   9.2230000e+00
   9.2310000e+00
   9.2390000e+00
   9.2460000e+00
   9.2560000e+00
   9.2660000e+00
   9.2760000e+00
   9.2830000e+00
   9.2910000e+00
   9.2960000e+00
   9.3010000e+00
   9.3070000e+00
   9.3150000e+00
   9.3240000e+00
   9.3300000e+00
   9.3350000e+00
   9.3380000e+00
   9.3420000e+00
   9.3450000e+00
   9.3490000e+00
   9.3550000e+00
   9.3580000e+00
   9.3610000e+00
   9.3630000e+00
   9.3640000e+00
   9.3650000e+00
   9.3670000e+00
   9.3670000e+00
   9.3700000e+00
   9.3730000e+00
   9.3730000e+00
   9.3740000e+00
   9.3730000e+00
   9.3730000e+00
   9.3730000e+00
   9.3710000e+00
   9.3700000e+00
   9.3690000e+00
   9.3670000e+00
   9.3650000e+00
   9.3630000e+00
   9.3600000e+00
   9.3580000e+00
   9.3560000e+00
   9.3530000e+00
   9.3510000e+00
   9.3490000e+00
   9.3460000e+00
   9.3430000e+00
   9.3410000e+00
   9.3380000e+00
   9.3360000e+00
   9.3330000e+00
   9.3300000e+00
   9.3270000e+00
   9.3240000e+00
   9.3210000e+00
   9.3190000e+00
   9.3160000e+00
   9.3130000e+00
   9.3110000e+00
   9.3090000e+00
   9.3070000e+00
   9.3040000e+00
   9.3020000e+00
   9.3000000e+00
   9.2980000e+00
   9.2970000e+00
   9.2940000e+00
   9.2910000e+00
   9.2890000e+00
   9.2870000e+00
   9.2840000e+00
   9.2820000e+00
   9.2800000e+00
   9.2780000e+00
   9.2770000e+00
   9.2750000e+00
   9.2730000e+00
   9.2720000e+00
   9.2700000e+00
   9.2680000e+00
   9.2660000e+00
   9.2640000e+00
   9.2630000e+00
   9.2610000e+00
   9.2590000e+00
   9.2590000e+00
   9.2560000e+00
   9.2550000e+00
   9.2530000e+00
   9.2520000e+00
   9.2510000e+00
   9.2490000e+00
   9.2480000e+00
   9.2460000e+00
   9.2450000e+00
   9.2430000e+00
   9.2420000e+00
   9.2400000e+00
   9.2390000e+00
   9.2380000e+00
   9.2370000e+00
   9.2360000e+00
   9.2340000e+00
   9.2330000e+00
   9.2320000e+00
   9.2320000e+00
   9.2310000e+00
   9.2300000e+00
   9.2300000e+00
   9.2290000e+00
   9.2280000e+00
   9.2280000e+00
   9.2270000e+00
   9.2270000e+00
   9.2280000e+00
   9.2270000e+00
   9.2270000e+00
   9.2280000e+00
   9.2270000e+00
   9.2270000e+00
   9.2250000e+00
   9.2250000e+00
   9.2250000e+00
   9.2250000e+00
   9.2240000e+00
   9.2230000e+00
   9.2230000e+00
   9.2230000e+00
   9.2230000e+00
   9.2220000e+00
   9.2220000e+00
   9.2210000e+00
   9.2210000e+00
   9.2210000e+00
   9.2210000e+00
   9.2220000e+00
   9.2200000e+00
   9.2200000e+00
   9.2200000e+00
   9.2200000e+00
   9.2200000e+00
   9.2200000e+00
   9.2190000e+00
   9.2190000e+00
   9.2190000e+00
   9.2180000e+00
   9.2170000e+00
   9.2160000e+00
   9.2160000e+00
   9.2160000e+00
   9.2160000e+00
   9.2170000e+00
   9.2170000e+00
   9.2180000e+00
   9.2190000e+00
   9.2200000e+00
   9.2220000e+00
   9.2240000e+00
   9.2230000e+00
   9.2240000e+00
   9.2230000e+00
   9.2230000e+00
   9.2230000e+00
   9.2220000e+00
   9.2210000e+00
   9.2210000e+00
   9.2200000e+00
   9.2190000e+00
   9.2180000e+00
   9.2180000e+00
   9.2170000e+00
   9.2160000e+00
   9.2140000e+00
   9.2130000e+00
   9.2100000e+00
   9.2080000e+00
   9.2060000e+00
   9.2050000e+00
   9.2030000e+00
   9.2020000e+00
   9.2010000e+00
   9.2000000e+00
   9.1990000e+00
   9.1980000e+00
   9.1970000e+00
   9.1960000e+00
   9.1950000e+00
   9.1950000e+00
   9.1940000e+00
   9.1940000e+00
   9.1930000e+00
   9.1930000e+00
   9.1920000e+00
   9.1920000e+00
   9.1920000e+00
   9.1920000e+00
   9.1910000e+00
   9.1900000e+00
   9.1900000e+00
   9.1890000e+00
   9.1900000e+00
   9.1900000e+00
   9.1900000e+00
   9.1910000e+00
   9.1900000e+00
   9.1910000e+00
   9.1900000e+00
   9.1910000e+00
   9.1920000e+00
   9.1930000e+00
   9.1930000e+00
   9.1930000e+00
   9.1930000e+00
   9.1930000e+00
   9.1930000e+00
   9.1940000e+00
   9.1970000e+00
   9.1980000e+00
   9.1990000e+00
   9.1990000e+00
   9.2000000e+00
   9.2000000e+00
   9.1990000e+00
   9.2000000e+00
   9.2050000e+00
   9.2080000e+00
   9.2100000e+00
   9.2120000e+00
   9.2140000e+00
   9.2160000e+00
   9.2150000e+00
   9.2180000e+00
   9.2240000e+00
   9.2280000e+00
   9.2310000e+00
   9.2330000e+00
   9.2360000e+00
   9.2370000e+00
   9.2370000e+00
   9.2400000e+00
   9.2470000e+00
   9.2550000e+00
   9.2580000e+00
   9.2610000e+00
   9.2640000e+00
   9.2660000e+00
   9.2650000e+00
   9.2670000e+00
   9.2750000e+00
   9.2820000e+00
   9.2860000e+00
   9.2860000e+00
   9.2880000e+00
   9.2890000e+00
   9.2910000e+00
   9.2950000e+00
   9.3000000e+00
   9.3050000e+00
   9.3080000e+00
   9.3100000e+00
   9.3100000e+00
   9.3120000e+00
   9.3120000e+00
   9.3160000e+00
   9.3200000e+00
   9.3240000e+00
   9.3250000e+00
   9.3280000e+00
   9.3310000e+00
   9.3330000e+00
   9.3350000e+00
   9.3360000e+00
   9.3380000e+00
   9.3400000e+00
   9.3430000e+00
   9.3450000e+00
   9.3470000e+00
   9.3500000e+00
   9.3510000e+00
   9.3550000e+00
   9.3560000e+00
   9.3580000e+00
   9.3610000e+00
   9.3630000e+00
   9.3660000e+00
   9.3690000e+00
   9.3720000e+00
   9.3730000e+00
   9.3750000e+00
   9.3750000e+00
   9.3770000e+00
   9.3770000e+00
   9.3780000e+00
   9.3800000e+00
   9.3810000e+00
   9.3830000e+00
   9.3840000e+00
   9.3860000e+00
   9.3880000e+00
   9.3900000e+00
   9.3910000e+00
   9.3920000e+00
   9.3940000e+00
   9.3950000e+00
   9.3980000e+00
   9.3990000e+00
   9.4010000e+00
   9.4020000e+00
   9.4040000e+00
   9.4050000e+00
   9.4070000e+00
   9.4080000e+00
   9.4080000e+00
   9.4100000e+00
   9.4110000e+00
   9.4130000e+00
   9.4130000e+00
   9.4160000e+00
   9.4160000e+00
   9.4170000e+00
   9.4180000e+00
   9.4190000e+00
   9.4200000e+00
   9.4210000e+00
   9.4220000e+00
   9.4230000e+00
   9.4240000e+00
   9.4250000e+00
   9.4260000e+00
   9.4260000e+00
   9.4260000e+00
   9.4270000e+00
   9.4280000e+00
   9.4280000e+00
   9.4290000e+00
   9.4290000e+00
   9.4300000e+00
   9.4310000e+00
   9.4330000e+00
   9.4330000e+00
   9.4350000e+00
   9.4360000e+00
   9.4370000e+00
   9.4370000e+00
   9.4370000e+00
   9.4380000e+00
   9.4390000e+00
   9.4410000e+00
   9.4410000e+00
   9.4420000e+00
   9.4430000e+00
   9.4440000e+00
   9.4440000e+00
   9.4450000e+00
   9.4450000e+00
   9.4460000e+00
   9.4470000e+00
   9.4480000e+00
   9.4490000e+00
   9.4500000e+00
   9.4510000e+00
   9.4510000e+00
   9.4510000e+00
   9.4520000e+00
   9.4530000e+00
   9.4540000e+00
   9.4540000e+00
   9.4550000e+00
   9.4550000e+00
   9.4560000e+00
   9.4560000e+00
   9.4560000e+00
   9.4560000e+00
   9.4560000e+00
   9.4580000e+00
   9.4570000e+00
   9.4580000e+00
   9.4580000e+00
   9.4580000e+00
   9.4580000e+00
   9.4590000e+00
   9.4590000e+00
   9.4600000e+00
   9.4610000e+00
   9.4610000e+00
   9.4620000e+00
   9.4630000e+00
   9.4630000e+00
   9.4630000e+00
   9.4640000e+00
   9.4650000e+00
   9.4660000e+00
   9.4660000e+00
   9.4660000e+00
   9.4670000e+00
   9.4660000e+00
   9.4660000e+00
   9.4670000e+00
   9.4680000e+00
   9.4680000e+00
   9.4680000e+00
   9.4680000e+00
   9.4690000e+00
   9.4680000e+00
   9.4670000e+00
   9.4680000e+00
   9.4690000e+00
   9.4690000e+00
   9.4680000e+00
   9.4680000e+00
   9.4680000e+00
   9.4680000e+00
   9.4680000e+00
   9.4680000e+00
   9.4670000e+00
   9.4670000e+00
   9.4670000e+00
   9.4670000e+00
   9.4680000e+00
   9.4680000e+00
   9.4680000e+00
   9.4690000e+00
   9.4680000e+00
   9.4680000e+00
   9.4670000e+00
   9.4660000e+00
   9.4650000e+00
   9.4650000e+00
   9.4650000e+00
   9.4640000e+00
   9.4640000e+00
   9.4630000e+00
   9.4620000e+00
   9.4610000e+00
   9.4600000e+00
   9.4600000e+00
   9.4610000e+00
   9.4610000e+00
   9.4590000e+00
   9.4590000e+00
   9.4560000e+00
   9.4550000e+00
   9.4530000e+00
   9.4540000e+00
   9.4540000e+00
   9.4540000e+00
   9.4530000e+00
   9.4530000e+00
   9.4520000e+00
   9.4500000e+00
   9.4510000e+00
   9.4510000e+00
   9.4500000e+00
   9.4490000e+00
   9.4480000e+00
   9.4470000e+00
   9.4460000e+00
   9.4460000e+00
   9.4470000e+00
   9.4470000e+00
   9.4470000e+00
   9.4450000e+00
   9.4430000e+00
   9.4400000e+00
   9.4390000e+00
   9.4390000e+00
   9.4400000e+00
   9.4380000e+00
   9.4370000e+00
   9.4360000e+00
   9.4350000e+00
   9.4340000e+00
   9.4320000e+00
   9.4310000e+00
   9.4300000e+00
   9.4290000e+00
   9.4280000e+00
   9.4280000e+00
   9.4270000e+00
   9.4270000e+00
   9.4260000e+00
   9.4250000e+00
   9.4250000e+00
   9.4240000e+00
   9.4240000e+00
   9.4220000e+00
   9.4210000e+00
   9.4190000e+00
   9.4180000e+00
   9.4180000e+00
   9.4160000e+00
   9.4150000e+00
   9.4140000e+00
   9.4130000e+00
   9.4120000e+00
   9.4110000e+00
   9.4090000e+00
   9.4080000e+00
   9.4080000e+00
   9.4070000e+00
   9.4070000e+00
   9.4060000e+00
   9.4050000e+00
   9.4030000e+00
   9.4030000e+00
   9.4010000e+00
   9.4000000e+00
   9.3990000e+00
   9.3970000e+00
   9.3960000e+00
   9.3950000e+00
   9.3950000e+00
   9.3950000e+00
   9.3950000e+00
   9.3930000e+00
   9.3920000e+00
   9.3920000e+00
   9.3910000e+00
   9.3900000e+00
   9.3890000e+00
   9.3870000e+00
   9.3870000e+00
   9.3860000e+00
   9.3850000e+00
   9.3840000e+00
   9.3830000e+00
   9.3810000e+00
   9.3810000e+00
   9.3800000e+00
   9.3790000e+00
   9.3790000e+00
   9.3780000e+00
   9.3760000e+00
   9.3760000e+00
   9.3750000e+00
   9.3740000e+00
   9.3730000e+00
   9.3710000e+00
   9.3710000e+00
   9.3700000e+00
   9.3700000e+00
   9.3690000e+00
   9.3690000e+00
   9.3680000e+00
   9.3670000e+00
   9.3670000e+00
   9.3660000e+00
   9.3660000e+00
   9.3650000e+00
   9.3650000e+00
   9.3640000e+00
   9.3630000e+00
   9.3620000e+00
   9.3620000e+00
   9.3610000e+00
   9.3600000e+00
   9.3590000e+00
   9.3590000e+00
   9.3580000e+00
   9.3580000e+00
   9.3570000e+00
   9.3570000e+00
   9.3560000e+00
   9.3550000e+00
   9.3540000e+00
   9.3540000e+00
   9.3530000e+00
   9.3530000e+00
   9.3520000e+00
   9.3520000e+00
   9.3520000e+00
   9.3520000e+00
   9.3510000e+00
   9.3500000e+00
   9.3490000e+00
   9.3480000e+00
   9.3480000e+00
   9.3470000e+00
   9.3470000e+00
   9.3450000e+00
   9.3440000e+00
   9.3440000e+00
   9.3430000e+00
   9.3420000e+00
   9.3410000e+00
   9.3390000e+00
   9.3380000e+00
   9.3370000e+00
   9.3360000e+00
   9.3350000e+00
   9.3340000e+00
   9.3330000e+00
   9.3320000e+00
   9.3310000e+00
   9.3310000e+00
   9.3300000e+00
   9.3290000e+00
   9.3280000e+00
   9.3270000e+00
   9.3270000e+00
   9.3260000e+00
   9.3260000e+00
   9.3240000e+00
   9.3240000e+00
   9.3230000e+00
   9.3220000e+00
   9.3210000e+00
   9.3200000e+00
   9.3200000e+00
   9.3180000e+00
   9.3180000e+00
   9.3170000e+00
   9.3150000e+00
   9.3140000e+00
   9.3140000e+00
   9.3120000e+00
   9.3110000e+00
   9.3110000e+00
   9.3090000e+00
   9.3090000e+00
   9.3080000e+00
   9.3070000e+00
   9.3050000e+00
   9.3040000e+00
   9.3040000e+00
   9.3020000e+00
   9.3010000e+00
   9.3000000e+00
   9.2980000e+00
   9.2970000e+00
   9.2960000e+00
   9.2950000e+00
   9.2950000e+00
   9.2940000e+00
   9.2930000e+00
   9.2930000e+00
   9.2920000e+00
   9.2910000e+00
   9.2890000e+00
   9.2880000e+00
   9.2870000e+00
   9.2860000e+00
   9.2850000e+00
   9.2840000e+00
   9.2830000e+00
   9.2810000e+00
   9.2800000e+00
   9.2790000e+00
   9.2780000e+00
   9.2770000e+00
   9.2750000e+00
   9.2730000e+00
   9.2720000e+00
   9.2720000e+00
   9.2710000e+00
   9.2710000e+00
   9.2690000e+00
   9.2680000e+00
   9.2670000e+00
   9.2650000e+00
   9.2640000e+00
   9.2630000e+00
   9.2630000e+00
   9.2610000e+00
   9.2610000e+00
   9.2590000e+00
   9.2590000e+00
   9.2590000e+00
   9.2570000e+00
   9.2560000e+00
   9.2540000e+00
   9.2530000e+00
   9.2510000e+00
   9.2500000e+00
   9.2500000e+00
   9.2480000e+00
   9.2470000e+00
   9.2460000e+00
   9.2440000e+00
   9.2430000e+00
   9.2410000e+00
   9.2390000e+00
   9.2380000e+00
   9.2370000e+00
   9.2350000e+00
   9.2340000e+00
   9.2320000e+00
   9.2310000e+00
   9.2300000e+00
   9.2280000e+00
   9.2270000e+00
   9.2260000e+00
   9.2240000e+00
   9.2230000e+00
   9.2210000e+00
   9.2200000e+00
   9.2190000e+00
   9.2180000e+00
   9.2170000e+00
   9.2160000e+00
   9.2150000e+00
   9.2130000e+00
   9.2110000e+00
   9.2100000e+00
   9.2090000e+00
   9.2080000e+00
   9.2060000e+00
   9.2050000e+00
   9.2030000e+00
   9.2030000e+00
   9.2010000e+00
   9.1990000e+00
   9.1980000e+00
   9.1960000e+00
   9.1950000e+00
   9.1940000e+00
   9.1920000e+00
   9.1910000e+00
   9.1900000e+00
   9.1890000e+00
   9.1880000e+00
   9.1870000e+00
   9.1850000e+00
   9.1830000e+00
   9.1820000e+00
   9.1810000e+00
   9.1800000e+00
   9.1790000e+00
   9.1770000e+00
   9.1750000e+00
   9.1740000e+00
   9.1730000e+00
   9.1720000e+00
   9.1710000e+00
   9.1690000e+00
   9.1680000e+00
   9.1670000e+00
   9.1660000e+00
   9.1650000e+00
   9.1640000e+00
   9.1620000e+00
   9.1620000e+00
   9.1600000e+00
   9.1600000e+00
   9.1590000e+00
   9.1580000e+00
   9.1570000e+00
   9.1560000e+00
   9.1550000e+00
   9.1530000e+00
   9.1530000e+00
   9.1510000e+00
   9.1500000e+00
   9.1480000e+00
