   1.1982000e+01
   1.1986000e+01
   1.1984000e+01
   1.1986000e+01
   1.1983000e+01
   1.1983000e+01
   1.1985000e+01
   1.1983000e+01
   1.1983000e+01
   1.1973000e+01
   1.1983000e+01
   1.1981000e+01
   1.1984000e+01
   1.1981000e+01
   1.1981000e+01
   1.1981000e+01
   1.1977000e+01
   1.1978000e+01
   1.1975000e+01
   1.1980000e+01
   1.1977000e+01
   1.1980000e+01
   1.1976000e+01
   1.1977000e+01
   1.1975000e+01
   1.1973000e+01
   1.1975000e+01
   1.1971000e+01
   1.1974000e+01
   1.1969000e+01
   1.1971000e+01
   1.1968000e+01
   1.1968000e+01
   1.1967000e+01
   1.1964000e+01
   1.1967000e+01
   1.1962000e+01
   1.1964000e+01
   1.1953000e+01
   1.1960000e+01
   1.1957000e+01
   1.1957000e+01
   1.1955000e+01
   1.1953000e+01
   1.1952000e+01
   1.1947000e+01
   1.1948000e+01
   1.1945000e+01
   1.1951000e+01
   1.1948000e+01
   1.1950000e+01
   1.1948000e+01
   1.1946000e+01
   1.1947000e+01
   1.1943000e+01
   1.1946000e+01
   1.1942000e+01
   1.1944000e+01
   1.1941000e+01
   1.1942000e+01
   1.1940000e+01
   1.1939000e+01
   1.1941000e+01
   1.1937000e+01
   1.1938000e+01
   1.1928000e+01
   1.1936000e+01
   1.1932000e+01
   1.1934000e+01
   1.1932000e+01
   1.1931000e+01
   1.1930000e+01
   1.1925000e+01
   1.1926000e+01
   1.1924000e+01
   1.1928000e+01
   1.1926000e+01
   1.1929000e+01
   1.1927000e+01
   1.1926000e+01
   1.1926000e+01
   1.1924000e+01
   1.1926000e+01
   1.1923000e+01
   1.1925000e+01
   1.1921000e+01
   1.1923000e+01
   1.1921000e+01
   1.1921000e+01
   1.1921000e+01
   1.1919000e+01
   1.1921000e+01
   1.1910000e+01
   1.1917000e+01
   1.1915000e+01
   1.1918000e+01
   1.1916000e+01
   1.1916000e+01
   1.1916000e+01
   1.1913000e+01
   1.1914000e+01
   1.1913000e+01
   1.1919000e+01
   1.1916000e+01
   1.1919000e+01
   1.1918000e+01
   1.1919000e+01
   1.1919000e+01
   1.1918000e+01
   1.1921000e+01
   1.1919000e+01
   1.1923000e+01
   1.1919000e+01
   1.1923000e+01
   1.1921000e+01
   1.1923000e+01
   1.1923000e+01
   1.1923000e+01
   1.1926000e+01
   1.1923000e+01
   1.1927000e+01
   1.1923000e+01
   1.1927000e+01
   1.1925000e+01
   1.1927000e+01
   1.1926000e+01
   1.1926000e+01
   1.1927000e+01
   1.1925000e+01
   1.1928000e+01
   1.1925000e+01
   1.1929000e+01
   1.1925000e+01
   1.1928000e+01
   1.1926000e+01
   1.1919000e+01
   1.1925000e+01
   1.1923000e+01
   1.1926000e+01
   1.1922000e+01
   1.1925000e+01
   1.1920000e+01
   1.1921000e+01
   1.1918000e+01
   1.1918000e+01
   1.1921000e+01
   1.1919000e+01
   1.1922000e+01
   1.1919000e+01
   1.1921000e+01
   1.1918000e+01
   1.1920000e+01
   1.1917000e+01
   1.1917000e+01
   1.1916000e+01
   1.1915000e+01
   1.1917000e+01
   1.1912000e+01
   1.1915000e+01
   1.1911000e+01
   1.1912000e+01
   1.1909000e+01
   1.1909000e+01
   1.1910000e+01
   1.1907000e+01
   1.1910000e+01
   1.1905000e+01
   1.1910000e+01
   1.1905000e+01
   1.1908000e+01
   1.1906000e+01
   1.1906000e+01
   1.1906000e+01
   1.1903000e+01
   1.1906000e+01
   1.1902000e+01
   1.1900000e+01
   1.1891000e+01
   1.1900000e+01
   1.1898000e+01
   1.1899000e+01
   1.1899000e+01
   1.1897000e+01
   1.1897000e+01
   1.1890000e+01
   1.1892000e+01
   1.1889000e+01
   1.1895000e+01
   1.1892000e+01
   1.1894000e+01
   1.1894000e+01
   1.1892000e+01
   1.1894000e+01
   1.1890000e+01
   1.1893000e+01
   1.1889000e+01
   1.1892000e+01
   1.1889000e+01
   1.1891000e+01
   1.1890000e+01
   1.1889000e+01
   1.1891000e+01
   1.1886000e+01
   1.1890000e+01
   1.1886000e+01
   1.1889000e+01
   1.1887000e+01
   1.1889000e+01
   1.1887000e+01
   1.1886000e+01
   1.1887000e+01
   1.1884000e+01
   1.1887000e+01
   1.1882000e+01
   1.1886000e+01
   1.1884000e+01
   1.1885000e+01
   1.1874000e+01
   1.1882000e+01
   1.1884000e+01
   1.1882000e+01
   1.1886000e+01
   1.1881000e+01
   1.1883000e+01
   1.1878000e+01
   1.1879000e+01
   1.1879000e+01
   1.1884000e+01
   1.1887000e+01
   1.1887000e+01
   1.1891000e+01
   1.1888000e+01
   1.1892000e+01
   1.1889000e+01
   1.1891000e+01
   1.1889000e+01
   1.1890000e+01
   1.1890000e+01
   1.1887000e+01
   1.1890000e+01
   1.1886000e+01
   1.1889000e+01
   1.1886000e+01
   1.1889000e+01
   1.1887000e+01
   1.1888000e+01
   1.1888000e+01
   1.1886000e+01
   1.1889000e+01
   1.1885000e+01
   1.1889000e+01
   1.1886000e+01
   1.1887000e+01
   1.1877000e+01
   1.1886000e+01
   1.1885000e+01
   1.1885000e+01
   1.1887000e+01
   1.1883000e+01
   1.1885000e+01
   1.1879000e+01
   1.1881000e+01
   1.1880000e+01
   1.1884000e+01
   1.1885000e+01
   1.1885000e+01
   1.1886000e+01
   1.1883000e+01
   1.1887000e+01
   1.1883000e+01
   1.1887000e+01
   1.1884000e+01
   1.1885000e+01
   1.1884000e+01
   1.1883000e+01
   1.1884000e+01
   1.1881000e+01
   1.1884000e+01
   1.1880000e+01
   1.1884000e+01
   1.1879000e+01
   1.1882000e+01
   1.1881000e+01
   1.1879000e+01
   1.1872000e+01
   1.1877000e+01
   1.1881000e+01
   1.1877000e+01
   1.1880000e+01
   1.1875000e+01
   1.1877000e+01
   1.1873000e+01
   1.1871000e+01
   1.1874000e+01
   1.1874000e+01
   1.1879000e+01
   1.1875000e+01
   1.1879000e+01
   1.1874000e+01
   1.1877000e+01
   1.1875000e+01
   1.1875000e+01
   1.1876000e+01
   1.1873000e+01
   1.1877000e+01
   1.1872000e+01
   1.1875000e+01
   1.1872000e+01
   1.1875000e+01
   1.1872000e+01
   1.1864000e+01
   1.1871000e+01
   1.1870000e+01
   1.1875000e+01
   1.1873000e+01
   1.1880000e+01
   1.1877000e+01
   1.1880000e+01
   1.1877000e+01
   1.1881000e+01
   1.1883000e+01
   1.1883000e+01
   1.1886000e+01
   1.1882000e+01
   1.1885000e+01
   1.1882000e+01
   1.1885000e+01
   1.1882000e+01
   1.1883000e+01
   1.1884000e+01
   1.1881000e+01
   1.1884000e+01
   1.1882000e+01
   1.1885000e+01
   1.1875000e+01
   1.1881000e+01
   1.1881000e+01
   1.1883000e+01
   1.1882000e+01
   1.1881000e+01
   1.1882000e+01
   1.1877000e+01
   1.1879000e+01
   1.1876000e+01
   1.1882000e+01
   1.1881000e+01
   1.1883000e+01
   1.1883000e+01
   1.1882000e+01
   1.1884000e+01
   1.1880000e+01
   1.1884000e+01
   1.1881000e+01
   1.1884000e+01
   1.1880000e+01
   1.1883000e+01
   1.1882000e+01
   1.1880000e+01
   1.1875000e+01
   1.1878000e+01
   1.1882000e+01
   1.1878000e+01
   1.1881000e+01
   1.1877000e+01
   1.1878000e+01
   1.1875000e+01
   1.1874000e+01
   1.1877000e+01
   1.1877000e+01
   1.1881000e+01
   1.1878000e+01
   1.1882000e+01
   1.1877000e+01
   1.1879000e+01
   1.1878000e+01
   1.1878000e+01
   1.1879000e+01
   1.1877000e+01
   1.1878000e+01
   1.1875000e+01
   1.1879000e+01
   1.1876000e+01
   1.1872000e+01
   1.1871000e+01
   1.1875000e+01
   1.1876000e+01
   1.1874000e+01
   1.1876000e+01
   1.1872000e+01
   1.1874000e+01
   1.1870000e+01
   1.1873000e+01
   1.1873000e+01
   1.1874000e+01
   1.1876000e+01
   1.1874000e+01
   1.1876000e+01
   1.1872000e+01
   1.1877000e+01
   1.1873000e+01
   1.1877000e+01
   1.1874000e+01
   1.1875000e+01
   1.1876000e+01
   1.1873000e+01
   1.1876000e+01
   1.1872000e+01
   1.1876000e+01
   1.1872000e+01
   1.1877000e+01
   1.1874000e+01
   1.1876000e+01
   1.1875000e+01
   1.1874000e+01
   1.1877000e+01
   1.1873000e+01
   1.1878000e+01
   1.1874000e+01
   1.1877000e+01
   1.1875000e+01
   1.1876000e+01
   1.1877000e+01
   1.1876000e+01
   1.1878000e+01
   1.1875000e+01
   1.1880000e+01
   1.1875000e+01
   1.1880000e+01
   1.1876000e+01
   1.1878000e+01
   1.1879000e+01
   1.1878000e+01
   1.1874000e+01
   1.1872000e+01
   1.1881000e+01
   1.1876000e+01
   1.1881000e+01
   1.1879000e+01
   1.1881000e+01
   1.1879000e+01
   1.1877000e+01
   1.1878000e+01
   1.1876000e+01
   1.1881000e+01
   1.1879000e+01
   1.1882000e+01
   1.1879000e+01
   1.1881000e+01
   1.1880000e+01
   1.1881000e+01
   1.1882000e+01
   1.1880000e+01
   1.1883000e+01
   1.1880000e+01
   1.1883000e+01
   1.1881000e+01
   1.1883000e+01
   1.1882000e+01
   1.1883000e+01
   1.1884000e+01
   1.1883000e+01
   1.1886000e+01
   1.1883000e+01
   1.1887000e+01
   1.1885000e+01
   1.1887000e+01
   1.1886000e+01
   1.1885000e+01
   1.1886000e+01
   1.1886000e+01
   1.1889000e+01
   1.1886000e+01
   1.1883000e+01
   1.1882000e+01
   1.1888000e+01
   1.1887000e+01
   1.1888000e+01
   1.1888000e+01
   1.1886000e+01
   1.1887000e+01
   1.1883000e+01
   1.1886000e+01
   1.1884000e+01
   1.1888000e+01
   1.1888000e+01
   1.1889000e+01
   1.1890000e+01
   1.1888000e+01
   1.1891000e+01
   1.1888000e+01
   1.1892000e+01
   1.1888000e+01
   1.1892000e+01
   1.1890000e+01
   1.1891000e+01
   1.1891000e+01
   1.1890000e+01
   1.1893000e+01
   1.1890000e+01
   1.1893000e+01
   1.1891000e+01
   1.1893000e+01
   1.1892000e+01
   1.1893000e+01
   1.1892000e+01
   1.1891000e+01
   1.1894000e+01
   1.1891000e+01
   1.1896000e+01
   1.1893000e+01
   1.1889000e+01
   1.1894000e+01
   1.1896000e+01
   1.1894000e+01
   1.1892000e+01
   1.1893000e+01
   1.1888000e+01
   1.1889000e+01
   1.1883000e+01
   1.1887000e+01
   1.1887000e+01
   1.1890000e+01
   1.1889000e+01
   1.1890000e+01
   1.1893000e+01
   1.1890000e+01
   1.1894000e+01
   1.1892000e+01
   1.1895000e+01
   1.1892000e+01
   1.1894000e+01
   1.1892000e+01
   1.1891000e+01
   1.1892000e+01
   1.1890000e+01
   1.1892000e+01
   1.1888000e+01
   1.1892000e+01
   1.1888000e+01
   1.1890000e+01
   1.1888000e+01
   1.1888000e+01
   1.1889000e+01
   1.1887000e+01
   1.1892000e+01
   1.1889000e+01
   1.1894000e+01
   1.1889000e+01
   1.1881000e+01
   1.1889000e+01
   1.1891000e+01
   1.1891000e+01
   1.1890000e+01
   1.1891000e+01
   1.1886000e+01
   1.1887000e+01
   1.1882000e+01
   1.1887000e+01
   1.1888000e+01
   1.1890000e+01
   1.1891000e+01
   1.1889000e+01
   1.1891000e+01
   1.1887000e+01
   1.1891000e+01
   1.1889000e+01
   1.1893000e+01
   1.1891000e+01
   1.1893000e+01
   1.1894000e+01
   1.1893000e+01
   1.1896000e+01
   1.1892000e+01
   1.1895000e+01
   1.1892000e+01
   1.1896000e+01
   1.1895000e+01
   1.1897000e+01
   1.1888000e+01
   1.1892000e+01
   1.1897000e+01
   1.1894000e+01
   1.1897000e+01
   1.1892000e+01
   1.1894000e+01
   1.1890000e+01
   1.1890000e+01
   1.1892000e+01
   1.1895000e+01
   1.1899000e+01
   1.1896000e+01
   1.1900000e+01
   1.1896000e+01
   1.1899000e+01
   1.1897000e+01
   1.1899000e+01
   1.1898000e+01
   1.1898000e+01
   1.1900000e+01
   1.1898000e+01
   1.1901000e+01
   1.1898000e+01
   1.1901000e+01
   1.1897000e+01
   1.1900000e+01
   1.1900000e+01
   1.1898000e+01
   1.1891000e+01
   1.1896000e+01
   1.1901000e+01
   1.1899000e+01
   1.1902000e+01
   1.1899000e+01
   1.1900000e+01
   1.1897000e+01
   1.1895000e+01
   1.1898000e+01
   1.1898000e+01
   1.1902000e+01
   1.1898000e+01
   1.1902000e+01
   1.1899000e+01
   1.1902000e+01
   1.1900000e+01
   1.1901000e+01
   1.1903000e+01
   1.1900000e+01
   1.1904000e+01
   1.1899000e+01
   1.1904000e+01
   1.1900000e+01
   1.1902000e+01
   1.1898000e+01
   1.1893000e+01
   1.1900000e+01
   1.1900000e+01
   1.1905000e+01
   1.1901000e+01
   1.1904000e+01
   1.1898000e+01
   1.1899000e+01
   1.1897000e+01
   1.1901000e+01
   1.1905000e+01
   1.1905000e+01
   1.1910000e+01
   1.1906000e+01
   1.1909000e+01
   1.1906000e+01
   1.1909000e+01
   1.1907000e+01
   1.1908000e+01
   1.1908000e+01
   1.1908000e+01
   1.1911000e+01
   1.1908000e+01
   1.1911000e+01
   1.1904000e+01
   1.1914000e+01
   1.1915000e+01
   1.1916000e+01
   1.1917000e+01
   1.1915000e+01
   1.1915000e+01
   1.1910000e+01
   1.1913000e+01
   1.1912000e+01
   1.1917000e+01
   1.1915000e+01
   1.1917000e+01
   1.1917000e+01
   1.1916000e+01
   1.1919000e+01
   1.1916000e+01
   1.1919000e+01
   1.1915000e+01
   1.1919000e+01
   1.1916000e+01
   1.1919000e+01
   1.1915000e+01
   1.1909000e+01
   1.1917000e+01
   1.1914000e+01
   1.1918000e+01
   1.1915000e+01
   1.1918000e+01
   1.1913000e+01
   1.1913000e+01
   1.1913000e+01
   1.1914000e+01
   1.1918000e+01
   1.1916000e+01
   1.1920000e+01
   1.1917000e+01
   1.1920000e+01
   1.1917000e+01
   1.1919000e+01
   1.1918000e+01
   1.1917000e+01
   1.1920000e+01
   1.1918000e+01
   1.1921000e+01
   1.1912000e+01
   1.1915000e+01
   1.1916000e+01
   1.1920000e+01
   1.1918000e+01
   1.1919000e+01
   1.1920000e+01
   1.1917000e+01
   1.1920000e+01
   1.1917000e+01
   1.1924000e+01
   1.1922000e+01
   1.1925000e+01
   1.1924000e+01
   1.1925000e+01
   1.1926000e+01
   1.1924000e+01
   1.1928000e+01
   1.1924000e+01
   1.1928000e+01
   1.1925000e+01
   1.1928000e+01
   1.1927000e+01
   1.1928000e+01
   1.1925000e+01
   1.1919000e+01
   1.1928000e+01
   1.1926000e+01
   1.1930000e+01
   1.1926000e+01
   1.1929000e+01
   1.1926000e+01
   1.1927000e+01
   1.1926000e+01
   1.1926000e+01
   1.1931000e+01
   1.1928000e+01
   1.1932000e+01
   1.1928000e+01
   1.1932000e+01
   1.1929000e+01
   1.1930000e+01
   1.1931000e+01
   1.1929000e+01
   1.1932000e+01
   1.1929000e+01
   1.1933000e+01
   1.1929000e+01
   1.1932000e+01
   1.1930000e+01
   1.1933000e+01
   1.1932000e+01
   1.1932000e+01
   1.1935000e+01
   1.1931000e+01
   1.1936000e+01
   1.1932000e+01
   1.1937000e+01
   1.1935000e+01
   1.1937000e+01
   1.1937000e+01
   1.1938000e+01
   1.1940000e+01
   1.1938000e+01
   1.1941000e+01
   1.1937000e+01
   1.1942000e+01
   1.1940000e+01
   1.1939000e+01
   1.1936000e+01
   1.1940000e+01
   1.1944000e+01
   1.1942000e+01
   1.1946000e+01
   1.1942000e+01
   1.1945000e+01
   1.1940000e+01
   1.1941000e+01
   1.1941000e+01
   1.1943000e+01
   1.1945000e+01
   1.1943000e+01
   1.1946000e+01
   1.1942000e+01
   1.1946000e+01
   1.1943000e+01
   1.1946000e+01
   1.1945000e+01
   1.1945000e+01
   1.1946000e+01
   1.1945000e+01
   1.1947000e+01
   1.1943000e+01
   1.1948000e+01
   1.1944000e+01
   1.1948000e+01
   1.1946000e+01
   1.1947000e+01
   1.1949000e+01
   1.1946000e+01
   1.1949000e+01
   1.1946000e+01
   1.1950000e+01
   1.1947000e+01
   1.1949000e+01
   1.1946000e+01
   1.1948000e+01
   1.1949000e+01
   1.1948000e+01
   1.1942000e+01
   1.1943000e+01
   1.1950000e+01
   1.1948000e+01
   1.1951000e+01
   1.1948000e+01
   1.1950000e+01
   1.1947000e+01
   1.1945000e+01
   1.1947000e+01
   1.1948000e+01
   1.1954000e+01
   1.1951000e+01
   1.1955000e+01
   1.1952000e+01
   1.1954000e+01
   1.1954000e+01
   1.1954000e+01
   1.1956000e+01
   1.1953000e+01
   1.1958000e+01
   1.1954000e+01
   1.1958000e+01
   1.1954000e+01
   1.1958000e+01
   1.1957000e+01
   1.1957000e+01
   1.1959000e+01
   1.1956000e+01
   1.1960000e+01
   1.1956000e+01
   1.1960000e+01
   1.1957000e+01
   1.1959000e+01
   1.1956000e+01
   1.1958000e+01
   1.1960000e+01
   1.1954000e+01
   1.1952000e+01
   1.1954000e+01
   1.1960000e+01
   1.1956000e+01
   1.1959000e+01
   1.1958000e+01
   1.1957000e+01
   1.1956000e+01
   1.1953000e+01
   1.1958000e+01
   1.1959000e+01
   1.1965000e+01
   1.1961000e+01
   1.1965000e+01
   1.1963000e+01
   1.1965000e+01
   1.1965000e+01
   1.1965000e+01
   1.1968000e+01
   1.1964000e+01
   1.1968000e+01
   1.1964000e+01
   1.1967000e+01
   1.1964000e+01
   1.1966000e+01
   1.1964000e+01
   1.1964000e+01
   1.1965000e+01
   1.1961000e+01
   1.1965000e+01
   1.1962000e+01
   1.1968000e+01
   1.1958000e+01
   1.1959000e+01
   1.1963000e+01
   1.1964000e+01
   1.1965000e+01
   1.1962000e+01
   1.1965000e+01
   1.1958000e+01
   1.1960000e+01
   1.1957000e+01
   1.1962000e+01
   1.1964000e+01
   1.1964000e+01
   1.1966000e+01
   1.1963000e+01
   1.1966000e+01
   1.1962000e+01
   1.1966000e+01
   1.1963000e+01
   1.1965000e+01
   1.1963000e+01
   1.1963000e+01
   1.1965000e+01
   1.1962000e+01
   1.1965000e+01
   1.1961000e+01
   1.1965000e+01
   1.1961000e+01
   1.1963000e+01
   1.1961000e+01
   1.1962000e+01
   1.1964000e+01
   1.1954000e+01
   1.1959000e+01
   1.1960000e+01
   1.1964000e+01
   1.1960000e+01
   1.1963000e+01
   1.1960000e+01
   1.1960000e+01
   1.1958000e+01
   1.1956000e+01
   1.1962000e+01
   1.1960000e+01
   1.1965000e+01
   1.1961000e+01
   1.1964000e+01
   1.1961000e+01
   1.1962000e+01
   1.1962000e+01
   1.1961000e+01
   1.1963000e+01
   1.1960000e+01
   1.1963000e+01
   1.1959000e+01
   1.1963000e+01
   1.1959000e+01
   1.1961000e+01
   1.1960000e+01
   1.1961000e+01
   1.1963000e+01
   1.1954000e+01
   1.1958000e+01
   1.1958000e+01
   1.1962000e+01
   1.1959000e+01
   1.1962000e+01
   1.1959000e+01
   1.1957000e+01
   1.1956000e+01
   1.1954000e+01
   1.1959000e+01
   1.1957000e+01
   1.1961000e+01
   1.1957000e+01
   1.1960000e+01
   1.1959000e+01
   1.1959000e+01
   1.1959000e+01
   1.1958000e+01
   1.1961000e+01
   1.1957000e+01
   1.1960000e+01
   1.1956000e+01
   1.1959000e+01
   1.1957000e+01
   1.1957000e+01
   1.1951000e+01
   1.1952000e+01
   1.1958000e+01
   1.1955000e+01
   1.1959000e+01
   1.1955000e+01
   1.1958000e+01
   1.1953000e+01
   1.1955000e+01
   1.1956000e+01
   1.1959000e+01
   1.1965000e+01
   1.1965000e+01
   1.1971000e+01
   1.1964000e+01
   1.1966000e+01
   1.1963000e+01
   1.1965000e+01
   1.1964000e+01
   1.1966000e+01
   1.1967000e+01
   1.1964000e+01
   1.1968000e+01
   1.1964000e+01
   1.1965000e+01
   1.1956000e+01
   1.1966000e+01
   1.1964000e+01
   1.1964000e+01
   1.1964000e+01
   1.1961000e+01
   1.1962000e+01
   1.1954000e+01
   1.1956000e+01
   1.1953000e+01
   1.1956000e+01
   1.1954000e+01
   1.1953000e+01
   1.1953000e+01
   1.1949000e+01
   1.1951000e+01
   1.1947000e+01
   1.1951000e+01
   1.1947000e+01
   1.1950000e+01
   1.1948000e+01
   1.1950000e+01
   1.1949000e+01
   1.1941000e+01
   1.1948000e+01
   1.1946000e+01
   1.1951000e+01
   1.1946000e+01
   1.1949000e+01
   1.1944000e+01
   1.1944000e+01
   1.1941000e+01
   1.1941000e+01
   1.1946000e+01
   1.1944000e+01
   1.1948000e+01
   1.1944000e+01
   1.1948000e+01
   1.1945000e+01
   1.1947000e+01
   1.1945000e+01
   1.1946000e+01
   1.1948000e+01
   1.1945000e+01
   1.1950000e+01
   1.1946000e+01
   1.1950000e+01
   1.1944000e+01
   1.1942000e+01
   1.1947000e+01
   1.1948000e+01
   1.1950000e+01
   1.1947000e+01
   1.1952000e+01
   1.1946000e+01
   1.1949000e+01
   1.1945000e+01
   1.1951000e+01
   1.1951000e+01
   1.1952000e+01
   1.1954000e+01
   1.1953000e+01
   1.1956000e+01
   1.1953000e+01
   1.1956000e+01
   1.1953000e+01
   1.1957000e+01
   1.1954000e+01
   1.1955000e+01
   1.1955000e+01
   1.1954000e+01
   1.1957000e+01
   1.1954000e+01
   1.1958000e+01
   1.1954000e+01
   1.1959000e+01
   1.1956000e+01
   1.1957000e+01
   1.1958000e+01
   1.1959000e+01
   1.1961000e+01
   1.1959000e+01
   1.1962000e+01
   1.1958000e+01
   1.1962000e+01
   1.1959000e+01
   1.1962000e+01
   1.1961000e+01
   1.1959000e+01
   1.1963000e+01
   1.1961000e+01
   1.1960000e+01
   1.1953000e+01
   1.1962000e+01
   1.1959000e+01
   1.1962000e+01
   1.1960000e+01
   1.1960000e+01
   1.1960000e+01
   1.1957000e+01
   1.1959000e+01
   1.1956000e+01
   1.1961000e+01
   1.1958000e+01
   1.1962000e+01
   1.1959000e+01
   1.1959000e+01
   1.1960000e+01
   1.1957000e+01
   1.1960000e+01
   1.1957000e+01
   1.1961000e+01
   1.1956000e+01
   1.1959000e+01
   1.1957000e+01
   1.1958000e+01
   1.1958000e+01
   1.1956000e+01
   1.1959000e+01
   1.1955000e+01
   1.1959000e+01
   1.1955000e+01
   1.1959000e+01
   1.1957000e+01
   1.1960000e+01
   1.1959000e+01
   1.1959000e+01
   1.1962000e+01
   1.1959000e+01
   1.1965000e+01
   1.1964000e+01
   1.1970000e+01
   1.1964000e+01
   1.1963000e+01
   1.1969000e+01
   1.1972000e+01
   1.1975000e+01
   1.1972000e+01
   1.1975000e+01
   1.1968000e+01
   1.1969000e+01
   1.1966000e+01
   1.1976000e+01
   1.1983000e+01
   1.1990000e+01
   1.2000000e+01
   1.2004000e+01
   1.2013000e+01
   1.2012000e+01
   1.2020000e+01
   1.2022000e+01
   1.2021000e+01
   1.2008000e+01
   1.2000000e+01
   1.1992000e+01
   1.1985000e+01
   1.1983000e+01
   1.1978000e+01
   1.1983000e+01
   1.1981000e+01
   1.1988000e+01
   1.1984000e+01
   1.1984000e+01
   1.1985000e+01
   1.1986000e+01
   1.1989000e+01
   1.1985000e+01
   1.1988000e+01
   1.1985000e+01
   1.1991000e+01
   1.1989000e+01
   1.1994000e+01
   1.1987000e+01
   1.1987000e+01
   1.1996000e+01
   1.1995000e+01
   1.1999000e+01
   1.1996000e+01
   1.2000000e+01
   1.1994000e+01
   1.1996000e+01
   1.1995000e+01
   1.1997000e+01
   1.2001000e+01
   1.2000000e+01
   1.2004000e+01
   1.2001000e+01
   1.2005000e+01
   1.2001000e+01
   1.2005000e+01
   1.2003000e+01
   1.2004000e+01
   1.2005000e+01
   1.2003000e+01
   1.2006000e+01
   1.1999000e+01
   1.2003000e+01
   1.1998000e+01
   1.2002000e+01
   1.2001000e+01
   1.2005000e+01
   1.2007000e+01
   1.2006000e+01
   1.2007000e+01
   1.2003000e+01
   1.2009000e+01
   1.2005000e+01
   1.2002000e+01
   1.2005000e+01
   1.2008000e+01
   1.2008000e+01
   1.2009000e+01
   1.2013000e+01
   1.2013000e+01
   1.2021000e+01
   1.2021000e+01
   1.2033000e+01
   1.2041000e+01
   1.2053000e+01
   1.2058000e+01
   1.2064000e+01
   1.2071000e+01
   1.2075000e+01
   1.2084000e+01
   1.2086000e+01
   1.2096000e+01
   1.2098000e+01
   1.2107000e+01
   1.2113000e+01
   1.2122000e+01
   1.2132000e+01
   1.2136000e+01
   1.2142000e+01
   1.2141000e+01
   1.2151000e+01
   1.2154000e+01
   1.2166000e+01
   1.2164000e+01
   1.2183000e+01
   1.2193000e+01
   1.2198000e+01
   1.2207000e+01
   1.2206000e+01
   1.2213000e+01
   1.2211000e+01
   1.2216000e+01
   1.2218000e+01
   1.2228000e+01
   1.2237000e+01
   1.2246000e+01
   1.2254000e+01
   1.2256000e+01
   1.2264000e+01
   1.2262000e+01
   1.2268000e+01
   1.2266000e+01
   1.2270000e+01
   1.2270000e+01
   1.2269000e+01
   1.2273000e+01
   1.2275000e+01
   1.2284000e+01
   1.2283000e+01
   1.2281000e+01
   1.2282000e+01
   1.2289000e+01
   1.2291000e+01
   1.2297000e+01
   1.2301000e+01
   1.2301000e+01
   1.2305000e+01
   1.2302000e+01
   1.2310000e+01
   1.2308000e+01
   1.2311000e+01
   1.2309000e+01
   1.2311000e+01
   1.2312000e+01
   1.2311000e+01
   1.2315000e+01
   1.2308000e+01
   1.2310000e+01
   1.2308000e+01
   1.2315000e+01
   1.2318000e+01
   1.2323000e+01
   1.2326000e+01
   1.2320000e+01
   1.2325000e+01
   1.2324000e+01
   1.2327000e+01
   1.2321000e+01
   1.2321000e+01
   1.2317000e+01
   1.2317000e+01
   1.2313000e+01
   1.2312000e+01
   1.2316000e+01
   1.2313000e+01
   1.2316000e+01
   1.2309000e+01
   1.2310000e+01
   1.2304000e+01
   1.2303000e+01
   1.2299000e+01
   1.2296000e+01
   1.2296000e+01
   1.2289000e+01
   1.2290000e+01
   1.2282000e+01
   1.2277000e+01
   1.2268000e+01
   1.2272000e+01
   1.2268000e+01
   1.2265000e+01
   1.2264000e+01
   1.2259000e+01
   1.2260000e+01
   1.2252000e+01
   1.2254000e+01
   1.2251000e+01
   1.2254000e+01
   1.2251000e+01
   1.2249000e+01
   1.2249000e+01
   1.2247000e+01
   1.2248000e+01
   1.2242000e+01
   1.2245000e+01
   1.2239000e+01
   1.2240000e+01
   1.2237000e+01
   1.2237000e+01
   1.2235000e+01
   1.2224000e+01
   1.2232000e+01
   1.2227000e+01
   1.2230000e+01
   1.2225000e+01
   1.2227000e+01
   1.2221000e+01
   1.2221000e+01
   1.2218000e+01
   1.2218000e+01
   1.2220000e+01
   1.2215000e+01
   1.2218000e+01
   1.2212000e+01
   1.2214000e+01
   1.2209000e+01
   1.2209000e+01
   1.2208000e+01
   1.2206000e+01
   1.2207000e+01
   1.2204000e+01
   1.2207000e+01
   1.2200000e+01
   1.2203000e+01
   1.2198000e+01
   1.2200000e+01
   1.2192000e+01
   1.2194000e+01
   1.2199000e+01
   1.2197000e+01
   1.2201000e+01
   1.2196000e+01
   1.2199000e+01
   1.2194000e+01
   1.2195000e+01
   1.2193000e+01
   1.2196000e+01
   1.2197000e+01
   1.2197000e+01
   1.2201000e+01
   1.2190000e+01
   1.2187000e+01
   1.2173000e+01
   1.2164000e+01
   1.2154000e+01
   1.2150000e+01
   1.2146000e+01
   1.2139000e+01
   1.2139000e+01
   1.2133000e+01
   1.2134000e+01
   1.2127000e+01
   1.2131000e+01
   1.2129000e+01
   1.2130000e+01
   1.2131000e+01
   1.2129000e+01
   1.2133000e+01
   1.2132000e+01
   1.2135000e+01
   1.2128000e+01
   1.2128000e+01
   1.2124000e+01
   1.2125000e+01
   1.2124000e+01
   1.2123000e+01
   1.2126000e+01
   1.2123000e+01
   1.2126000e+01
   1.2115000e+01
   1.2127000e+01
   1.2126000e+01
   1.2130000e+01
   1.2128000e+01
   1.2126000e+01
   1.2127000e+01
   1.2122000e+01
   1.2124000e+01
   1.2118000e+01
   1.2123000e+01
   1.2120000e+01
   1.2123000e+01
   1.2120000e+01
   1.2118000e+01
   1.2118000e+01
   1.2114000e+01
   1.2115000e+01
   1.2109000e+01
   1.2112000e+01
   1.2108000e+01
   1.2110000e+01
   1.2107000e+01
   1.2108000e+01
   1.2108000e+01
   1.2106000e+01
   1.2109000e+01
   1.2104000e+01
   1.2108000e+01
   1.2103000e+01
   1.2104000e+01
   1.2100000e+01
   1.2101000e+01
   1.2102000e+01
   1.2101000e+01
   1.2105000e+01
   1.2103000e+01
   1.2109000e+01
   1.2097000e+01
   1.2104000e+01
   1.2104000e+01
   1.2106000e+01
   1.2107000e+01
   1.2104000e+01
   1.2106000e+01
   1.2100000e+01
   1.2102000e+01
   1.2098000e+01
   1.2103000e+01
   1.2101000e+01
   1.2104000e+01
   1.2103000e+01
   1.2102000e+01
   1.2103000e+01
   1.2099000e+01
   1.2104000e+01
   1.2100000e+01
   1.2102000e+01
   1.2095000e+01
   1.2096000e+01
   1.2094000e+01
   1.2093000e+01
   1.2094000e+01
   1.2092000e+01
   1.2095000e+01
   1.2089000e+01
   1.2092000e+01
   1.2086000e+01
   1.2087000e+01
   1.2082000e+01
   1.2078000e+01
   1.2076000e+01
   1.2071000e+01
   1.2072000e+01
   1.2063000e+01
   1.2058000e+01
   1.2060000e+01
   1.2062000e+01
   1.2058000e+01
   1.2056000e+01
   1.2056000e+01
   1.2052000e+01
   1.2055000e+01
   1.2051000e+01
   1.2058000e+01
   1.2057000e+01
   1.2062000e+01
   1.2059000e+01
   1.2061000e+01
   1.2064000e+01
   1.2075000e+01
   1.2083000e+01
   1.2079000e+01
   1.2082000e+01
   1.2076000e+01
   1.2077000e+01
   1.2070000e+01
   1.2069000e+01
   1.2065000e+01
   1.2060000e+01
   1.2059000e+01
   1.2051000e+01
   1.2052000e+01
   1.2045000e+01
   1.2047000e+01
   1.2044000e+01
   1.2047000e+01
   1.2048000e+01
   1.2047000e+01
   1.2041000e+01
   1.2039000e+01
   1.2047000e+01
   1.2037000e+01
   1.2044000e+01
   1.2052000e+01
   1.2068000e+01
   1.2075000e+01
   1.2077000e+01
   1.2082000e+01
   1.2090000e+01
   1.2106000e+01
   1.2108000e+01
   1.2115000e+01
   1.2114000e+01
   1.2118000e+01
   1.2110000e+01
   1.2104000e+01
   1.2103000e+01
   1.2096000e+01
   1.2095000e+01
   1.2086000e+01
   1.2085000e+01
   1.2075000e+01
   1.2077000e+01
   1.2078000e+01
   1.2085000e+01
   1.2088000e+01
   1.2083000e+01
   1.2082000e+01
   1.2073000e+01
   1.2068000e+01
   1.2067000e+01
   1.2075000e+01
   1.2069000e+01
   1.2065000e+01
   1.2063000e+01
   1.2057000e+01
   1.2054000e+01
   1.2047000e+01
   1.2058000e+01
   1.2062000e+01
   1.2069000e+01
   1.2065000e+01
   1.2064000e+01
   1.2062000e+01
   1.2053000e+01
   1.2048000e+01
   1.2038000e+01
   1.2039000e+01
   1.2036000e+01
   1.2047000e+01
   1.2059000e+01
   1.2078000e+01
   1.2088000e+01
   1.2089000e+01
   1.2090000e+01
   1.2083000e+01
   1.2079000e+01
   1.2066000e+01
   1.2075000e+01
   1.2072000e+01
   1.2073000e+01
   1.2069000e+01
   1.2064000e+01
   1.2059000e+01
   1.2047000e+01
   1.2041000e+01
   1.2031000e+01
   1.2034000e+01
   1.2038000e+01
   1.2055000e+01
   1.2066000e+01
   1.2073000e+01
   1.2075000e+01
   1.2070000e+01
   1.2068000e+01
   1.2061000e+01
   1.2063000e+01
   1.2058000e+01
   1.2061000e+01
   1.2058000e+01
   1.2055000e+01
   1.2043000e+01
   1.2043000e+01
   1.2042000e+01
   1.2032000e+01
   1.2034000e+01
   1.2030000e+01
   1.2038000e+01
   1.2045000e+01
   1.2057000e+01
   1.2067000e+01
   1.2072000e+01
   1.2076000e+01
   1.2071000e+01
   1.2071000e+01
   1.2063000e+01
   1.2064000e+01
   1.2059000e+01
   1.2058000e+01
   1.2054000e+01
   1.2051000e+01
   1.2051000e+01
   1.2045000e+01
   1.2048000e+01
   1.2036000e+01
   1.2043000e+01
   1.2048000e+01
   1.2056000e+01
   1.2062000e+01
   1.2066000e+01
   1.2070000e+01
   1.2066000e+01
   1.2067000e+01
   1.2062000e+01
   1.2066000e+01
   1.2063000e+01
   1.2065000e+01
   1.2061000e+01
   1.2059000e+01
   1.2057000e+01
   1.2051000e+01
   1.2053000e+01
   1.2046000e+01
   1.2051000e+01
   1.2049000e+01
   1.2056000e+01
   1.2060000e+01
   1.2058000e+01
   1.2068000e+01
   1.2066000e+01
   1.2069000e+01
   1.2062000e+01
   1.2064000e+01
   1.2057000e+01
   1.2058000e+01
   1.2053000e+01
   1.2054000e+01
   1.2054000e+01
   1.2050000e+01
   1.2050000e+01
   1.2043000e+01
   1.2046000e+01
   1.2042000e+01
   1.2050000e+01
   1.2053000e+01
   1.2060000e+01
   1.2065000e+01
   1.2066000e+01
   1.2069000e+01
   1.2059000e+01
   1.2059000e+01
   1.2057000e+01
   1.2059000e+01
   1.2055000e+01
   1.2054000e+01
   1.2050000e+01
   1.2045000e+01
   1.2045000e+01
   1.2039000e+01
   1.2045000e+01
   1.2043000e+01
   1.2050000e+01
   1.2050000e+01
   1.2057000e+01
   1.2059000e+01
   1.2059000e+01
   1.2062000e+01
   1.2057000e+01
   1.2060000e+01
   1.2055000e+01
   1.2058000e+01
   1.2053000e+01
   1.2050000e+01
   1.2042000e+01
   1.2046000e+01
   1.2048000e+01
   1.2045000e+01
   1.2049000e+01
   1.2043000e+01
   1.2048000e+01
   1.2044000e+01
   1.2047000e+01
   1.2046000e+01
   1.2048000e+01
   1.2049000e+01
   1.2046000e+01
   1.2049000e+01
   1.2044000e+01
   1.2047000e+01
   1.2043000e+01
   1.2046000e+01
   1.2044000e+01
   1.2046000e+01
   1.2046000e+01
   1.2044000e+01
   1.2048000e+01
   1.2043000e+01
   1.2049000e+01
   1.2043000e+01
   1.2047000e+01
   1.2044000e+01
   1.2046000e+01
   1.2047000e+01
   1.2046000e+01
   1.2049000e+01
   1.2046000e+01
   1.2050000e+01
   1.2044000e+01
   1.2050000e+01
   1.2047000e+01
   1.2048000e+01
   1.2040000e+01
   1.2045000e+01
   1.2049000e+01
   1.2046000e+01
   1.2050000e+01
   1.2046000e+01
   1.2050000e+01
   1.2045000e+01
   1.2046000e+01
   1.2046000e+01
   1.2047000e+01
   1.2050000e+01
   1.2047000e+01
   1.2052000e+01
   1.2047000e+01
   1.2052000e+01
   1.2049000e+01
   1.2052000e+01
   1.2050000e+01
   1.2050000e+01
   1.2052000e+01
   1.2049000e+01
   1.2053000e+01
   1.2049000e+01
   1.2053000e+01
   1.2048000e+01
   1.2047000e+01
   1.2040000e+01
   1.2035000e+01
   1.2034000e+01
   1.2030000e+01
   1.2033000e+01
   1.2027000e+01
   1.2032000e+01
   1.2029000e+01
   1.2032000e+01
   1.2024000e+01
   1.2027000e+01
   1.2033000e+01
   1.2032000e+01
   1.2037000e+01
   1.2033000e+01
   1.2037000e+01
   1.2033000e+01
   1.2034000e+01
   1.2031000e+01
   1.2033000e+01
   1.2035000e+01
   1.2034000e+01
   1.2036000e+01
   1.2032000e+01
   1.2036000e+01
   1.2033000e+01
   1.2039000e+01
   1.2038000e+01
   1.2041000e+01
   1.2041000e+01
   1.2040000e+01
   1.2042000e+01
   1.2038000e+01
   1.2042000e+01
   1.2037000e+01
   1.2040000e+01
   1.2035000e+01
   1.2037000e+01
   1.2036000e+01
   1.2034000e+01
   1.2034000e+01
   1.2030000e+01
   1.2035000e+01
   1.2030000e+01
   1.2031000e+01
   1.2019000e+01
   1.2029000e+01
   1.2028000e+01
   1.2027000e+01
   1.2029000e+01
   1.2025000e+01
   1.2026000e+01
   1.2020000e+01
   1.2022000e+01
   1.2019000e+01
   1.2027000e+01
   1.2031000e+01
   1.2033000e+01
   1.2037000e+01
   1.2035000e+01
   1.2041000e+01
   1.2038000e+01
   1.2042000e+01
   1.2038000e+01
   1.2041000e+01
   1.2039000e+01
   1.2039000e+01
   1.2039000e+01
   1.2037000e+01
   1.2041000e+01
   1.2037000e+01
   1.2041000e+01
   1.2038000e+01
   1.2041000e+01
   1.2040000e+01
   1.2041000e+01
   1.2043000e+01
   1.2036000e+01
   1.2033000e+01
   1.2036000e+01
   1.2038000e+01
   1.2033000e+01
   1.2035000e+01
   1.2031000e+01
   1.2031000e+01
   1.2031000e+01
   1.2030000e+01
   1.2037000e+01
   1.2037000e+01
   1.2043000e+01
   1.2040000e+01
   1.2043000e+01
   1.2041000e+01
   1.2042000e+01
   1.2041000e+01
   1.2040000e+01
   1.2041000e+01
   1.2038000e+01
   1.2042000e+01
   1.2037000e+01
   1.2043000e+01
   1.2041000e+01
   1.2043000e+01
   1.2042000e+01
   1.2041000e+01
   1.2042000e+01
   1.2038000e+01
   1.2043000e+01
   1.2039000e+01
   1.2039000e+01
   1.2030000e+01
   1.2040000e+01
   1.2040000e+01
   1.2039000e+01
   1.2041000e+01
   1.2038000e+01
   1.2040000e+01
   1.2033000e+01
   1.2037000e+01
   1.2035000e+01
   1.2040000e+01
   1.2039000e+01
   1.2040000e+01
   1.2042000e+01
   1.2039000e+01
   1.2043000e+01
   1.2038000e+01
   1.2043000e+01
   1.2039000e+01
   1.2043000e+01
   1.2041000e+01
   1.2041000e+01
   1.2042000e+01
   1.2039000e+01
   1.2042000e+01
   1.2038000e+01
   1.2043000e+01
   1.2039000e+01
   1.2042000e+01
   1.2032000e+01
   1.2037000e+01
   1.2042000e+01
   1.2039000e+01
   1.2043000e+01
   1.2038000e+01
   1.2042000e+01
   1.2035000e+01
   1.2037000e+01
   1.2035000e+01
   1.2039000e+01
   1.2041000e+01
   1.2041000e+01
   1.2042000e+01
   1.2038000e+01
   1.2043000e+01
   1.2038000e+01
   1.2042000e+01
   1.2040000e+01
   1.2041000e+01
   1.2041000e+01
   1.2040000e+01
   1.2041000e+01
   1.2037000e+01
   1.2043000e+01
   1.2038000e+01
   1.2039000e+01
   1.2030000e+01
   1.2039000e+01
   1.2039000e+01
   1.2037000e+01
   1.2041000e+01
   1.2036000e+01
   1.2039000e+01
   1.2033000e+01
   1.2036000e+01
   1.2034000e+01
