   6.5310000e+00
   6.5280000e+00
   6.5250000e+00
   6.5220000e+00
   6.5200000e+00
   6.5170000e+00
   6.5140000e+00
   6.5120000e+00
   6.5100000e+00
   6.5080000e+00
   6.5060000e+00
   6.5040000e+00
   6.5020000e+00
   6.5000000e+00
   6.4990000e+00
   6.4980000e+00
   6.4960000e+00
   6.4960000e+00
   6.4950000e+00
   6.4940000e+00
   6.4930000e+00
   6.4930000e+00
   6.4930000e+00
   6.4930000e+00
   6.4930000e+00
   6.4920000e+00
   6.4920000e+00
   6.4920000e+00
   6.4920000e+00
   6.4930000e+00
   6.4930000e+00
   6.4930000e+00
   6.4930000e+00
   6.4940000e+00
   6.4940000e+00
   6.4950000e+00
   6.4950000e+00
   6.4960000e+00
   6.4960000e+00
   6.4960000e+00
   6.4970000e+00
   6.4970000e+00
   6.4970000e+00
   6.4970000e+00
   6.4970000e+00
   6.4970000e+00
   6.4970000e+00
   6.4970000e+00
   6.4960000e+00
   6.4960000e+00
   6.4960000e+00
   6.4950000e+00
   6.4950000e+00
   6.4940000e+00
   6.4930000e+00
   6.4920000e+00
   6.4920000e+00
   6.4910000e+00
   6.4890000e+00
   6.4880000e+00
   6.4870000e+00
   6.4860000e+00
   6.4850000e+00
   6.4830000e+00
   6.4820000e+00
   6.4800000e+00
   6.4790000e+00
   6.4780000e+00
   6.4760000e+00
   6.4750000e+00
   6.4730000e+00
   6.4710000e+00
   6.4700000e+00
   6.4680000e+00
   6.4660000e+00
   6.4650000e+00
   6.4630000e+00
   6.4610000e+00
   6.4590000e+00
   6.4570000e+00
   6.4550000e+00
   6.4540000e+00
   6.4520000e+00
   6.4500000e+00
   6.4480000e+00
   6.4460000e+00
   6.4450000e+00
   6.4430000e+00
   6.4420000e+00
   6.4400000e+00
   6.4390000e+00
   6.4380000e+00
   6.4370000e+00
   6.4370000e+00
   6.4370000e+00
   6.4370000e+00
   6.4380000e+00
   6.4390000e+00
   6.4410000e+00
   6.4430000e+00
   6.4460000e+00
   6.4500000e+00
   6.4540000e+00
   6.4590000e+00
   6.4640000e+00
   6.4700000e+00
   6.4770000e+00
   6.4840000e+00
   6.4910000e+00
   6.4990000e+00
   6.5070000e+00
   6.5160000e+00
   6.5250000e+00
   6.5340000e+00
   6.5430000e+00
   6.5520000e+00
   6.5610000e+00
   6.5700000e+00
   6.5790000e+00
   6.5880000e+00
   6.5970000e+00
   6.6060000e+00
   6.6140000e+00
   6.6220000e+00
   6.6300000e+00
   6.6370000e+00
   6.6450000e+00
   6.6510000e+00
   6.6580000e+00
   6.6640000e+00
   6.6700000e+00
   6.6750000e+00
   6.6810000e+00
   6.6850000e+00
   6.6900000e+00
   6.6950000e+00
   6.6990000e+00
   6.7030000e+00
   6.7070000e+00
   6.7100000e+00
   6.7130000e+00
   6.7160000e+00
   6.7190000e+00
   6.7210000e+00
   6.7240000e+00
   6.7260000e+00
   6.7280000e+00
   6.7300000e+00
   6.7310000e+00
   6.7330000e+00
   6.7340000e+00
   6.7360000e+00
   6.7370000e+00
   6.7380000e+00
   6.7400000e+00
   6.7410000e+00
   6.7430000e+00
   6.7440000e+00
   6.7460000e+00
   6.7480000e+00
   6.7490000e+00
   6.7510000e+00
   6.7530000e+00
   6.7550000e+00
   6.7580000e+00
   6.7590000e+00
   6.7620000e+00
   6.7640000e+00
   6.7660000e+00
   6.7680000e+00
   6.7700000e+00
   6.7730000e+00
   6.7750000e+00
   6.7760000e+00
   6.7780000e+00
   6.7800000e+00
   6.7810000e+00
   6.7820000e+00
   6.7840000e+00
   6.7850000e+00
   6.7860000e+00
   6.7870000e+00
   6.7870000e+00
   6.7880000e+00
   6.7880000e+00
   6.7890000e+00
   6.7890000e+00
   6.7890000e+00
   6.7880000e+00
   6.7880000e+00
   6.7870000e+00
   6.7860000e+00
   6.7850000e+00
   6.7850000e+00
   6.7830000e+00
   6.7820000e+00
   6.7800000e+00
   6.7780000e+00
   6.7770000e+00
   6.7740000e+00
   6.7720000e+00
   6.7700000e+00
   6.7670000e+00
   6.7640000e+00
   6.7620000e+00
   6.7590000e+00
   6.7560000e+00
   6.7530000e+00
   6.7490000e+00
   6.7460000e+00
   6.7420000e+00
   6.7390000e+00
   6.7350000e+00
   6.7310000e+00
   6.7280000e+00
   6.7240000e+00
   6.7200000e+00
   6.7160000e+00
   6.7120000e+00
   6.7080000e+00
   6.7040000e+00
   6.7000000e+00
   6.6960000e+00
   6.6910000e+00
   6.6870000e+00
   6.6830000e+00
   6.6790000e+00
   6.6750000e+00
   6.6710000e+00
   6.6670000e+00
   6.6640000e+00
   6.6600000e+00
   6.6560000e+00
   6.6520000e+00
   6.6480000e+00
   6.6440000e+00
   6.6400000e+00
   6.6370000e+00
   6.6330000e+00
   6.6290000e+00
   6.6260000e+00
   6.6220000e+00
   6.6190000e+00
   6.6150000e+00
   6.6120000e+00
   6.6080000e+00
   6.6050000e+00
   6.6020000e+00
   6.5980000e+00
   6.5950000e+00
   6.5920000e+00
   6.5890000e+00
   6.5850000e+00
   6.5820000e+00
   6.5800000e+00
   6.5760000e+00
   6.5730000e+00
   6.5700000e+00
   6.5670000e+00
   6.5640000e+00
   6.5620000e+00
   6.5590000e+00
   6.5560000e+00
   6.5530000e+00
   6.5510000e+00
   6.5480000e+00
   6.5450000e+00
   6.5430000e+00
   6.5400000e+00
   6.5380000e+00
   6.5350000e+00
   6.5330000e+00
   6.5300000e+00
   6.5280000e+00
   6.5260000e+00
   6.5240000e+00
   6.5220000e+00
   6.5190000e+00
   6.5170000e+00
   6.5150000e+00
   6.5130000e+00
   6.5110000e+00
   6.5090000e+00
   6.5070000e+00
   6.5050000e+00
   6.5030000e+00
   6.5020000e+00
   6.5000000e+00
   6.4980000e+00
   6.4960000e+00
   6.4950000e+00
   6.4930000e+00
   6.4910000e+00
   6.4900000e+00
   6.4880000e+00
   6.4860000e+00
   6.4850000e+00
   6.4830000e+00
   6.4820000e+00
   6.4800000e+00
   6.4780000e+00
   6.4770000e+00
   6.4750000e+00
   6.4740000e+00
   6.4720000e+00
   6.4710000e+00
   6.4690000e+00
   6.4680000e+00
   6.4660000e+00
   6.4650000e+00
   6.4630000e+00
   6.4610000e+00
   6.4600000e+00
   6.4580000e+00
   6.4570000e+00
   6.4550000e+00
   6.4540000e+00
   6.4520000e+00
   6.4510000e+00
   6.4490000e+00
   6.4470000e+00
   6.4460000e+00
   6.4440000e+00
   6.4430000e+00
   6.4410000e+00
   6.4400000e+00
   6.4380000e+00
   6.4370000e+00
   6.4350000e+00
   6.4340000e+00
   6.4320000e+00
   6.4310000e+00
   6.4290000e+00
   6.4280000e+00
   6.4260000e+00
   6.4250000e+00
   6.4230000e+00
   6.4220000e+00
   6.4210000e+00
   6.4200000e+00
   6.4180000e+00
   6.4170000e+00
   6.4160000e+00
   6.4150000e+00
   6.4140000e+00
   6.4130000e+00
   6.4120000e+00
   6.4110000e+00
   6.4100000e+00
   6.4090000e+00
   6.4080000e+00
   6.4080000e+00
   6.4070000e+00
   6.4070000e+00
   6.4060000e+00
   6.4060000e+00
   6.4060000e+00
   6.4060000e+00
   6.4060000e+00
   6.4060000e+00
   6.4060000e+00
   6.4060000e+00
   6.4060000e+00
   6.4070000e+00
   6.4070000e+00
   6.4080000e+00
   6.4080000e+00
   6.4080000e+00
   6.4090000e+00
   6.4090000e+00
   6.4100000e+00
   6.4100000e+00
   6.4100000e+00
   6.4110000e+00
   6.4110000e+00
   6.4110000e+00
   6.4120000e+00
   6.4120000e+00
   6.4120000e+00
   6.4120000e+00
   6.4120000e+00
   6.4130000e+00
   6.4130000e+00
   6.4130000e+00
   6.4130000e+00
   6.4130000e+00
   6.4130000e+00
   6.4120000e+00
   6.4130000e+00
   6.4120000e+00
   6.4120000e+00
   6.4120000e+00
   6.4110000e+00
   6.4110000e+00
   6.4100000e+00
   6.4100000e+00
   6.4090000e+00
   6.4090000e+00
   6.4080000e+00
   6.4070000e+00
   6.4070000e+00
   6.4060000e+00
   6.4050000e+00
   6.4040000e+00
   6.4030000e+00
   6.4020000e+00
   6.4010000e+00
   6.4000000e+00
   6.3990000e+00
   6.3980000e+00
   6.3960000e+00
   6.3950000e+00
   6.3940000e+00
   6.3930000e+00
   6.3920000e+00
   6.3910000e+00
   6.3890000e+00
   6.3880000e+00
   6.3870000e+00
   6.3860000e+00
   6.3850000e+00
   6.3840000e+00
   6.3830000e+00
   6.3820000e+00
   6.3810000e+00
   6.3800000e+00
   6.3790000e+00
   6.3790000e+00
   6.3780000e+00
   6.3780000e+00
   6.3780000e+00
   6.3780000e+00
   6.3770000e+00
   6.3780000e+00
   6.3780000e+00
   6.3780000e+00
   6.3790000e+00
   6.3800000e+00
   6.3810000e+00
   6.3830000e+00
   6.3840000e+00
   6.3860000e+00
   6.3880000e+00
   6.3900000e+00
   6.3920000e+00
   6.3950000e+00
   6.3970000e+00
   6.4000000e+00
   6.4030000e+00
   6.4060000e+00
   6.4090000e+00
   6.4110000e+00
   6.4140000e+00
   6.4180000e+00
   6.4210000e+00
   6.4240000e+00
   6.4270000e+00
   6.4300000e+00
   6.4330000e+00
   6.4360000e+00
   6.4390000e+00
   6.4420000e+00
   6.4450000e+00
   6.4470000e+00
   6.4500000e+00
   6.4520000e+00
   6.4540000e+00
   6.4570000e+00
   6.4590000e+00
   6.4610000e+00
   6.4630000e+00
   6.4640000e+00
   6.4660000e+00
   6.4670000e+00
   6.4680000e+00
   6.4700000e+00
   6.4710000e+00
   6.4720000e+00
   6.4720000e+00
   6.4730000e+00
   6.4730000e+00
   6.4730000e+00
   6.4740000e+00
   6.4730000e+00
   6.4730000e+00
   6.4730000e+00
   6.4720000e+00
   6.4720000e+00
   6.4710000e+00
   6.4700000e+00
   6.4690000e+00
   6.4680000e+00
   6.4670000e+00
   6.4650000e+00
   6.4640000e+00
   6.4620000e+00
   6.4610000e+00
   6.4590000e+00
   6.4570000e+00
   6.4550000e+00
   6.4530000e+00
   6.4520000e+00
   6.4490000e+00
   6.4470000e+00
   6.4450000e+00
   6.4430000e+00
   6.4410000e+00
   6.4380000e+00
   6.4360000e+00
   6.4340000e+00
   6.4320000e+00
   6.4290000e+00
   6.4270000e+00
   6.4240000e+00
   6.4220000e+00
   6.4200000e+00
   6.4170000e+00
   6.4150000e+00
   6.4130000e+00
   6.4100000e+00
   6.4080000e+00
   6.4060000e+00
   6.4030000e+00
   6.4010000e+00
   6.3990000e+00
   6.3970000e+00
   6.3940000e+00
   6.3920000e+00
   6.3900000e+00
   6.3880000e+00
   6.3850000e+00
   6.3830000e+00
   6.3810000e+00
   6.3790000e+00
   6.3770000e+00
   6.3750000e+00
   6.3730000e+00
   6.3710000e+00
   6.3690000e+00
   6.3670000e+00
   6.3650000e+00
   6.3630000e+00
   6.3610000e+00
   6.3590000e+00
   6.3580000e+00
   6.3560000e+00
   6.3540000e+00
   6.3520000e+00
   6.3500000e+00
   6.3490000e+00
   6.3470000e+00
   6.3450000e+00
   6.3440000e+00
   6.3420000e+00
   6.3400000e+00
   6.3380000e+00
   6.3370000e+00
   6.3350000e+00
   6.3330000e+00
   6.3320000e+00
   6.3300000e+00
   6.3290000e+00
   6.3270000e+00
   6.3250000e+00
   6.3240000e+00
   6.3220000e+00
   6.3210000e+00
   6.3190000e+00
   6.3180000e+00
   6.3160000e+00
   6.3140000e+00
   6.3130000e+00
   6.3120000e+00
   6.3100000e+00
   6.3090000e+00
   6.3070000e+00
   6.3050000e+00
   6.3040000e+00
   6.3030000e+00
   6.3010000e+00
   6.3000000e+00
   6.2990000e+00
   6.2970000e+00
   6.2960000e+00
   6.2940000e+00
   6.2930000e+00
   6.2920000e+00
   6.2900000e+00
   6.2890000e+00
   6.2870000e+00
   6.2860000e+00
   6.2850000e+00
   6.2830000e+00
   6.2820000e+00
   6.2800000e+00
   6.2790000e+00
   6.2780000e+00
   6.2760000e+00
   6.2750000e+00
   6.2740000e+00
   6.2730000e+00
   6.2710000e+00
   6.2700000e+00
   6.2690000e+00
   6.2670000e+00
   6.2660000e+00
   6.2650000e+00
   6.2640000e+00
   6.2620000e+00
   6.2610000e+00
   6.2600000e+00
   6.2590000e+00
   6.2580000e+00
   6.2560000e+00
   6.2550000e+00
   6.2540000e+00
   6.2530000e+00
   6.2520000e+00
   6.2510000e+00
   6.2500000e+00
   6.2490000e+00
   6.2480000e+00
   6.2470000e+00
   6.2460000e+00
   6.2450000e+00
   6.2440000e+00
   6.2430000e+00
   6.2420000e+00
   6.2410000e+00
   6.2400000e+00
   6.2390000e+00
   6.2380000e+00
   6.2370000e+00
   6.2360000e+00
   6.2350000e+00
   6.2340000e+00
   6.2330000e+00
   6.2320000e+00
   6.2310000e+00
   6.2300000e+00
   6.2290000e+00
   6.2280000e+00
   6.2270000e+00
   6.2260000e+00
   6.2250000e+00
   6.2240000e+00
   6.2230000e+00
   6.2220000e+00
   6.2210000e+00
   6.2200000e+00
   6.2190000e+00
   6.2170000e+00
   6.2170000e+00
   6.2160000e+00
   6.2150000e+00
   6.2140000e+00
   6.2120000e+00
   6.2120000e+00
   6.2110000e+00
   6.2100000e+00
   6.2090000e+00
   6.2080000e+00
   6.2070000e+00
   6.2050000e+00
   6.2040000e+00
   6.2030000e+00
   6.2020000e+00
   6.2010000e+00
   6.2000000e+00
   6.1990000e+00
   6.1980000e+00
   6.1970000e+00
   6.1960000e+00
   6.1950000e+00
   6.1940000e+00
   6.1930000e+00
   6.1930000e+00
   6.1920000e+00
   6.1910000e+00
   6.1900000e+00
   6.1900000e+00
   6.1890000e+00
   6.1890000e+00
   6.1890000e+00
   6.1880000e+00
   6.1880000e+00
   6.1880000e+00
   6.1880000e+00
   6.1880000e+00
   6.1890000e+00
   6.1890000e+00
   6.1890000e+00
   6.1900000e+00
   6.1910000e+00
   6.1910000e+00
   6.1920000e+00
   6.1930000e+00
   6.1950000e+00
   6.1960000e+00
   6.1980000e+00
   6.1990000e+00
   6.2010000e+00
   6.2030000e+00
   6.2050000e+00
   6.2070000e+00
   6.2100000e+00
   6.2120000e+00
   6.2150000e+00
   6.2180000e+00
   6.2210000e+00
   6.2240000e+00
   6.2270000e+00
   6.2290000e+00
   6.2320000e+00
   6.2350000e+00
   6.2380000e+00
   6.2410000e+00
   6.2440000e+00
   6.2470000e+00
   6.2500000e+00
   6.2530000e+00
   6.2560000e+00
   6.2590000e+00
   6.2630000e+00
   6.2660000e+00
   6.2700000e+00
   6.2740000e+00
   6.2780000e+00
   6.2820000e+00
   6.2870000e+00
   6.2910000e+00
   6.2960000e+00
   6.3010000e+00
   6.3070000e+00
   6.3120000e+00
   6.3180000e+00
   6.3240000e+00
   6.3300000e+00
   6.3360000e+00
   6.3420000e+00
   6.3480000e+00
   6.3540000e+00
   6.3610000e+00
   6.3670000e+00
   6.3730000e+00
   6.3790000e+00
   6.3860000e+00
   6.3910000e+00
   6.3970000e+00
   6.4030000e+00
   6.4090000e+00
   6.4140000e+00
   6.4190000e+00
   6.4240000e+00
   6.4290000e+00
   6.4340000e+00
   6.4380000e+00
   6.4430000e+00
   6.4470000e+00
   6.4510000e+00
   6.4540000e+00
   6.4580000e+00
   6.4610000e+00
   6.4640000e+00
   6.4670000e+00
   6.4690000e+00
   6.4720000e+00
   6.4740000e+00
   6.4760000e+00
   6.4780000e+00
   6.4800000e+00
   6.4810000e+00
   6.4830000e+00
   6.4830000e+00
   6.4840000e+00
   6.4850000e+00
   6.4850000e+00
   6.4860000e+00
   6.4860000e+00
   6.4860000e+00
   6.4860000e+00
   6.4850000e+00
   6.4850000e+00
   6.4840000e+00
   6.4830000e+00
   6.4820000e+00
   6.4810000e+00
   6.4800000e+00
   6.4790000e+00
   6.4770000e+00
   6.4760000e+00
   6.4740000e+00
   6.4720000e+00
   6.4700000e+00
   6.4680000e+00
   6.4660000e+00
   6.4640000e+00
   6.4610000e+00
   6.4590000e+00
   6.4570000e+00
   6.4540000e+00
   6.4520000e+00
   6.4490000e+00
   6.4470000e+00
   6.4440000e+00
   6.4410000e+00
   6.4390000e+00
   6.4360000e+00
   6.4340000e+00
   6.4310000e+00
   6.4280000e+00
   6.4260000e+00
   6.4230000e+00
   6.4200000e+00
   6.4180000e+00
   6.4150000e+00
   6.4130000e+00
   6.4100000e+00
   6.4070000e+00
   6.4050000e+00
   6.4020000e+00
   6.3990000e+00
   6.3970000e+00
   6.3940000e+00
   6.3920000e+00
   6.3890000e+00
   6.3870000e+00
   6.3840000e+00
   6.3820000e+00
   6.3790000e+00
   6.3770000e+00
   6.3740000e+00
   6.3720000e+00
   6.3700000e+00
   6.3670000e+00
   6.3650000e+00
   6.3630000e+00
   6.3610000e+00
   6.3590000e+00
   6.3560000e+00
   6.3540000e+00
   6.3520000e+00
   6.3500000e+00
   6.3480000e+00
   6.3460000e+00
   6.3440000e+00
   6.3420000e+00
   6.3400000e+00
   6.3370000e+00
   6.3350000e+00
   6.3330000e+00
   6.3310000e+00
   6.3300000e+00
   6.3270000e+00
   6.3250000e+00
   6.3240000e+00
   6.3220000e+00
   6.3200000e+00
   6.3180000e+00
   6.3170000e+00
   6.3150000e+00
   6.3130000e+00
   6.3110000e+00
   6.3090000e+00
   6.3070000e+00
   6.3060000e+00
   6.3040000e+00
   6.3020000e+00
   6.3010000e+00
   6.2990000e+00
   6.2970000e+00
   6.2960000e+00
   6.2940000e+00
   6.2920000e+00
   6.2910000e+00
   6.2890000e+00
   6.2880000e+00
   6.2860000e+00
   6.2850000e+00
   6.2830000e+00
   6.2820000e+00
   6.2800000e+00
   6.2790000e+00
   6.2770000e+00
   6.2760000e+00
   6.2740000e+00
   6.2730000e+00
   6.2710000e+00
   6.2700000e+00
   6.2680000e+00
   6.2670000e+00
   6.2660000e+00
   6.2640000e+00
   6.2630000e+00
   6.2620000e+00
   6.2600000e+00
   6.2590000e+00
   6.2580000e+00
   6.2560000e+00
   6.2550000e+00
   6.2540000e+00
   6.2530000e+00
   6.2510000e+00
   6.2500000e+00
   6.2490000e+00
   6.2480000e+00
   6.2460000e+00
   6.2450000e+00
   6.2440000e+00
   6.2430000e+00
   6.2410000e+00
   6.2400000e+00
   6.2390000e+00
   6.2380000e+00
   6.2360000e+00
   6.2350000e+00
   6.2340000e+00
   6.2330000e+00
   6.2320000e+00
   6.2310000e+00
   6.2300000e+00
   6.2280000e+00
   6.2270000e+00
   6.2260000e+00
   6.2250000e+00
   6.2240000e+00
   6.2230000e+00
   6.2220000e+00
   6.2200000e+00
   6.2190000e+00
   6.2180000e+00
   6.2170000e+00
   6.2160000e+00
   6.2150000e+00
   6.2140000e+00
   6.2130000e+00
   6.2120000e+00
   6.2110000e+00
   6.2100000e+00
   6.2090000e+00
   6.2090000e+00
   6.2080000e+00
   6.2080000e+00
   6.2080000e+00
   6.2070000e+00
   6.2080000e+00
   6.2090000e+00
   6.2090000e+00
   6.2110000e+00
   6.2130000e+00
   6.2150000e+00
   6.2170000e+00
   6.2200000e+00
   6.2240000e+00
   6.2280000e+00
   6.2320000e+00
   6.2370000e+00
   6.2420000e+00
   6.2470000e+00
   6.2530000e+00
   6.2590000e+00
   6.2650000e+00
   6.2720000e+00
   6.2780000e+00
   6.2850000e+00
   6.2920000e+00
   6.2990000e+00
   6.3060000e+00
   6.3130000e+00
   6.3200000e+00
   6.3270000e+00
   6.3340000e+00
   6.3400000e+00
   6.3470000e+00
   6.3540000e+00
   6.3600000e+00
   6.3660000e+00
   6.3720000e+00
   6.3780000e+00
   6.3840000e+00
   6.3890000e+00
   6.3940000e+00
   6.4000000e+00
   6.4040000e+00
   6.4090000e+00
   6.4130000e+00
   6.4180000e+00
   6.4210000e+00
   6.4250000e+00
   6.4280000e+00
   6.4320000e+00
   6.4340000e+00
   6.4370000e+00
   6.4390000e+00
   6.4410000e+00
   6.4440000e+00
   6.4450000e+00
   6.4460000e+00
   6.4480000e+00
   6.4490000e+00
   6.4490000e+00
   6.4500000e+00
   6.4500000e+00
   6.4500000e+00
   6.4500000e+00
   6.4500000e+00
   6.4500000e+00
   6.4490000e+00
   6.4480000e+00
   6.4470000e+00
   6.4460000e+00
   6.4450000e+00
   6.4430000e+00
   6.4420000e+00
   6.4400000e+00
   6.4380000e+00
   6.4360000e+00
   6.4340000e+00
   6.4320000e+00
   6.4300000e+00
   6.4280000e+00
   6.4260000e+00
   6.4230000e+00
   6.4210000e+00
   6.4180000e+00
   6.4160000e+00
   6.4140000e+00
   6.4110000e+00
   6.4090000e+00
   6.4060000e+00
   6.4040000e+00
   6.4010000e+00
   6.3990000e+00
   6.3960000e+00
   6.3930000e+00
   6.3910000e+00
   6.3880000e+00
   6.3860000e+00
   6.3830000e+00
   6.3810000e+00
   6.3780000e+00
   6.3750000e+00
   6.3730000e+00
   6.3700000e+00
   6.3680000e+00
   6.3650000e+00
   6.3630000e+00
   6.3600000e+00
   6.3580000e+00
   6.3550000e+00
   6.3530000e+00
   6.3510000e+00
   6.3480000e+00
   6.3460000e+00
   6.3440000e+00
   6.3410000e+00
   6.3390000e+00
   6.3370000e+00
   6.3350000e+00
   6.3330000e+00
   6.3310000e+00
   6.3290000e+00
   6.3260000e+00
   6.3240000e+00
   6.3220000e+00
   6.3200000e+00
   6.3180000e+00
   6.3160000e+00
   6.3140000e+00
   6.3120000e+00
   6.3110000e+00
   6.3090000e+00
   6.3070000e+00
   6.3050000e+00
   6.3030000e+00
   6.3010000e+00
   6.3000000e+00
   6.2980000e+00
   6.2960000e+00
   6.2950000e+00
   6.2930000e+00
   6.2910000e+00
   6.2890000e+00
   6.2880000e+00
   6.2860000e+00
   6.2840000e+00
   6.2830000e+00
   6.2810000e+00
   6.2800000e+00
   6.2780000e+00
   6.2770000e+00
   6.2750000e+00
   6.2730000e+00
   6.2720000e+00
   6.2700000e+00
   6.2690000e+00
   6.2670000e+00
   6.2660000e+00
   6.2640000e+00
   6.2630000e+00
   6.2620000e+00
   6.2600000e+00
   6.2590000e+00
   6.2570000e+00
   6.2560000e+00
   6.2550000e+00
   6.2530000e+00
   6.2520000e+00
   6.2510000e+00
   6.2490000e+00
   6.2480000e+00
   6.2470000e+00
   6.2460000e+00
   6.2440000e+00
   6.2430000e+00
   6.2420000e+00
   6.2400000e+00
   6.2390000e+00
   6.2380000e+00
   6.2360000e+00
   6.2350000e+00
   6.2340000e+00
   6.2330000e+00
   6.2310000e+00
   6.2300000e+00
   6.2290000e+00
   6.2280000e+00
   6.2270000e+00
   6.2250000e+00
   6.2240000e+00
   6.2230000e+00
   6.2220000e+00
   6.2210000e+00
   6.2200000e+00
   6.2190000e+00
   6.2170000e+00
   6.2160000e+00
   6.2150000e+00
   6.2140000e+00
   6.2130000e+00
   6.2120000e+00
   6.2110000e+00
   6.2100000e+00
   6.2090000e+00
   6.2080000e+00
   6.2070000e+00
   6.2060000e+00
   6.2050000e+00
   6.2040000e+00
   6.2030000e+00
   6.2020000e+00
   6.2010000e+00
   6.2000000e+00
   6.1990000e+00
   6.1980000e+00
   6.1970000e+00
   6.1960000e+00
   6.1950000e+00
   6.1940000e+00
   6.1930000e+00
   6.1920000e+00
   6.1910000e+00
   6.1900000e+00
   6.1890000e+00
   6.1880000e+00
   6.1880000e+00
   6.1870000e+00
   6.1860000e+00
   6.1850000e+00
   6.1840000e+00
   6.1830000e+00
   6.1820000e+00
   6.1810000e+00
   6.1800000e+00
   6.1790000e+00
   6.1780000e+00
   6.1770000e+00
   6.1770000e+00
   6.1750000e+00
   6.1750000e+00
   6.1740000e+00
   6.1730000e+00
   6.1720000e+00
   6.1710000e+00
   6.1690000e+00
   6.1680000e+00
   6.1680000e+00
   6.1670000e+00
   6.1650000e+00
   6.1650000e+00
   6.1640000e+00
   6.1630000e+00
   6.1620000e+00
   6.1610000e+00
   6.1600000e+00
   6.1590000e+00
   6.1580000e+00
   6.1560000e+00
   6.1560000e+00
   6.1540000e+00
   6.1530000e+00
   6.1520000e+00
   6.1510000e+00
   6.1500000e+00
   6.1490000e+00
   6.1480000e+00
   6.1470000e+00
   6.1460000e+00
   6.1450000e+00
   6.1440000e+00
   6.1430000e+00
   6.1420000e+00
   6.1410000e+00
   6.1400000e+00
   6.1390000e+00
   6.1380000e+00
   6.1370000e+00
   6.1360000e+00
   6.1350000e+00
   6.1330000e+00
   6.1330000e+00
   6.1310000e+00
   6.1300000e+00
   6.1290000e+00
   6.1280000e+00
   6.1270000e+00
   6.1260000e+00
   6.1250000e+00
   6.1240000e+00
   6.1230000e+00
   6.1220000e+00
   6.1210000e+00
   6.1200000e+00
   6.1190000e+00
   6.1180000e+00
   6.1170000e+00
   6.1160000e+00
   6.1140000e+00
   6.1130000e+00
   6.1120000e+00
   6.1110000e+00
   6.1100000e+00
   6.1090000e+00
   6.1080000e+00
   6.1070000e+00
   6.1060000e+00
   6.1050000e+00
   6.1040000e+00
   6.1030000e+00
   6.1020000e+00
   6.1000000e+00
   6.1000000e+00
   6.0990000e+00
   6.0980000e+00
   6.0970000e+00
   6.0950000e+00
   6.0950000e+00
   6.0930000e+00
   6.0920000e+00
   6.0910000e+00
   6.0900000e+00
   6.0890000e+00
   6.0880000e+00
   6.0870000e+00
   6.0860000e+00
   6.0850000e+00
   6.0840000e+00
   6.0830000e+00
   6.0820000e+00
   6.0810000e+00
   6.0800000e+00
   6.0790000e+00
   6.0780000e+00
   6.0760000e+00
   6.0760000e+00
   6.0740000e+00
   6.0730000e+00
   6.0720000e+00
   6.0710000e+00
   6.0700000e+00
   6.0690000e+00
   6.0680000e+00
   6.0670000e+00
   6.0670000e+00
   6.0660000e+00
   6.0650000e+00
   6.0630000e+00
   6.0630000e+00
   6.0620000e+00
   6.0610000e+00
   6.0600000e+00
   6.0590000e+00
   6.0580000e+00
   6.0570000e+00
   6.0570000e+00
   6.0560000e+00
   6.0550000e+00
   6.0550000e+00
   6.0550000e+00
   6.0550000e+00
   6.0560000e+00
   6.0560000e+00
   6.0580000e+00
   6.0590000e+00
   6.0610000e+00
   6.0640000e+00
   6.0660000e+00
   6.0700000e+00
   6.0740000e+00
   6.0780000e+00
   6.0830000e+00
   6.0880000e+00
   6.0940000e+00
   6.1000000e+00
   6.1070000e+00
   6.1140000e+00
   6.1210000e+00
   6.1290000e+00
   6.1370000e+00
   6.1450000e+00
   6.1540000e+00
   6.1620000e+00
   6.1710000e+00
   6.1800000e+00
   6.1890000e+00
   6.1990000e+00
   6.2080000e+00
   6.2180000e+00
   6.2270000e+00
   6.2370000e+00
   6.2460000e+00
   6.2560000e+00
   6.2650000e+00
   6.2750000e+00
   6.2840000e+00
   6.2930000e+00
   6.3010000e+00
   6.3100000e+00
   6.3180000e+00
   6.3260000e+00
   6.3340000e+00
   6.3410000e+00
   6.3480000e+00
   6.3550000e+00
   6.3620000e+00
   6.3680000e+00
   6.3740000e+00
   6.3790000e+00
   6.3850000e+00
   6.3900000e+00
   6.3950000e+00
   6.3990000e+00
   6.4030000e+00
   6.4070000e+00
   6.4110000e+00
   6.4140000e+00
   6.4170000e+00
   6.4190000e+00
   6.4220000e+00
   6.4240000e+00
   6.4250000e+00
   6.4270000e+00
   6.4280000e+00
   6.4290000e+00
   6.4300000e+00
   6.4300000e+00
   6.4300000e+00
   6.4300000e+00
   6.4300000e+00
   6.4290000e+00
   6.4280000e+00
   6.4270000e+00
   6.4260000e+00
   6.4250000e+00
   6.4240000e+00
   6.4220000e+00
   6.4200000e+00
   6.4180000e+00
   6.4160000e+00
   6.4140000e+00
   6.4120000e+00
   6.4090000e+00
   6.4070000e+00
   6.4050000e+00
   6.4020000e+00
   6.3990000e+00
   6.3970000e+00
   6.3940000e+00
   6.3910000e+00
   6.3880000e+00
   6.3850000e+00
   6.3820000e+00
   6.3790000e+00
   6.3760000e+00
   6.3730000e+00
   6.3700000e+00
   6.3670000e+00
   6.3640000e+00
   6.3610000e+00
   6.3580000e+00
   6.3550000e+00
   6.3520000e+00
   6.3490000e+00
   6.3460000e+00
   6.3420000e+00
   6.3390000e+00
   6.3360000e+00
   6.3330000e+00
   6.3300000e+00
   6.3270000e+00
   6.3250000e+00
   6.3210000e+00
   6.3190000e+00
   6.3160000e+00
   6.3130000e+00
   6.3100000e+00
   6.3070000e+00
   6.3040000e+00
   6.3020000e+00
   6.2990000e+00
   6.2960000e+00
   6.2930000e+00
   6.2910000e+00
   6.2880000e+00
   6.2850000e+00
   6.2830000e+00
   6.2800000e+00
   6.2780000e+00
   6.2750000e+00
   6.2730000e+00
   6.2700000e+00
   6.2680000e+00
   6.2650000e+00
   6.2630000e+00
   6.2610000e+00
   6.2580000e+00
   6.2560000e+00
   6.2540000e+00
   6.2520000e+00
   6.2490000e+00
   6.2470000e+00
   6.2450000e+00
   6.2430000e+00
   6.2410000e+00
   6.2390000e+00
   6.2370000e+00
   6.2350000e+00
   6.2330000e+00
   6.2310000e+00
   6.2290000e+00
   6.2270000e+00
   6.2250000e+00
   6.2230000e+00
   6.2220000e+00
   6.2200000e+00
   6.2180000e+00
   6.2160000e+00
   6.2150000e+00
   6.2130000e+00
   6.2110000e+00
   6.2100000e+00
   6.2080000e+00
   6.2060000e+00
   6.2040000e+00
   6.2030000e+00
   6.2010000e+00
   6.2000000e+00
   6.1990000e+00
   6.1970000e+00
   6.1960000e+00
   6.1940000e+00
   6.1930000e+00
   6.1910000e+00
   6.1900000e+00
   6.1890000e+00
   6.1870000e+00
   6.1860000e+00
   6.1850000e+00
   6.1840000e+00
   6.1830000e+00
   6.1810000e+00
   6.1800000e+00
   6.1790000e+00
   6.1780000e+00
   6.1770000e+00
   6.1760000e+00
   6.1750000e+00
   6.1740000e+00
   6.1720000e+00
   6.1710000e+00
   6.1700000e+00
   6.1690000e+00
   6.1680000e+00
   6.1670000e+00
   6.1660000e+00
   6.1650000e+00
   6.1640000e+00
   6.1630000e+00
   6.1620000e+00
   6.1610000e+00
   6.1600000e+00
   6.1590000e+00
   6.1580000e+00
   6.1570000e+00
   6.1560000e+00
   6.1550000e+00
   6.1540000e+00
   6.1530000e+00
   6.1520000e+00
   6.1510000e+00
   6.1500000e+00
   6.1480000e+00
   6.1470000e+00
   6.1460000e+00
   6.1450000e+00
   6.1440000e+00
   6.1430000e+00
   6.1420000e+00
   6.1410000e+00
   6.1400000e+00
   6.1390000e+00
   6.1380000e+00
   6.1370000e+00
   6.1360000e+00
   6.1350000e+00
   6.1340000e+00
   6.1340000e+00
   6.1320000e+00
   6.1320000e+00
   6.1300000e+00
   6.1290000e+00
   6.1290000e+00
   6.1280000e+00
   6.1270000e+00
   6.1260000e+00
   6.1250000e+00
   6.1240000e+00
   6.1230000e+00
   6.1220000e+00
   6.1210000e+00
   6.1210000e+00
   6.1200000e+00
   6.1190000e+00
   6.1190000e+00
   6.1190000e+00
   6.1190000e+00
   6.1190000e+00
   6.1190000e+00
   6.1190000e+00
   6.1200000e+00
   6.1210000e+00
   6.1220000e+00
   6.1230000e+00
   6.1250000e+00
   6.1270000e+00
   6.1290000e+00
   6.1320000e+00
   6.1340000e+00
   6.1370000e+00
   6.1400000e+00
   6.1440000e+00
   6.1470000e+00
   6.1510000e+00
   6.1550000e+00
   6.1590000e+00
   6.1630000e+00
   6.1680000e+00
   6.1720000e+00
   6.1760000e+00
   6.1810000e+00
   6.1860000e+00
   6.1900000e+00
   6.1950000e+00
   6.2000000e+00
   6.2040000e+00
   6.2090000e+00
   6.2130000e+00
   6.2180000e+00
   6.2220000e+00
   6.2270000e+00
   6.2310000e+00
   6.2360000e+00
   6.2400000e+00
   6.2440000e+00
   6.2480000e+00
   6.2520000e+00
   6.2550000e+00
   6.2590000e+00
   6.2620000e+00
   6.2650000e+00
   6.2690000e+00
   6.2720000e+00
   6.2750000e+00
   6.2780000e+00
   6.2800000e+00
   6.2830000e+00
   6.2850000e+00
   6.2880000e+00
   6.2900000e+00
   6.2920000e+00
   6.2940000e+00
   6.2960000e+00
   6.2970000e+00
   6.2990000e+00
   6.3010000e+00
   6.3020000e+00
   6.3030000e+00
   6.3040000e+00
   6.3050000e+00
   6.3060000e+00
   6.3070000e+00
   6.3070000e+00
   6.3080000e+00
   6.3080000e+00
   6.3090000e+00
   6.3090000e+00
   6.3090000e+00
   6.3090000e+00
   6.3090000e+00
   6.3100000e+00
   6.3100000e+00
   6.3100000e+00
   6.3100000e+00
   6.3100000e+00
   6.3110000e+00
   6.3110000e+00
   6.3120000e+00
   6.3120000e+00
   6.3130000e+00
   6.3130000e+00
   6.3140000e+00
   6.3150000e+00
   6.3160000e+00
   6.3170000e+00
   6.3180000e+00
   6.3190000e+00
   6.3200000e+00
   6.3210000e+00
   6.3220000e+00
   6.3230000e+00
   6.3240000e+00
   6.3250000e+00
   6.3260000e+00
   6.3270000e+00
   6.3280000e+00
   6.3290000e+00
   6.3300000e+00
   6.3310000e+00
   6.3310000e+00
   6.3320000e+00
   6.3320000e+00
   6.3330000e+00
   6.3330000e+00
   6.3340000e+00
   6.3340000e+00
   6.3340000e+00
   6.3340000e+00
   6.3340000e+00
   6.3340000e+00
   6.3340000e+00
   6.3340000e+00
   6.3340000e+00
   6.3330000e+00
   6.3330000e+00
   6.3320000e+00
   6.3310000e+00
   6.3300000e+00
   6.3290000e+00
   6.3280000e+00
   6.3270000e+00
   6.3260000e+00
   6.3240000e+00
   6.3230000e+00
   6.3210000e+00
   6.3190000e+00
   6.3180000e+00
   6.3160000e+00
   6.3140000e+00
   6.3120000e+00
   6.3100000e+00
   6.3070000e+00
   6.3050000e+00
   6.3030000e+00
   6.3010000e+00
   6.2990000e+00
   6.2960000e+00
   6.2940000e+00
   6.2920000e+00
   6.2890000e+00
   6.2860000e+00
   6.2840000e+00
   6.2820000e+00
   6.2790000e+00
   6.2760000e+00
   6.2740000e+00
   6.2710000e+00
   6.2680000e+00
   6.2660000e+00
   6.2630000e+00
   6.2610000e+00
   6.2580000e+00
   6.2550000e+00
   6.2530000e+00
   6.2500000e+00
   6.2470000e+00
   6.2450000e+00
   6.2420000e+00
   6.2400000e+00
   6.2370000e+00
   6.2340000e+00
   6.2320000e+00
   6.2300000e+00
   6.2270000e+00
   6.2240000e+00
   6.2220000e+00
   6.2200000e+00
   6.2170000e+00
   6.2150000e+00
   6.2120000e+00
   6.2100000e+00
   6.2080000e+00
   6.2050000e+00
   6.2030000e+00
   6.2010000e+00
   6.1990000e+00
   6.1960000e+00
   6.1940000e+00
   6.1920000e+00
   6.1900000e+00
   6.1870000e+00
   6.1850000e+00
   6.1830000e+00
   6.1820000e+00
   6.1790000e+00
   6.1770000e+00
   6.1750000e+00
   6.1730000e+00
   6.1710000e+00
   6.1700000e+00
   6.1680000e+00
   6.1660000e+00
   6.1640000e+00
   6.1620000e+00
   6.1600000e+00
   6.1590000e+00
   6.1570000e+00
   6.1550000e+00
   6.1540000e+00
   6.1520000e+00
   6.1510000e+00
   6.1490000e+00
   6.1480000e+00
   6.1460000e+00
   6.1450000e+00
   6.1440000e+00
   6.1420000e+00
   6.1410000e+00
   6.1400000e+00
   6.1390000e+00
   6.1380000e+00
   6.1370000e+00
   6.1370000e+00
   6.1360000e+00
   6.1360000e+00
   6.1350000e+00
   6.1350000e+00
   6.1340000e+00
   6.1340000e+00
   6.1340000e+00
   6.1330000e+00
   6.1330000e+00
   6.1330000e+00
   6.1330000e+00
   6.1330000e+00
   6.1330000e+00
   6.1330000e+00
   6.1320000e+00
   6.1320000e+00
   6.1320000e+00
   6.1320000e+00
   6.1320000e+00
   6.1320000e+00
   6.1320000e+00
   6.1320000e+00
   6.1310000e+00
   6.1310000e+00
   6.1310000e+00
   6.1300000e+00
   6.1300000e+00
   6.1300000e+00
   6.1290000e+00
   6.1290000e+00
   6.1280000e+00
   6.1280000e+00
   6.1280000e+00
   6.1270000e+00
   6.1260000e+00
   6.1260000e+00
   6.1250000e+00
   6.1240000e+00
   6.1240000e+00
   6.1230000e+00
   6.1220000e+00
   6.1210000e+00
   6.1200000e+00
   6.1190000e+00
   6.1190000e+00
   6.1180000e+00
   6.1160000e+00
   6.1160000e+00
   6.1140000e+00
   6.1130000e+00
   6.1120000e+00
   6.1110000e+00
   6.1100000e+00
   6.1090000e+00
   6.1070000e+00
   6.1060000e+00
   6.1050000e+00
   6.1040000e+00
   6.1020000e+00
   6.1010000e+00
   6.0990000e+00
   6.0980000e+00
   6.0970000e+00
   6.0950000e+00
   6.0940000e+00
   6.0930000e+00
   6.0910000e+00
   6.0900000e+00
   6.0880000e+00
   6.0870000e+00
   6.0860000e+00
   6.0840000e+00
   6.0830000e+00
   6.0810000e+00
   6.0800000e+00
   6.0780000e+00
   6.0770000e+00
   6.0760000e+00
   6.0740000e+00
   6.0730000e+00
   6.0710000e+00
   6.0700000e+00
   6.0680000e+00
   6.0670000e+00
   6.0650000e+00
   6.0640000e+00
   6.0630000e+00
   6.0610000e+00
   6.0600000e+00
   6.0580000e+00
   6.0570000e+00
   6.0560000e+00
   6.0540000e+00
   6.0530000e+00
   6.0510000e+00
   6.0500000e+00
   6.0490000e+00
   6.0480000e+00
   6.0460000e+00
   6.0450000e+00
   6.0440000e+00
   6.0430000e+00
   6.0410000e+00
   6.0400000e+00
   6.0390000e+00
   6.0370000e+00
   6.0360000e+00
   6.0350000e+00
   6.0340000e+00
   6.0320000e+00
   6.0310000e+00
   6.0300000e+00
   6.0290000e+00
   6.0280000e+00
   6.0270000e+00
   6.0250000e+00
   6.0240000e+00
   6.0230000e+00
   6.0220000e+00
   6.0210000e+00
   6.0200000e+00
   6.0190000e+00
   6.0170000e+00
   6.0160000e+00
   6.0150000e+00
   6.0140000e+00
   6.0130000e+00
   6.0120000e+00
   6.0110000e+00
   6.0100000e+00
   6.0090000e+00
   6.0080000e+00
   6.0070000e+00
   6.0060000e+00
   6.0050000e+00
   6.0040000e+00
   6.0030000e+00
   6.0020000e+00
   6.0010000e+00
   6.0000000e+00
   5.9990000e+00
   5.9980000e+00
   5.9970000e+00
   5.9960000e+00
   5.9950000e+00
   5.9940000e+00
   5.9930000e+00
   5.9920000e+00
   5.9910000e+00
   5.9900000e+00
   5.9890000e+00
   5.9880000e+00
   5.9870000e+00
   5.9860000e+00
   5.9850000e+00
   5.9840000e+00
   5.9830000e+00
   5.9820000e+00
   5.9810000e+00
