   3.0320000e+00
   3.0320000e+00
   3.0310000e+00
   3.0310000e+00
   3.0300000e+00
   3.0300000e+00
   3.0300000e+00
   3.0290000e+00
   3.0290000e+00
   3.0280000e+00
   3.0280000e+00
   3.0270000e+00
   3.0270000e+00
   3.0270000e+00
   3.0260000e+00
   3.0260000e+00
   3.0260000e+00
   3.0250000e+00
   3.0250000e+00
   3.0250000e+00
   3.0240000e+00
   3.0240000e+00
   3.0240000e+00
   3.0230000e+00
   3.0230000e+00
   3.0230000e+00
   3.0230000e+00
   3.0230000e+00
   3.0220000e+00
   3.0220000e+00
   3.0220000e+00
   3.0220000e+00
   3.0220000e+00
   3.0220000e+00
   3.0220000e+00
   3.0220000e+00
   3.0220000e+00
   3.0220000e+00
   3.0220000e+00
   3.0230000e+00
   3.0230000e+00
   3.0230000e+00
   3.0230000e+00
   3.0230000e+00
   3.0230000e+00
   3.0230000e+00
   3.0240000e+00
   3.0240000e+00
   3.0240000e+00
   3.0240000e+00
   3.0240000e+00
   3.0250000e+00
   3.0250000e+00
   3.0250000e+00
   3.0250000e+00
   3.0250000e+00
   3.0250000e+00
   3.0250000e+00
   3.0260000e+00
   3.0260000e+00
   3.0260000e+00
   3.0260000e+00
   3.0260000e+00
   3.0260000e+00
   3.0260000e+00
   3.0260000e+00
   3.0270000e+00
   3.0270000e+00
   3.0270000e+00
   3.0270000e+00
   3.0270000e+00
   3.0270000e+00
   3.0270000e+00
   3.0270000e+00
   3.0280000e+00
   3.0280000e+00
   3.0280000e+00
   3.0280000e+00
   3.0280000e+00
   3.0280000e+00
   3.0280000e+00
   3.0280000e+00
   3.0280000e+00
   3.0280000e+00
   3.0280000e+00
   3.0290000e+00
   3.0290000e+00
   3.0290000e+00
   3.0290000e+00
   3.0290000e+00
   3.0290000e+00
   3.0290000e+00
   3.0290000e+00
   3.0300000e+00
   3.0300000e+00
   3.0300000e+00
   3.0300000e+00
   3.0300000e+00
   3.0300000e+00
   3.0310000e+00
   3.0310000e+00
   3.0310000e+00
   3.0310000e+00
   3.0310000e+00
   3.0320000e+00
   3.0320000e+00
   3.0320000e+00
   3.0320000e+00
   3.0330000e+00
   3.0330000e+00
   3.0330000e+00
   3.0330000e+00
   3.0340000e+00
   3.0340000e+00
   3.0340000e+00
   3.0340000e+00
   3.0350000e+00
   3.0350000e+00
   3.0350000e+00
   3.0350000e+00
   3.0350000e+00
   3.0350000e+00
   3.0360000e+00
   3.0360000e+00
   3.0360000e+00
   3.0360000e+00
   3.0360000e+00
   3.0360000e+00
   3.0360000e+00
   3.0360000e+00
   3.0360000e+00
   3.0360000e+00
   3.0360000e+00
   3.0360000e+00
   3.0360000e+00
   3.0360000e+00
   3.0360000e+00
   3.0360000e+00
   3.0360000e+00
   3.0360000e+00
   3.0360000e+00
   3.0360000e+00
   3.0360000e+00
   3.0360000e+00
   3.0360000e+00
   3.0360000e+00
   3.0360000e+00
   3.0360000e+00
   3.0360000e+00
   3.0350000e+00
   3.0350000e+00
   3.0350000e+00
   3.0350000e+00
   3.0350000e+00
   3.0350000e+00
   3.0350000e+00
   3.0350000e+00
   3.0350000e+00
   3.0350000e+00
   3.0350000e+00
   3.0340000e+00
   3.0340000e+00
   3.0340000e+00
   3.0340000e+00
   3.0340000e+00
   3.0340000e+00
   3.0340000e+00
   3.0340000e+00
   3.0340000e+00
   3.0340000e+00
   3.0340000e+00
   3.0340000e+00
   3.0340000e+00
   3.0340000e+00
   3.0340000e+00
   3.0340000e+00
   3.0340000e+00
   3.0340000e+00
   3.0340000e+00
   3.0340000e+00
   3.0340000e+00
   3.0340000e+00
   3.0340000e+00
   3.0340000e+00
   3.0340000e+00
   3.0340000e+00
   3.0340000e+00
   3.0350000e+00
   3.0350000e+00
   3.0350000e+00
   3.0350000e+00
   3.0350000e+00
   3.0360000e+00
   3.0360000e+00
   3.0360000e+00
   3.0360000e+00
   3.0370000e+00
   3.0370000e+00
   3.0370000e+00
   3.0370000e+00
   3.0380000e+00
   3.0380000e+00
   3.0380000e+00
   3.0390000e+00
   3.0390000e+00
   3.0390000e+00
   3.0400000e+00
   3.0400000e+00
   3.0400000e+00
   3.0410000e+00
   3.0410000e+00
   3.0420000e+00
   3.0420000e+00
   3.0420000e+00
   3.0430000e+00
   3.0430000e+00
   3.0440000e+00
   3.0450000e+00
   3.0450000e+00
   3.0460000e+00
   3.0460000e+00
   3.0470000e+00
   3.0470000e+00
   3.0480000e+00
   3.0490000e+00
   3.0490000e+00
   3.0500000e+00
   3.0510000e+00
   3.0520000e+00
   3.0530000e+00
   3.0540000e+00
   3.0550000e+00
   3.0560000e+00
   3.0570000e+00
   3.0580000e+00
   3.0590000e+00
   3.0600000e+00
   3.0610000e+00
   3.0620000e+00
   3.0630000e+00
   3.0640000e+00
   3.0650000e+00
   3.0660000e+00
   3.0670000e+00
   3.0690000e+00
   3.0700000e+00
   3.0710000e+00
   3.0720000e+00
   3.0740000e+00
   3.0750000e+00
   3.0760000e+00
   3.0780000e+00
   3.0790000e+00
   3.0800000e+00
   3.0820000e+00
   3.0830000e+00
   3.0840000e+00
   3.0850000e+00
   3.0870000e+00
   3.0880000e+00
   3.0890000e+00
   3.0910000e+00
   3.0920000e+00
   3.0930000e+00
   3.0950000e+00
   3.0960000e+00
   3.0970000e+00
   3.0980000e+00
   3.1000000e+00
   3.1010000e+00
   3.1030000e+00
   3.1050000e+00
   3.1060000e+00
   3.1080000e+00
   3.1090000e+00
   3.1110000e+00
   3.1120000e+00
   3.1140000e+00
   3.1150000e+00
   3.1160000e+00
   3.1180000e+00
   3.1190000e+00
   3.1200000e+00
   3.1220000e+00
   3.1230000e+00
   3.1240000e+00
   3.1250000e+00
   3.1260000e+00
   3.1280000e+00
   3.1280000e+00
   3.1290000e+00
   3.1300000e+00
   3.1310000e+00
   3.1320000e+00
   3.1330000e+00
   3.1340000e+00
   3.1340000e+00
   3.1350000e+00
   3.1360000e+00
   3.1360000e+00
   3.1370000e+00
   3.1370000e+00
   3.1380000e+00
   3.1390000e+00
   3.1390000e+00
   3.1400000e+00
   3.1400000e+00
   3.1410000e+00
   3.1410000e+00
   3.1410000e+00
   3.1420000e+00
   3.1420000e+00
   3.1430000e+00
   3.1430000e+00
   3.1430000e+00
   3.1440000e+00
   3.1440000e+00
   3.1440000e+00
   3.1450000e+00
   3.1450000e+00
   3.1450000e+00
   3.1460000e+00
   3.1460000e+00
   3.1460000e+00
   3.1470000e+00
   3.1470000e+00
   3.1470000e+00
   3.1470000e+00
   3.1480000e+00
   3.1480000e+00
   3.1480000e+00
   3.1480000e+00
   3.1490000e+00
   3.1490000e+00
   3.1490000e+00
   3.1490000e+00
   3.1500000e+00
   3.1500000e+00
   3.1500000e+00
   3.1500000e+00
   3.1510000e+00
   3.1510000e+00
   3.1510000e+00
   3.1520000e+00
   3.1520000e+00
   3.1520000e+00
   3.1520000e+00
   3.1530000e+00
   3.1530000e+00
   3.1530000e+00
   3.1530000e+00
   3.1540000e+00
   3.1540000e+00
   3.1540000e+00
   3.1540000e+00
   3.1540000e+00
   3.1550000e+00
   3.1550000e+00
   3.1550000e+00
   3.1550000e+00
   3.1550000e+00
   3.1550000e+00
   3.1550000e+00
   3.1550000e+00
   3.1550000e+00
   3.1550000e+00
   3.1550000e+00
   3.1550000e+00
   3.1550000e+00
   3.1540000e+00
   3.1540000e+00
   3.1540000e+00
   3.1540000e+00
   3.1540000e+00
   3.1540000e+00
   3.1530000e+00
   3.1530000e+00
   3.1530000e+00
   3.1530000e+00
   3.1520000e+00
   3.1520000e+00
   3.1520000e+00
   3.1510000e+00
   3.1510000e+00
   3.1500000e+00
   3.1500000e+00
   3.1500000e+00
   3.1490000e+00
   3.1480000e+00
   3.1480000e+00
   3.1470000e+00
   3.1470000e+00
   3.1460000e+00
   3.1460000e+00
   3.1450000e+00
   3.1440000e+00
   3.1440000e+00
   3.1430000e+00
   3.1420000e+00
   3.1420000e+00
   3.1410000e+00
   3.1400000e+00
   3.1400000e+00
   3.1390000e+00
   3.1380000e+00
   3.1370000e+00
   3.1370000e+00
   3.1360000e+00
   3.1350000e+00
   3.1340000e+00
   3.1340000e+00
   3.1330000e+00
   3.1320000e+00
   3.1310000e+00
   3.1300000e+00
   3.1300000e+00
   3.1290000e+00
   3.1280000e+00
   3.1270000e+00
   3.1260000e+00
   3.1260000e+00
   3.1250000e+00
   3.1240000e+00
   3.1230000e+00
   3.1220000e+00
   3.1220000e+00
   3.1210000e+00
   3.1200000e+00
   3.1190000e+00
   3.1190000e+00
   3.1180000e+00
   3.1170000e+00
   3.1160000e+00
   3.1150000e+00
   3.1150000e+00
   3.1140000e+00
   3.1130000e+00
   3.1120000e+00
   3.1110000e+00
   3.1110000e+00
   3.1100000e+00
   3.1090000e+00
   3.1080000e+00
   3.1080000e+00
   3.1070000e+00
   3.1060000e+00
   3.1050000e+00
   3.1050000e+00
   3.1040000e+00
   3.1030000e+00
   3.1020000e+00
   3.1020000e+00
   3.1010000e+00
   3.1000000e+00
   3.1000000e+00
   3.0990000e+00
   3.0980000e+00
   3.0980000e+00
   3.0970000e+00
   3.0960000e+00
   3.0960000e+00
   3.0950000e+00
   3.0950000e+00
   3.0940000e+00
   3.0930000e+00
   3.0930000e+00
   3.0920000e+00
   3.0920000e+00
   3.0910000e+00
   3.0910000e+00
   3.0900000e+00
   3.0900000e+00
   3.0890000e+00
   3.0890000e+00
   3.0880000e+00
   3.0880000e+00
   3.0870000e+00
   3.0870000e+00
   3.0870000e+00
   3.0860000e+00
   3.0860000e+00
   3.0850000e+00
   3.0850000e+00
   3.0850000e+00
   3.0840000e+00
   3.0840000e+00
   3.0840000e+00
   3.0830000e+00
   3.0830000e+00
   3.0820000e+00
   3.0820000e+00
   3.0820000e+00
   3.0810000e+00
   3.0810000e+00
   3.0810000e+00
   3.0800000e+00
   3.0800000e+00
   3.0800000e+00
   3.0800000e+00
   3.0790000e+00
   3.0790000e+00
   3.0790000e+00
   3.0780000e+00
   3.0780000e+00
   3.0780000e+00
   3.0780000e+00
   3.0770000e+00
   3.0770000e+00
   3.0770000e+00
   3.0770000e+00
   3.0770000e+00
   3.0760000e+00
   3.0760000e+00
   3.0760000e+00
   3.0760000e+00
   3.0760000e+00
   3.0760000e+00
   3.0760000e+00
   3.0760000e+00
   3.0760000e+00
   3.0760000e+00
   3.0760000e+00
   3.0760000e+00
   3.0760000e+00
   3.0760000e+00
   3.0760000e+00
   3.0760000e+00
   3.0760000e+00
   3.0770000e+00
   3.0770000e+00
   3.0770000e+00
   3.0780000e+00
   3.0780000e+00
   3.0780000e+00
   3.0780000e+00
   3.0790000e+00
   3.0790000e+00
   3.0800000e+00
   3.0800000e+00
   3.0800000e+00
   3.0810000e+00
   3.0810000e+00
   3.0820000e+00
   3.0820000e+00
   3.0830000e+00
   3.0830000e+00
   3.0830000e+00
   3.0840000e+00
   3.0840000e+00
   3.0850000e+00
   3.0850000e+00
   3.0860000e+00
   3.0860000e+00
   3.0870000e+00
   3.0870000e+00
   3.0870000e+00
   3.0880000e+00
   3.0880000e+00
   3.0890000e+00
   3.0890000e+00
   3.0890000e+00
   3.0900000e+00
   3.0900000e+00
   3.0900000e+00
   3.0910000e+00
   3.0910000e+00
   3.0910000e+00
   3.0910000e+00
   3.0910000e+00
   3.0910000e+00
   3.0910000e+00
   3.0920000e+00
   3.0920000e+00
   3.0920000e+00
   3.0920000e+00
   3.0920000e+00
   3.0920000e+00
   3.0920000e+00
   3.0920000e+00
   3.0920000e+00
   3.0910000e+00
   3.0910000e+00
   3.0910000e+00
   3.0910000e+00
   3.0910000e+00
   3.0910000e+00
   3.0910000e+00
   3.0910000e+00
   3.0900000e+00
   3.0900000e+00
   3.0900000e+00
   3.0900000e+00
   3.0900000e+00
   3.0890000e+00
   3.0890000e+00
   3.0890000e+00
   3.0890000e+00
   3.0880000e+00
   3.0880000e+00
   3.0880000e+00
   3.0870000e+00
   3.0870000e+00
   3.0870000e+00
   3.0870000e+00
   3.0860000e+00
   3.0860000e+00
   3.0860000e+00
   3.0860000e+00
   3.0860000e+00
   3.0850000e+00
   3.0850000e+00
   3.0850000e+00
   3.0850000e+00
   3.0850000e+00
   3.0840000e+00
   3.0840000e+00
   3.0840000e+00
   3.0840000e+00
   3.0840000e+00
   3.0840000e+00
   3.0830000e+00
   3.0830000e+00
   3.0830000e+00
   3.0830000e+00
   3.0830000e+00
   3.0830000e+00
   3.0830000e+00
   3.0820000e+00
   3.0820000e+00
   3.0820000e+00
   3.0820000e+00
   3.0820000e+00
   3.0810000e+00
   3.0810000e+00
   3.0810000e+00
   3.0810000e+00
   3.0800000e+00
   3.0800000e+00
   3.0800000e+00
   3.0800000e+00
   3.0790000e+00
   3.0790000e+00
   3.0790000e+00
   3.0790000e+00
   3.0780000e+00
   3.0780000e+00
   3.0780000e+00
   3.0770000e+00
   3.0770000e+00
   3.0770000e+00
   3.0760000e+00
   3.0760000e+00
   3.0750000e+00
   3.0750000e+00
   3.0750000e+00
   3.0740000e+00
   3.0740000e+00
   3.0730000e+00
   3.0730000e+00
   3.0720000e+00
   3.0720000e+00
   3.0710000e+00
   3.0710000e+00
   3.0700000e+00
   3.0700000e+00
   3.0690000e+00
   3.0690000e+00
   3.0680000e+00
   3.0680000e+00
   3.0670000e+00
   3.0670000e+00
   3.0660000e+00
   3.0660000e+00
   3.0650000e+00
   3.0640000e+00
   3.0640000e+00
   3.0630000e+00
   3.0630000e+00
   3.0620000e+00
   3.0620000e+00
   3.0610000e+00
   3.0600000e+00
   3.0600000e+00
   3.0590000e+00
   3.0590000e+00
   3.0580000e+00
   3.0570000e+00
   3.0570000e+00
   3.0560000e+00
   3.0560000e+00
   3.0550000e+00
   3.0550000e+00
   3.0540000e+00
   3.0540000e+00
   3.0530000e+00
   3.0530000e+00
   3.0520000e+00
   3.0510000e+00
   3.0510000e+00
   3.0500000e+00
   3.0500000e+00
   3.0490000e+00
   3.0490000e+00
   3.0480000e+00
   3.0480000e+00
   3.0470000e+00
   3.0470000e+00
   3.0460000e+00
   3.0460000e+00
   3.0450000e+00
   3.0450000e+00
   3.0440000e+00
   3.0440000e+00
   3.0430000e+00
   3.0420000e+00
   3.0420000e+00
   3.0410000e+00
   3.0410000e+00
   3.0400000e+00
   3.0400000e+00
   3.0390000e+00
   3.0390000e+00
   3.0380000e+00
   3.0380000e+00
   3.0370000e+00
   3.0370000e+00
   3.0360000e+00
   3.0360000e+00
   3.0350000e+00
   3.0350000e+00
   3.0340000e+00
   3.0340000e+00
   3.0330000e+00
   3.0330000e+00
   3.0320000e+00
   3.0320000e+00
   3.0310000e+00
   3.0310000e+00
   3.0300000e+00
   3.0300000e+00
   3.0300000e+00
   3.0290000e+00
   3.0290000e+00
   3.0290000e+00
   3.0280000e+00
   3.0280000e+00
   3.0280000e+00
   3.0280000e+00
   3.0270000e+00
   3.0270000e+00
   3.0270000e+00
   3.0270000e+00
   3.0270000e+00
   3.0260000e+00
   3.0260000e+00
   3.0260000e+00
   3.0260000e+00
   3.0260000e+00
   3.0260000e+00
   3.0260000e+00
   3.0250000e+00
   3.0250000e+00
   3.0250000e+00
   3.0250000e+00
   3.0250000e+00
   3.0250000e+00
   3.0250000e+00
   3.0250000e+00
   3.0250000e+00
   3.0250000e+00
   3.0240000e+00
   3.0240000e+00
   3.0240000e+00
   3.0240000e+00
   3.0240000e+00
   3.0240000e+00
   3.0240000e+00
   3.0240000e+00
   3.0230000e+00
   3.0230000e+00
   3.0230000e+00
   3.0230000e+00
   3.0230000e+00
   3.0220000e+00
   3.0220000e+00
   3.0220000e+00
   3.0220000e+00
   3.0220000e+00
   3.0210000e+00
   3.0210000e+00
   3.0210000e+00
   3.0210000e+00
   3.0200000e+00
   3.0200000e+00
   3.0200000e+00
   3.0200000e+00
   3.0190000e+00
   3.0190000e+00
   3.0190000e+00
   3.0180000e+00
   3.0180000e+00
   3.0180000e+00
   3.0180000e+00
   3.0170000e+00
   3.0170000e+00
   3.0170000e+00
   3.0160000e+00
   3.0160000e+00
   3.0160000e+00
   3.0160000e+00
   3.0150000e+00
   3.0150000e+00
   3.0150000e+00
   3.0150000e+00
   3.0150000e+00
   3.0140000e+00
   3.0140000e+00
   3.0140000e+00
   3.0140000e+00
   3.0140000e+00
   3.0140000e+00
   3.0130000e+00
   3.0130000e+00
   3.0130000e+00
   3.0130000e+00
   3.0130000e+00
   3.0130000e+00
   3.0130000e+00
   3.0130000e+00
   3.0130000e+00
   3.0130000e+00
   3.0130000e+00
   3.0130000e+00
   3.0130000e+00
   3.0130000e+00
   3.0120000e+00
   3.0120000e+00
   3.0120000e+00
   3.0120000e+00
   3.0120000e+00
   3.0120000e+00
   3.0120000e+00
   3.0120000e+00
   3.0120000e+00
   3.0120000e+00
   3.0120000e+00
   3.0120000e+00
   3.0120000e+00
   3.0120000e+00
   3.0120000e+00
   3.0120000e+00
   3.0120000e+00
   3.0110000e+00
   3.0110000e+00
   3.0110000e+00
   3.0110000e+00
   3.0110000e+00
   3.0110000e+00
   3.0110000e+00
   3.0110000e+00
   3.0110000e+00
   3.0110000e+00
   3.0110000e+00
   3.0100000e+00
   3.0100000e+00
   3.0100000e+00
   3.0100000e+00
   3.0100000e+00
   3.0100000e+00
   3.0100000e+00
   3.0100000e+00
   3.0090000e+00
   3.0090000e+00
   3.0090000e+00
   3.0090000e+00
   3.0090000e+00
   3.0090000e+00
   3.0090000e+00
   3.0080000e+00
   3.0080000e+00
   3.0080000e+00
   3.0080000e+00
   3.0080000e+00
   3.0070000e+00
   3.0070000e+00
   3.0070000e+00
   3.0070000e+00
   3.0070000e+00
   3.0060000e+00
   3.0060000e+00
   3.0060000e+00
   3.0060000e+00
   3.0050000e+00
   3.0050000e+00
   3.0050000e+00
   3.0050000e+00
   3.0040000e+00
   3.0040000e+00
   3.0040000e+00
   3.0040000e+00
   3.0030000e+00
   3.0030000e+00
   3.0030000e+00
   3.0020000e+00
   3.0020000e+00
   3.0020000e+00
   3.0020000e+00
   3.0010000e+00
   3.0010000e+00
   3.0010000e+00
   3.0000000e+00
   3.0000000e+00
   3.0000000e+00
   3.0000000e+00
   2.9990000e+00
   2.9990000e+00
   2.9990000e+00
   2.9980000e+00
   2.9980000e+00
   2.9970000e+00
   2.9970000e+00
   2.9970000e+00
   2.9960000e+00
   2.9960000e+00
   2.9960000e+00
   2.9950000e+00
   2.9950000e+00
   2.9940000e+00
   2.9940000e+00
   2.9940000e+00
   2.9930000e+00
   2.9930000e+00
   2.9920000e+00
   2.9920000e+00
   2.9920000e+00
   2.9910000e+00
   2.9910000e+00
   2.9900000e+00
   2.9900000e+00
   2.9900000e+00
   2.9890000e+00
   2.9890000e+00
   2.9880000e+00
   2.9880000e+00
   2.9880000e+00
   2.9870000e+00
   2.9870000e+00
   2.9860000e+00
   2.9860000e+00
   2.9850000e+00
   2.9850000e+00
   2.9840000e+00
   2.9840000e+00
   2.9840000e+00
   2.9830000e+00
   2.9830000e+00
   2.9820000e+00
   2.9820000e+00
   2.9810000e+00
   2.9810000e+00
   2.9800000e+00
   2.9800000e+00
   2.9790000e+00
   2.9790000e+00
   2.9780000e+00
   2.9780000e+00
   2.9770000e+00
   2.9770000e+00
   2.9760000e+00
   2.9760000e+00
   2.9750000e+00
   2.9750000e+00
   2.9740000e+00
   2.9740000e+00
   2.9730000e+00
   2.9730000e+00
   2.9720000e+00
   2.9720000e+00
   2.9720000e+00
   2.9710000e+00
   2.9710000e+00
   2.9700000e+00
   2.9700000e+00
   2.9690000e+00
   2.9690000e+00
   2.9680000e+00
   2.9680000e+00
   2.9670000e+00
   2.9670000e+00
   2.9660000e+00
   2.9660000e+00
   2.9650000e+00
   2.9650000e+00
   2.9640000e+00
   2.9640000e+00
   2.9630000e+00
   2.9630000e+00
   2.9630000e+00
   2.9620000e+00
   2.9620000e+00
   2.9610000e+00
   2.9610000e+00
   2.9600000e+00
   2.9600000e+00
   2.9590000e+00
   2.9590000e+00
   2.9580000e+00
   2.9580000e+00
   2.9570000e+00
   2.9570000e+00
   2.9570000e+00
   2.9560000e+00
   2.9560000e+00
   2.9550000e+00
   2.9550000e+00
   2.9540000e+00
   2.9540000e+00
   2.9540000e+00
   2.9530000e+00
   2.9530000e+00
   2.9520000e+00
   2.9520000e+00
   2.9520000e+00
   2.9510000e+00
   2.9510000e+00
   2.9510000e+00
   2.9500000e+00
   2.9500000e+00
   2.9500000e+00
   2.9490000e+00
   2.9490000e+00
   2.9490000e+00
   2.9480000e+00
   2.9480000e+00
   2.9480000e+00
   2.9470000e+00
   2.9470000e+00
   2.9470000e+00
   2.9460000e+00
   2.9460000e+00
   2.9460000e+00
   2.9450000e+00
   2.9450000e+00
   2.9450000e+00
   2.9440000e+00
   2.9440000e+00
   2.9440000e+00
   2.9440000e+00
   2.9430000e+00
   2.9430000e+00
   2.9430000e+00
   2.9430000e+00
   2.9420000e+00
   2.9420000e+00
   2.9420000e+00
   2.9420000e+00
   2.9420000e+00
   2.9420000e+00
   2.9410000e+00
   2.9410000e+00
   2.9410000e+00
   2.9410000e+00
   2.9410000e+00
   2.9410000e+00
   2.9410000e+00
   2.9410000e+00
   2.9410000e+00
   2.9410000e+00
   2.9410000e+00
   2.9410000e+00
   2.9420000e+00
   2.9420000e+00
   2.9420000e+00
   2.9420000e+00
   2.9420000e+00
   2.9420000e+00
   2.9430000e+00
   2.9430000e+00
   2.9430000e+00
   2.9440000e+00
   2.9440000e+00
   2.9440000e+00
   2.9450000e+00
   2.9450000e+00
   2.9460000e+00
   2.9460000e+00
   2.9460000e+00
   2.9470000e+00
   2.9470000e+00
   2.9480000e+00
   2.9490000e+00
   2.9490000e+00
   2.9500000e+00
   2.9500000e+00
   2.9510000e+00
   2.9520000e+00
   2.9520000e+00
   2.9530000e+00
   2.9540000e+00
   2.9540000e+00
   2.9550000e+00
   2.9560000e+00
   2.9570000e+00
   2.9580000e+00
   2.9590000e+00
   2.9600000e+00
   2.9610000e+00
   2.9620000e+00
   2.9630000e+00
   2.9640000e+00
   2.9650000e+00
   2.9660000e+00
   2.9680000e+00
   2.9690000e+00
   2.9700000e+00
   2.9720000e+00
   2.9730000e+00
   2.9740000e+00
   2.9760000e+00
   2.9770000e+00
   2.9780000e+00
   2.9800000e+00
   2.9810000e+00
   2.9820000e+00
   2.9840000e+00
   2.9850000e+00
   2.9860000e+00
   2.9880000e+00
   2.9890000e+00
   2.9900000e+00
   2.9920000e+00
   2.9930000e+00
   2.9950000e+00
   2.9960000e+00
   2.9980000e+00
   2.9990000e+00
   3.0010000e+00
   3.0020000e+00
   3.0030000e+00
   3.0040000e+00
   3.0060000e+00
   3.0070000e+00
   3.0080000e+00
   3.0090000e+00
   3.0100000e+00
   3.0110000e+00
   3.0120000e+00
   3.0130000e+00
   3.0140000e+00
   3.0150000e+00
   3.0160000e+00
   3.0160000e+00
   3.0170000e+00
   3.0180000e+00
   3.0180000e+00
   3.0190000e+00
   3.0200000e+00
   3.0200000e+00
   3.0210000e+00
   3.0210000e+00
   3.0210000e+00
   3.0220000e+00
   3.0220000e+00
   3.0230000e+00
   3.0230000e+00
   3.0230000e+00
   3.0240000e+00
   3.0240000e+00
   3.0240000e+00
   3.0240000e+00
   3.0250000e+00
   3.0250000e+00
   3.0250000e+00
   3.0250000e+00
   3.0250000e+00
   3.0260000e+00
   3.0260000e+00
   3.0260000e+00
   3.0260000e+00
   3.0260000e+00
   3.0270000e+00
   3.0270000e+00
   3.0270000e+00
   3.0270000e+00
   3.0280000e+00
   3.0280000e+00
   3.0280000e+00
   3.0290000e+00
   3.0290000e+00
   3.0290000e+00
   3.0300000e+00
   3.0300000e+00
   3.0310000e+00
   3.0310000e+00
   3.0320000e+00
   3.0320000e+00
   3.0330000e+00
   3.0330000e+00
   3.0340000e+00
   3.0340000e+00
   3.0350000e+00
   3.0350000e+00
   3.0360000e+00
   3.0360000e+00
   3.0370000e+00
   3.0370000e+00
   3.0380000e+00
   3.0390000e+00
   3.0390000e+00
   3.0400000e+00
   3.0400000e+00
   3.0410000e+00
   3.0410000e+00
   3.0420000e+00
   3.0420000e+00
   3.0430000e+00
   3.0430000e+00
   3.0440000e+00
   3.0440000e+00
   3.0450000e+00
   3.0450000e+00
   3.0460000e+00
   3.0460000e+00
   3.0470000e+00
   3.0470000e+00
   3.0470000e+00
   3.0480000e+00
   3.0480000e+00
   3.0480000e+00
   3.0490000e+00
   3.0490000e+00
   3.0490000e+00
   3.0500000e+00
   3.0500000e+00
   3.0500000e+00
   3.0500000e+00
   3.0500000e+00
   3.0510000e+00
   3.0510000e+00
   3.0510000e+00
   3.0510000e+00
   3.0510000e+00
   3.0510000e+00
   3.0510000e+00
   3.0510000e+00
   3.0510000e+00
   3.0510000e+00
   3.0510000e+00
   3.0510000e+00
   3.0510000e+00
   3.0510000e+00
   3.0510000e+00
   3.0500000e+00
   3.0500000e+00
   3.0500000e+00
   3.0500000e+00
   3.0500000e+00
   3.0500000e+00
   3.0500000e+00
   3.0490000e+00
   3.0490000e+00
   3.0490000e+00
   3.0490000e+00
   3.0490000e+00
   3.0480000e+00
   3.0480000e+00
   3.0480000e+00
   3.0480000e+00
   3.0470000e+00
   3.0470000e+00
   3.0470000e+00
   3.0460000e+00
   3.0460000e+00
   3.0460000e+00
   3.0450000e+00
   3.0450000e+00
   3.0450000e+00
   3.0440000e+00
   3.0440000e+00
   3.0440000e+00
   3.0430000e+00
   3.0430000e+00
   3.0420000e+00
   3.0420000e+00
   3.0420000e+00
   3.0410000e+00
   3.0410000e+00
   3.0400000e+00
   3.0400000e+00
   3.0400000e+00
   3.0390000e+00
   3.0390000e+00
   3.0380000e+00
   3.0380000e+00
   3.0380000e+00
   3.0370000e+00
   3.0370000e+00
   3.0360000e+00
   3.0360000e+00
   3.0360000e+00
   3.0350000e+00
   3.0350000e+00
   3.0350000e+00
   3.0340000e+00
   3.0340000e+00
   3.0340000e+00
   3.0340000e+00
   3.0330000e+00
   3.0330000e+00
   3.0330000e+00
   3.0330000e+00
   3.0320000e+00
   3.0320000e+00
   3.0320000e+00
   3.0320000e+00
   3.0320000e+00
   3.0320000e+00
   3.0310000e+00
   3.0310000e+00
   3.0310000e+00
   3.0310000e+00
   3.0310000e+00
   3.0310000e+00
   3.0310000e+00
   3.0310000e+00
   3.0310000e+00
   3.0310000e+00
   3.0310000e+00
   3.0310000e+00
   3.0320000e+00
   3.0320000e+00
   3.0320000e+00
   3.0320000e+00
   3.0320000e+00
   3.0320000e+00
   3.0330000e+00
   3.0330000e+00
   3.0330000e+00
   3.0330000e+00
   3.0330000e+00
   3.0340000e+00
   3.0340000e+00
   3.0340000e+00
   3.0340000e+00
   3.0340000e+00
   3.0350000e+00
   3.0350000e+00
   3.0350000e+00
   3.0350000e+00
   3.0350000e+00
   3.0360000e+00
   3.0360000e+00
   3.0360000e+00
   3.0360000e+00
   3.0360000e+00
   3.0360000e+00
   3.0370000e+00
   3.0370000e+00
   3.0370000e+00
   3.0370000e+00
   3.0370000e+00
   3.0370000e+00
   3.0370000e+00
   3.0370000e+00
   3.0370000e+00
   3.0370000e+00
   3.0370000e+00
   3.0380000e+00
   3.0380000e+00
   3.0380000e+00
   3.0380000e+00
   3.0380000e+00
   3.0380000e+00
   3.0380000e+00
   3.0380000e+00
   3.0380000e+00
   3.0380000e+00
   3.0380000e+00
   3.0380000e+00
   3.0380000e+00
   3.0380000e+00
   3.0380000e+00
   3.0380000e+00
   3.0380000e+00
   3.0380000e+00
   3.0380000e+00
   3.0380000e+00
   3.0380000e+00
   3.0380000e+00
   3.0380000e+00
   3.0380000e+00
   3.0380000e+00
   3.0380000e+00
   3.0380000e+00
   3.0380000e+00
   3.0380000e+00
   3.0380000e+00
   3.0380000e+00
   3.0380000e+00
   3.0380000e+00
   3.0380000e+00
   3.0380000e+00
   3.0380000e+00
   3.0390000e+00
   3.0390000e+00
   3.0390000e+00
   3.0390000e+00
   3.0390000e+00
   3.0390000e+00
   3.0390000e+00
   3.0390000e+00
   3.0390000e+00
   3.0390000e+00
   3.0390000e+00
   3.0390000e+00
   3.0390000e+00
   3.0390000e+00
   3.0390000e+00
   3.0390000e+00
   3.0390000e+00
   3.0390000e+00
   3.0380000e+00
   3.0380000e+00
   3.0380000e+00
   3.0380000e+00
   3.0380000e+00
   3.0380000e+00
   3.0380000e+00
   3.0380000e+00
   3.0380000e+00
   3.0380000e+00
   3.0380000e+00
   3.0380000e+00
   3.0370000e+00
   3.0370000e+00
   3.0370000e+00
   3.0370000e+00
   3.0370000e+00
   3.0370000e+00
   3.0360000e+00
   3.0360000e+00
   3.0360000e+00
   3.0360000e+00
   3.0350000e+00
   3.0350000e+00
   3.0350000e+00
   3.0340000e+00
   3.0340000e+00
   3.0340000e+00
   3.0340000e+00
   3.0330000e+00
   3.0330000e+00
   3.0330000e+00
   3.0320000e+00
   3.0320000e+00
   3.0320000e+00
   3.0310000e+00
   3.0310000e+00
   3.0310000e+00
   3.0300000e+00
   3.0300000e+00
   3.0290000e+00
   3.0290000e+00
   3.0290000e+00
   3.0280000e+00
   3.0280000e+00
   3.0280000e+00
   3.0270000e+00
   3.0270000e+00
   3.0260000e+00
   3.0260000e+00
   3.0260000e+00
   3.0250000e+00
   3.0250000e+00
   3.0250000e+00
   3.0240000e+00
   3.0240000e+00
   3.0230000e+00
   3.0230000e+00
   3.0230000e+00
   3.0220000e+00
   3.0220000e+00
   3.0210000e+00
   3.0210000e+00
   3.0210000e+00
   3.0200000e+00
   3.0200000e+00
   3.0190000e+00
   3.0190000e+00
   3.0180000e+00
   3.0180000e+00
   3.0170000e+00
   3.0170000e+00
   3.0170000e+00
   3.0160000e+00
   3.0160000e+00
   3.0150000e+00
   3.0150000e+00
   3.0140000e+00
   3.0140000e+00
   3.0130000e+00
   3.0130000e+00
   3.0130000e+00
   3.0120000e+00
   3.0120000e+00
   3.0110000e+00
   3.0110000e+00
   3.0100000e+00
   3.0100000e+00
   3.0100000e+00
   3.0090000e+00
   3.0090000e+00
   3.0080000e+00
   3.0080000e+00
   3.0070000e+00
   3.0070000e+00
   3.0070000e+00
   3.0060000e+00
   3.0060000e+00
   3.0050000e+00
   3.0050000e+00
   3.0050000e+00
   3.0040000e+00
   3.0040000e+00
   3.0030000e+00
   3.0030000e+00
   3.0030000e+00
   3.0020000e+00
   3.0020000e+00
   3.0020000e+00
   3.0010000e+00
   3.0010000e+00
   3.0000000e+00
   3.0000000e+00
   3.0000000e+00
   2.9990000e+00
   2.9990000e+00
   2.9980000e+00
   2.9980000e+00
   2.9980000e+00
   2.9970000e+00
   2.9970000e+00
   2.9960000e+00
   2.9960000e+00
   2.9960000e+00
   2.9950000e+00
   2.9950000e+00
   2.9950000e+00
   2.9940000e+00
   2.9940000e+00
   2.9930000e+00
   2.9930000e+00
   2.9930000e+00
   2.9920000e+00
   2.9920000e+00
   2.9910000e+00
   2.9910000e+00
   2.9910000e+00
   2.9900000e+00
   2.9900000e+00
   2.9900000e+00
   2.9890000e+00
   2.9890000e+00
   2.9890000e+00
   2.9880000e+00
   2.9880000e+00
   2.9870000e+00
   2.9870000e+00
   2.9870000e+00
   2.9860000e+00
   2.9860000e+00
   2.9860000e+00
   2.9850000e+00
   2.9850000e+00
   2.9850000e+00
   2.9840000e+00
   2.9840000e+00
   2.9840000e+00
   2.9830000e+00
   2.9830000e+00
   2.9820000e+00
   2.9820000e+00
   2.9820000e+00
   2.9810000e+00
   2.9810000e+00
   2.9810000e+00
   2.9800000e+00
   2.9800000e+00
   2.9800000e+00
   2.9790000e+00
   2.9790000e+00
   2.9790000e+00
   2.9780000e+00
   2.9780000e+00
   2.9780000e+00
   2.9780000e+00
   2.9770000e+00
   2.9770000e+00
   2.9770000e+00
   2.9770000e+00
   2.9760000e+00
   2.9760000e+00
   2.9760000e+00
   2.9760000e+00
   2.9760000e+00
   2.9760000e+00
   2.9760000e+00
   2.9750000e+00
   2.9750000e+00
   2.9750000e+00
   2.9750000e+00
   2.9760000e+00
   2.9760000e+00
   2.9760000e+00
   2.9760000e+00
   2.9760000e+00
   2.9760000e+00
   2.9760000e+00
   2.9760000e+00
   2.9770000e+00
   2.9770000e+00
   2.9770000e+00
   2.9770000e+00
   2.9780000e+00
   2.9780000e+00
   2.9790000e+00
   2.9790000e+00
   2.9790000e+00
   2.9800000e+00
   2.9800000e+00
   2.9810000e+00
   2.9810000e+00
   2.9820000e+00
   2.9820000e+00
   2.9830000e+00
   2.9830000e+00
   2.9840000e+00
   2.9840000e+00
   2.9850000e+00
   2.9860000e+00
   2.9860000e+00
   2.9870000e+00
   2.9870000e+00
   2.9880000e+00
   2.9890000e+00
   2.9890000e+00
   2.9900000e+00
   2.9910000e+00
   2.9910000e+00
   2.9920000e+00
   2.9930000e+00
   2.9930000e+00
   2.9940000e+00
   2.9950000e+00
   2.9950000e+00
   2.9960000e+00
   2.9970000e+00
   2.9980000e+00
   2.9990000e+00
   3.0000000e+00
   3.0010000e+00
   3.0020000e+00
   3.0030000e+00
   3.0030000e+00
   3.0040000e+00
   3.0050000e+00
   3.0060000e+00
   3.0070000e+00
   3.0080000e+00
   3.0090000e+00
   3.0100000e+00
   3.0100000e+00
   3.0110000e+00
   3.0120000e+00
   3.0130000e+00
   3.0140000e+00
   3.0140000e+00
   3.0150000e+00
   3.0160000e+00
   3.0160000e+00
   3.0170000e+00
   3.0180000e+00
   3.0180000e+00
   3.0190000e+00
   3.0200000e+00
   3.0200000e+00
   3.0210000e+00
   3.0210000e+00
   3.0220000e+00
   3.0220000e+00
   3.0230000e+00
   3.0230000e+00
   3.0240000e+00
   3.0240000e+00
   3.0240000e+00
   3.0250000e+00
   3.0250000e+00
   3.0250000e+00
   3.0260000e+00
   3.0260000e+00
   3.0260000e+00
   3.0260000e+00
   3.0260000e+00
   3.0270000e+00
   3.0270000e+00
   3.0270000e+00
   3.0270000e+00
   3.0270000e+00
   3.0270000e+00
   3.0270000e+00
   3.0270000e+00
   3.0270000e+00
   3.0270000e+00
   3.0270000e+00
   3.0270000e+00
   3.0270000e+00
   3.0270000e+00
   3.0270000e+00
   3.0270000e+00
   3.0260000e+00
   3.0260000e+00
   3.0260000e+00
   3.0260000e+00
   3.0260000e+00
   3.0260000e+00
   3.0250000e+00
   3.0250000e+00
   3.0250000e+00
   3.0250000e+00
   3.0240000e+00
   3.0240000e+00
   3.0240000e+00
   3.0230000e+00
   3.0230000e+00
   3.0230000e+00
   3.0220000e+00
   3.0220000e+00
   3.0220000e+00
   3.0210000e+00
   3.0210000e+00
   3.0210000e+00
   3.0200000e+00
   3.0200000e+00
   3.0190000e+00
   3.0190000e+00
   3.0180000e+00
   3.0180000e+00
   3.0180000e+00
   3.0170000e+00
   3.0170000e+00
   3.0160000e+00
   3.0160000e+00
   3.0150000e+00
   3.0150000e+00
   3.0140000e+00
   3.0140000e+00
   3.0130000e+00
   3.0130000e+00
   3.0120000e+00
   3.0120000e+00
   3.0110000e+00
   3.0110000e+00
   3.0110000e+00
   3.0100000e+00
   3.0100000e+00
   3.0090000e+00
   3.0090000e+00
   3.0080000e+00
   3.0080000e+00
   3.0070000e+00
   3.0070000e+00
   3.0070000e+00
   3.0060000e+00
   3.0060000e+00
   3.0050000e+00
   3.0050000e+00
   3.0050000e+00
   3.0040000e+00
   3.0040000e+00
   3.0030000e+00
   3.0030000e+00
   3.0030000e+00
   3.0020000e+00
   3.0020000e+00
   3.0020000e+00
   3.0010000e+00
   3.0010000e+00
   3.0010000e+00
   3.0000000e+00
   3.0000000e+00
   3.0000000e+00
   2.9990000e+00
   2.9990000e+00
   2.9990000e+00
   2.9980000e+00
   2.9980000e+00
   2.9980000e+00
   2.9970000e+00
   2.9970000e+00
   2.9970000e+00
   2.9960000e+00
   2.9960000e+00
   2.9960000e+00
   2.9950000e+00
   2.9950000e+00
   2.9950000e+00
   2.9940000e+00
   2.9940000e+00
   2.9930000e+00
   2.9930000e+00
   2.9930000e+00
   2.9920000e+00
   2.9920000e+00
   2.9910000e+00
   2.9910000e+00
   2.9910000e+00
   2.9900000e+00
   2.9900000e+00
   2.9890000e+00
   2.9890000e+00
   2.9880000e+00
   2.9880000e+00
   2.9870000e+00
   2.9870000e+00
   2.9860000e+00
   2.9860000e+00
   2.9850000e+00
   2.9850000e+00
   2.9840000e+00
   2.9840000e+00
   2.9830000e+00
   2.9830000e+00
   2.9820000e+00
   2.9820000e+00
   2.9810000e+00
   2.9810000e+00
   2.9800000e+00
   2.9800000e+00
   2.9790000e+00
   2.9780000e+00
   2.9780000e+00
   2.9770000e+00
   2.9770000e+00
   2.9760000e+00
   2.9760000e+00
   2.9750000e+00
   2.9740000e+00
   2.9740000e+00
   2.9730000e+00
   2.9730000e+00
   2.9720000e+00
   2.9720000e+00
   2.9710000e+00
   2.9700000e+00
   2.9700000e+00
   2.9690000e+00
   2.9680000e+00
   2.9680000e+00
   2.9670000e+00
   2.9670000e+00
   2.9660000e+00
   2.9650000e+00
   2.9650000e+00
   2.9640000e+00
   2.9640000e+00
   2.9630000e+00
   2.9620000e+00
   2.9620000e+00
   2.9610000e+00
   2.9610000e+00
   2.9600000e+00
   2.9600000e+00
   2.9590000e+00
   2.9590000e+00
   2.9580000e+00
   2.9580000e+00
   2.9570000e+00
   2.9570000e+00
   2.9560000e+00
   2.9560000e+00
   2.9560000e+00
   2.9550000e+00
   2.9550000e+00
   2.9550000e+00
   2.9540000e+00
   2.9540000e+00
   2.9540000e+00
   2.9530000e+00
   2.9530000e+00
   2.9530000e+00
   2.9530000e+00
   2.9530000e+00
   2.9520000e+00
   2.9520000e+00
   2.9520000e+00
   2.9520000e+00
   2.9520000e+00
   2.9520000e+00
   2.9520000e+00
   2.9520000e+00
   2.9520000e+00
   2.9520000e+00
   2.9520000e+00
   2.9510000e+00
   2.9510000e+00
   2.9520000e+00
   2.9520000e+00
   2.9520000e+00
   2.9520000e+00
   2.9520000e+00
   2.9520000e+00
   2.9520000e+00
   2.9520000e+00
   2.9520000e+00
   2.9530000e+00
   2.9530000e+00
   2.9530000e+00
   2.9530000e+00
   2.9540000e+00
   2.9540000e+00
   2.9540000e+00
