   7.3700000e+00
   7.3700000e+00
   7.3700000e+00
   7.3700000e+00
   7.3690000e+00
   7.3690000e+00
   7.3680000e+00
   7.3680000e+00
   7.3670000e+00
   7.3660000e+00
   7.3650000e+00
   7.3640000e+00
   7.3630000e+00
   7.3610000e+00
   7.3600000e+00
   7.3590000e+00
   7.3570000e+00
   7.3560000e+00
   7.3540000e+00
   7.3530000e+00
   7.3510000e+00
   7.3490000e+00
   7.3480000e+00
   7.3460000e+00
   7.3450000e+00
   7.3430000e+00
   7.3410000e+00
   7.3400000e+00
   7.3380000e+00
   7.3370000e+00
   7.3350000e+00
   7.3340000e+00
   7.3320000e+00
   7.3310000e+00
   7.3290000e+00
   7.3280000e+00
   7.3270000e+00
   7.3250000e+00
   7.3240000e+00
   7.3220000e+00
   7.3210000e+00
   7.3190000e+00
   7.3180000e+00
   7.3170000e+00
   7.3150000e+00
   7.3140000e+00
   7.3120000e+00
   7.3110000e+00
   7.3100000e+00
   7.3080000e+00
   7.3070000e+00
   7.3050000e+00
   7.3050000e+00
   7.3040000e+00
   7.3020000e+00
   7.3010000e+00
   7.3000000e+00
   7.3000000e+00
   7.2990000e+00
   7.2980000e+00
   7.2980000e+00
   7.2970000e+00
   7.2960000e+00
   7.2960000e+00
   7.2960000e+00
   7.2950000e+00
   7.2950000e+00
   7.2950000e+00
   7.2950000e+00
   7.2940000e+00
   7.2940000e+00
   7.2940000e+00
   7.2940000e+00
   7.2940000e+00
   7.2940000e+00
   7.2940000e+00
   7.2940000e+00
   7.2940000e+00
   7.2940000e+00
   7.2940000e+00
   7.2940000e+00
   7.2950000e+00
   7.2950000e+00
   7.2950000e+00
   7.2950000e+00
   7.2950000e+00
   7.2950000e+00
   7.2950000e+00
   7.2950000e+00
   7.2950000e+00
   7.2950000e+00
   7.2950000e+00
   7.2950000e+00
   7.2950000e+00
   7.2950000e+00
   7.2950000e+00
   7.2950000e+00
   7.2950000e+00
   7.2940000e+00
   7.2940000e+00
   7.2940000e+00
   7.2940000e+00
   7.2930000e+00
   7.2930000e+00
   7.2930000e+00
   7.2930000e+00
   7.2920000e+00
   7.2920000e+00
   7.2910000e+00
   7.2910000e+00
   7.2910000e+00
   7.2900000e+00
   7.2900000e+00
   7.2900000e+00
   7.2890000e+00
   7.2890000e+00
   7.2880000e+00
   7.2880000e+00
   7.2880000e+00
   7.2870000e+00
   7.2870000e+00
   7.2860000e+00
   7.2860000e+00
   7.2850000e+00
   7.2850000e+00
   7.2850000e+00
   7.2840000e+00
   7.2830000e+00
   7.2830000e+00
   7.2830000e+00
   7.2820000e+00
   7.2810000e+00
   7.2810000e+00
   7.2800000e+00
   7.2790000e+00
   7.2790000e+00
   7.2780000e+00
   7.2770000e+00
   7.2770000e+00
   7.2760000e+00
   7.2760000e+00
   7.2750000e+00
   7.2750000e+00
   7.2740000e+00
   7.2730000e+00
   7.2730000e+00
   7.2720000e+00
   7.2710000e+00
   7.2710000e+00
   7.2700000e+00
   7.2690000e+00
   7.2690000e+00
   7.2680000e+00
   7.2670000e+00
   7.2670000e+00
   7.2660000e+00
   7.2650000e+00
   7.2640000e+00
   7.2640000e+00
   7.2630000e+00
   7.2620000e+00
   7.2620000e+00
   7.2610000e+00
   7.2600000e+00
   7.2600000e+00
   7.2590000e+00
   7.2590000e+00
   7.2580000e+00
   7.2570000e+00
   7.2570000e+00
   7.2560000e+00
   7.2560000e+00
   7.2560000e+00
   7.2560000e+00
   7.2560000e+00
   7.2560000e+00
   7.2570000e+00
   7.2570000e+00
   7.2590000e+00
   7.2600000e+00
   7.2610000e+00
   7.2630000e+00
   7.2650000e+00
   7.2670000e+00
   7.2690000e+00
   7.2720000e+00
   7.2750000e+00
   7.2780000e+00
   7.2820000e+00
   7.2850000e+00
   7.2890000e+00
   7.2940000e+00
   7.2980000e+00
   7.3030000e+00
   7.3070000e+00
   7.3120000e+00
   7.3170000e+00
   7.3230000e+00
   7.3280000e+00
   7.3340000e+00
   7.3390000e+00
   7.3450000e+00
   7.3500000e+00
   7.3560000e+00
   7.3610000e+00
   7.3670000e+00
   7.3730000e+00
   7.3780000e+00
   7.3840000e+00
   7.3890000e+00
   7.3950000e+00
   7.4000000e+00
   7.4050000e+00
   7.4100000e+00
   7.4160000e+00
   7.4200000e+00
   7.4250000e+00
   7.4300000e+00
   7.4350000e+00
   7.4390000e+00
   7.4430000e+00
   7.4470000e+00
   7.4510000e+00
   7.4550000e+00
   7.4590000e+00
   7.4620000e+00
   7.4650000e+00
   7.4690000e+00
   7.4720000e+00
   7.4750000e+00
   7.4780000e+00
   7.4800000e+00
   7.4820000e+00
   7.4850000e+00
   7.4870000e+00
   7.4890000e+00
   7.4910000e+00
   7.4920000e+00
   7.4940000e+00
   7.4950000e+00
   7.4970000e+00
   7.4980000e+00
   7.4990000e+00
   7.5000000e+00
   7.5000000e+00
   7.5010000e+00
   7.5010000e+00
   7.5020000e+00
   7.5020000e+00
   7.5020000e+00
   7.5020000e+00
   7.5020000e+00
   7.5020000e+00
   7.5010000e+00
   7.5010000e+00
   7.5000000e+00
   7.4990000e+00
   7.4990000e+00
   7.4980000e+00
   7.4970000e+00
   7.4960000e+00
   7.4940000e+00
   7.4930000e+00
   7.4920000e+00
   7.4900000e+00
   7.4890000e+00
   7.4870000e+00
   7.4850000e+00
   7.4830000e+00
   7.4810000e+00
   7.4800000e+00
   7.4770000e+00
   7.4750000e+00
   7.4730000e+00
   7.4710000e+00
   7.4680000e+00
   7.4660000e+00
   7.4630000e+00
   7.4610000e+00
   7.4580000e+00
   7.4560000e+00
   7.4530000e+00
   7.4500000e+00
   7.4470000e+00
   7.4450000e+00
   7.4420000e+00
   7.4390000e+00
   7.4360000e+00
   7.4340000e+00
   7.4310000e+00
   7.4280000e+00
   7.4250000e+00
   7.4230000e+00
   7.4200000e+00
   7.4180000e+00
   7.4160000e+00
   7.4140000e+00
   7.4120000e+00
   7.4110000e+00
   7.4090000e+00
   7.4090000e+00
   7.4080000e+00
   7.4080000e+00
   7.4080000e+00
   7.4080000e+00
   7.4090000e+00
   7.4110000e+00
   7.4120000e+00
   7.4140000e+00
   7.4170000e+00
   7.4200000e+00
   7.4230000e+00
   7.4270000e+00
   7.4310000e+00
   7.4350000e+00
   7.4400000e+00
   7.4450000e+00
   7.4500000e+00
   7.4560000e+00
   7.4610000e+00
   7.4670000e+00
   7.4730000e+00
   7.4800000e+00
   7.4860000e+00
   7.4920000e+00
   7.4990000e+00
   7.5050000e+00
   7.5120000e+00
   7.5180000e+00
   7.5250000e+00
   7.5320000e+00
   7.5380000e+00
   7.5440000e+00
   7.5510000e+00
   7.5570000e+00
   7.5630000e+00
   7.5690000e+00
   7.5750000e+00
   7.5800000e+00
   7.5860000e+00
   7.5910000e+00
   7.5960000e+00
   7.6010000e+00
   7.6060000e+00
   7.6100000e+00
   7.6150000e+00
   7.6190000e+00
   7.6240000e+00
   7.6280000e+00
   7.6320000e+00
   7.6360000e+00
   7.6400000e+00
   7.6440000e+00
   7.6480000e+00
   7.6520000e+00
   7.6550000e+00
   7.6590000e+00
   7.6640000e+00
   7.6680000e+00
   7.6720000e+00
   7.6760000e+00
   7.6810000e+00
   7.6850000e+00
   7.6900000e+00
   7.6960000e+00
   7.7010000e+00
   7.7060000e+00
   7.7110000e+00
   7.7170000e+00
   7.7230000e+00
   7.7290000e+00
   7.7350000e+00
   7.7420000e+00
   7.7480000e+00
   7.7550000e+00
   7.7610000e+00
   7.7680000e+00
   7.7750000e+00
   7.7820000e+00
   7.7880000e+00
   7.7950000e+00
   7.8020000e+00
   7.8090000e+00
   7.8160000e+00
   7.8230000e+00
   7.8290000e+00
   7.8360000e+00
   7.8420000e+00
   7.8480000e+00
   7.8550000e+00
   7.8610000e+00
   7.8670000e+00
   7.8730000e+00
   7.8780000e+00
   7.8840000e+00
   7.8890000e+00
   7.8940000e+00
   7.8990000e+00
   7.9040000e+00
   7.9100000e+00
   7.9140000e+00
   7.9190000e+00
   7.9250000e+00
   7.9300000e+00
   7.9350000e+00
   7.9400000e+00
   7.9450000e+00
   7.9510000e+00
   7.9570000e+00
   7.9630000e+00
   7.9690000e+00
   7.9760000e+00
   7.9830000e+00
   7.9900000e+00
   7.9980000e+00
   8.0060000e+00
   8.0140000e+00
   8.0230000e+00
   8.0310000e+00
   8.0410000e+00
   8.0500000e+00
   8.0600000e+00
   8.0700000e+00
   8.0800000e+00
   8.0900000e+00
   8.1010000e+00
   8.1120000e+00
   8.1220000e+00
   8.1330000e+00
   8.1440000e+00
   8.1550000e+00
   8.1660000e+00
   8.1770000e+00
   8.1870000e+00
   8.1970000e+00
   8.2070000e+00
   8.2170000e+00
   8.2260000e+00
   8.2350000e+00
   8.2450000e+00
   8.2530000e+00
   8.2610000e+00
   8.2690000e+00
   8.2770000e+00
   8.2840000e+00
   8.2910000e+00
   8.2970000e+00
   8.3030000e+00
   8.3090000e+00
   8.3140000e+00
   8.3200000e+00
   8.3240000e+00
   8.3280000e+00
   8.3320000e+00
   8.3350000e+00
   8.3380000e+00
   8.3410000e+00
   8.3430000e+00
   8.3450000e+00
   8.3460000e+00
   8.3470000e+00
   8.3480000e+00
   8.3480000e+00
   8.3480000e+00
   8.3480000e+00
   8.3470000e+00
   8.3460000e+00
   8.3450000e+00
   8.3430000e+00
   8.3410000e+00
   8.3380000e+00
   8.3360000e+00
   8.3330000e+00
   8.3290000e+00
   8.3260000e+00
   8.3220000e+00
   8.3170000e+00
   8.3130000e+00
   8.3080000e+00
   8.3030000e+00
   8.2970000e+00
   8.2920000e+00
   8.2860000e+00
   8.2790000e+00
   8.2730000e+00
   8.2660000e+00
   8.2590000e+00
   8.2520000e+00
   8.2440000e+00
   8.2360000e+00
   8.2280000e+00
   8.2190000e+00
   8.2110000e+00
   8.2020000e+00
   8.1930000e+00
   8.1840000e+00
   8.1740000e+00
   8.1640000e+00
   8.1540000e+00
   8.1440000e+00
   8.1340000e+00
   8.1240000e+00
   8.1130000e+00
   8.1020000e+00
   8.0920000e+00
   8.0810000e+00
   8.0700000e+00
   8.0590000e+00
   8.0480000e+00
   8.0370000e+00
   8.0260000e+00
   8.0140000e+00
   8.0030000e+00
   7.9920000e+00
   7.9810000e+00
   7.9700000e+00
   7.9580000e+00
   7.9470000e+00
   7.9360000e+00
   7.9250000e+00
   7.9140000e+00
   7.9030000e+00
   7.8930000e+00
   7.8820000e+00
   7.8710000e+00
   7.8610000e+00
   7.8500000e+00
   7.8390000e+00
   7.8290000e+00
   7.8190000e+00
   7.8090000e+00
   7.7980000e+00
   7.7890000e+00
   7.7790000e+00
   7.7690000e+00
   7.7590000e+00
   7.7500000e+00
   7.7410000e+00
   7.7310000e+00
   7.7220000e+00
   7.7130000e+00
   7.7040000e+00
   7.6960000e+00
   7.6870000e+00
   7.6780000e+00
   7.6700000e+00
   7.6610000e+00
   7.6530000e+00
   7.6450000e+00
   7.6380000e+00
   7.6300000e+00
   7.6220000e+00
   7.6150000e+00
   7.6070000e+00
   7.6000000e+00
   7.5930000e+00
   7.5860000e+00
   7.5790000e+00
   7.5720000e+00
   7.5650000e+00
   7.5590000e+00
   7.5520000e+00
   7.5460000e+00
   7.5400000e+00
   7.5340000e+00
   7.5280000e+00
   7.5220000e+00
   7.5160000e+00
   7.5110000e+00
   7.5050000e+00
   7.5000000e+00
   7.4940000e+00
   7.4890000e+00
   7.4840000e+00
   7.4790000e+00
   7.4740000e+00
   7.4690000e+00
   7.4650000e+00
   7.4600000e+00
   7.4550000e+00
   7.4510000e+00
   7.4460000e+00
   7.4420000e+00
   7.4380000e+00
   7.4340000e+00
   7.4300000e+00
   7.4260000e+00
   7.4220000e+00
   7.4170000e+00
   7.4140000e+00
   7.4100000e+00
   7.4060000e+00
   7.4020000e+00
   7.3980000e+00
   7.3940000e+00
   7.3900000e+00
   7.3860000e+00
   7.3830000e+00
   7.3790000e+00
   7.3760000e+00
   7.3730000e+00
   7.3690000e+00
   7.3660000e+00
   7.3630000e+00
   7.3600000e+00
   7.3570000e+00
   7.3530000e+00
   7.3500000e+00
   7.3470000e+00
   7.3450000e+00
   7.3420000e+00
   7.3390000e+00
   7.3360000e+00
   7.3330000e+00
   7.3300000e+00
   7.3270000e+00
   7.3240000e+00
   7.3210000e+00
   7.3190000e+00
   7.3160000e+00
   7.3130000e+00
   7.3110000e+00
   7.3080000e+00
   7.3060000e+00
   7.3030000e+00
   7.3000000e+00
   7.2980000e+00
   7.2950000e+00
   7.2930000e+00
   7.2900000e+00
   7.2880000e+00
   7.2860000e+00
   7.2840000e+00
   7.2820000e+00
   7.2790000e+00
   7.2770000e+00
   7.2750000e+00
   7.2730000e+00
   7.2720000e+00
   7.2700000e+00
   7.2680000e+00
   7.2660000e+00
   7.2650000e+00
   7.2630000e+00
   7.2610000e+00
   7.2600000e+00
   7.2580000e+00
   7.2570000e+00
   7.2550000e+00
   7.2540000e+00
   7.2530000e+00
   7.2510000e+00
   7.2500000e+00
   7.2490000e+00
   7.2470000e+00
   7.2470000e+00
   7.2450000e+00
   7.2440000e+00
   7.2430000e+00
   7.2420000e+00
   7.2410000e+00
   7.2400000e+00
   7.2390000e+00
   7.2380000e+00
   7.2370000e+00
   7.2370000e+00
   7.2360000e+00
   7.2350000e+00
   7.2340000e+00
   7.2340000e+00
   7.2330000e+00
   7.2330000e+00
   7.2320000e+00
   7.2320000e+00
   7.2320000e+00
   7.2310000e+00
   7.2310000e+00
   7.2310000e+00
   7.2310000e+00
   7.2300000e+00
   7.2300000e+00
   7.2300000e+00
   7.2300000e+00
   7.2300000e+00
   7.2300000e+00
   7.2310000e+00
   7.2310000e+00
   7.2310000e+00
   7.2310000e+00
   7.2320000e+00
   7.2320000e+00
   7.2320000e+00
   7.2320000e+00
   7.2320000e+00
   7.2330000e+00
   7.2330000e+00
   7.2330000e+00
   7.2340000e+00
   7.2340000e+00
   7.2340000e+00
   7.2350000e+00
   7.2350000e+00
   7.2350000e+00
   7.2360000e+00
   7.2360000e+00
   7.2360000e+00
   7.2370000e+00
   7.2370000e+00
   7.2370000e+00
   7.2380000e+00
   7.2380000e+00
   7.2380000e+00
   7.2390000e+00
   7.2390000e+00
   7.2390000e+00
   7.2400000e+00
   7.2400000e+00
   7.2400000e+00
   7.2400000e+00
   7.2400000e+00
   7.2410000e+00
   7.2410000e+00
   7.2410000e+00
   7.2410000e+00
   7.2410000e+00
   7.2410000e+00
   7.2410000e+00
   7.2410000e+00
   7.2410000e+00
   7.2410000e+00
   7.2410000e+00
   7.2410000e+00
   7.2410000e+00
   7.2410000e+00
   7.2410000e+00
   7.2400000e+00
   7.2400000e+00
   7.2400000e+00
   7.2390000e+00
   7.2390000e+00
   7.2390000e+00
   7.2390000e+00
   7.2380000e+00
   7.2380000e+00
   7.2380000e+00
   7.2370000e+00
   7.2370000e+00
   7.2370000e+00
   7.2360000e+00
   7.2360000e+00
   7.2350000e+00
   7.2350000e+00
   7.2340000e+00
   7.2340000e+00
   7.2340000e+00
   7.2330000e+00
   7.2330000e+00
   7.2320000e+00
   7.2320000e+00
   7.2320000e+00
   7.2310000e+00
   7.2310000e+00
   7.2310000e+00
   7.2300000e+00
   7.2300000e+00
   7.2300000e+00
   7.2300000e+00
   7.2290000e+00
   7.2290000e+00
   7.2300000e+00
   7.2290000e+00
   7.2300000e+00
   7.2290000e+00
   7.2300000e+00
   7.2300000e+00
   7.2300000e+00
   7.2310000e+00
   7.2310000e+00
   7.2320000e+00
   7.2330000e+00
   7.2330000e+00
   7.2340000e+00
   7.2350000e+00
   7.2350000e+00
   7.2370000e+00
   7.2380000e+00
   7.2390000e+00
   7.2400000e+00
   7.2410000e+00
   7.2420000e+00
   7.2440000e+00
   7.2450000e+00
   7.2470000e+00
   7.2490000e+00
   7.2500000e+00
   7.2520000e+00
   7.2530000e+00
   7.2550000e+00
   7.2560000e+00
   7.2580000e+00
   7.2600000e+00
   7.2610000e+00
   7.2630000e+00
   7.2650000e+00
   7.2670000e+00
   7.2680000e+00
   7.2700000e+00
   7.2710000e+00
   7.2730000e+00
   7.2740000e+00
   7.2760000e+00
   7.2780000e+00
   7.2790000e+00
   7.2810000e+00
   7.2820000e+00
   7.2830000e+00
   7.2850000e+00
   7.2860000e+00
   7.2880000e+00
   7.2890000e+00
   7.2900000e+00
   7.2910000e+00
   7.2920000e+00
   7.2930000e+00
   7.2940000e+00
   7.2950000e+00
   7.2960000e+00
   7.2970000e+00
   7.2980000e+00
   7.2990000e+00
   7.3000000e+00
   7.3000000e+00
   7.3010000e+00
   7.3020000e+00
   7.3020000e+00
   7.3030000e+00
   7.3030000e+00
   7.3030000e+00
   7.3040000e+00
   7.3040000e+00
   7.3040000e+00
   7.3050000e+00
   7.3040000e+00
   7.3050000e+00
   7.3050000e+00
   7.3050000e+00
   7.3050000e+00
   7.3040000e+00
   7.3040000e+00
   7.3040000e+00
   7.3040000e+00
   7.3030000e+00
   7.3030000e+00
   7.3030000e+00
   7.3030000e+00
   7.3020000e+00
   7.3020000e+00
   7.3010000e+00
   7.3010000e+00
   7.3000000e+00
   7.3000000e+00
   7.2990000e+00
   7.2980000e+00
   7.2970000e+00
   7.2970000e+00
   7.2960000e+00
   7.2950000e+00
   7.2940000e+00
   7.2940000e+00
   7.2930000e+00
   7.2920000e+00
   7.2910000e+00
   7.2900000e+00
   7.2890000e+00
   7.2880000e+00
   7.2860000e+00
   7.2850000e+00
   7.2840000e+00
   7.2830000e+00
   7.2820000e+00
   7.2800000e+00
   7.2790000e+00
   7.2780000e+00
   7.2770000e+00
   7.2760000e+00
   7.2750000e+00
   7.2730000e+00
   7.2720000e+00
   7.2710000e+00
   7.2700000e+00
   7.2690000e+00
   7.2680000e+00
   7.2670000e+00
   7.2660000e+00
   7.2660000e+00
   7.2650000e+00
   7.2640000e+00
   7.2630000e+00
   7.2620000e+00
   7.2610000e+00
   7.2610000e+00
   7.2600000e+00
   7.2590000e+00
   7.2580000e+00
   7.2570000e+00
   7.2560000e+00
   7.2550000e+00
   7.2550000e+00
   7.2540000e+00
   7.2530000e+00
   7.2520000e+00
   7.2510000e+00
   7.2500000e+00
   7.2490000e+00
   7.2480000e+00
   7.2470000e+00
   7.2460000e+00
   7.2450000e+00
   7.2440000e+00
   7.2430000e+00
   7.2430000e+00
   7.2410000e+00
   7.2400000e+00
   7.2400000e+00
   7.2390000e+00
   7.2380000e+00
   7.2370000e+00
   7.2360000e+00
   7.2350000e+00
   7.2340000e+00
   7.2330000e+00
   7.2320000e+00
   7.2320000e+00
   7.2310000e+00
   7.2300000e+00
   7.2290000e+00
   7.2280000e+00
   7.2280000e+00
   7.2270000e+00
   7.2260000e+00
   7.2250000e+00
   7.2250000e+00
   7.2240000e+00
   7.2230000e+00
   7.2220000e+00
   7.2210000e+00
   7.2210000e+00
   7.2200000e+00
   7.2190000e+00
   7.2180000e+00
   7.2180000e+00
   7.2170000e+00
   7.2160000e+00
   7.2150000e+00
   7.2150000e+00
   7.2140000e+00
   7.2130000e+00
   7.2130000e+00
   7.2120000e+00
   7.2120000e+00
   7.2110000e+00
   7.2100000e+00
   7.2090000e+00
   7.2090000e+00
   7.2080000e+00
   7.2080000e+00
   7.2070000e+00
   7.2070000e+00
   7.2060000e+00
   7.2050000e+00
   7.2050000e+00
   7.2040000e+00
   7.2030000e+00
   7.2020000e+00
   7.2020000e+00
   7.2010000e+00
   7.2010000e+00
   7.2000000e+00
   7.1990000e+00
   7.1990000e+00
   7.1980000e+00
   7.1970000e+00
   7.1960000e+00
   7.1960000e+00
   7.1950000e+00
   7.1940000e+00
   7.1930000e+00
   7.1930000e+00
   7.1920000e+00
   7.1910000e+00
   7.1910000e+00
   7.1900000e+00
   7.1890000e+00
   7.1890000e+00
   7.1880000e+00
   7.1870000e+00
   7.1870000e+00
   7.1860000e+00
   7.1850000e+00
   7.1850000e+00
   7.1840000e+00
   7.1830000e+00
   7.1830000e+00
   7.1820000e+00
   7.1820000e+00
   7.1810000e+00
   7.1800000e+00
   7.1790000e+00
   7.1790000e+00
   7.1780000e+00
   7.1780000e+00
   7.1770000e+00
   7.1770000e+00
   7.1760000e+00
   7.1760000e+00
   7.1750000e+00
   7.1750000e+00
   7.1740000e+00
   7.1740000e+00
   7.1730000e+00
   7.1720000e+00
   7.1720000e+00
   7.1720000e+00
   7.1710000e+00
   7.1710000e+00
   7.1700000e+00
   7.1700000e+00
   7.1690000e+00
   7.1690000e+00
   7.1680000e+00
   7.1680000e+00
   7.1680000e+00
   7.1680000e+00
   7.1670000e+00
   7.1670000e+00
   7.1660000e+00
   7.1660000e+00
   7.1660000e+00
   7.1650000e+00
   7.1650000e+00
   7.1640000e+00
   7.1640000e+00
   7.1640000e+00
   7.1630000e+00
   7.1630000e+00
   7.1630000e+00
   7.1620000e+00
   7.1620000e+00
   7.1610000e+00
   7.1610000e+00
   7.1610000e+00
   7.1600000e+00
   7.1600000e+00
   7.1600000e+00
   7.1590000e+00
   7.1590000e+00
   7.1590000e+00
   7.1580000e+00
   7.1580000e+00
   7.1580000e+00
   7.1580000e+00
   7.1580000e+00
   7.1570000e+00
   7.1570000e+00
   7.1570000e+00
   7.1560000e+00
   7.1560000e+00
   7.1560000e+00
   7.1560000e+00
   7.1550000e+00
   7.1550000e+00
   7.1550000e+00
   7.1550000e+00
   7.1550000e+00
   7.1540000e+00
   7.1540000e+00
   7.1540000e+00
   7.1540000e+00
   7.1540000e+00
   7.1530000e+00
   7.1530000e+00
   7.1530000e+00
   7.1530000e+00
   7.1530000e+00
   7.1530000e+00
   7.1520000e+00
   7.1520000e+00
   7.1520000e+00
   7.1520000e+00
   7.1520000e+00
   7.1520000e+00
   7.1530000e+00
   7.1530000e+00
   7.1530000e+00
   7.1540000e+00
   7.1550000e+00
   7.1560000e+00
   7.1570000e+00
   7.1580000e+00
   7.1600000e+00
   7.1620000e+00
   7.1640000e+00
   7.1660000e+00
   7.1690000e+00
   7.1720000e+00
   7.1750000e+00
   7.1790000e+00
   7.1820000e+00
   7.1860000e+00
   7.1910000e+00
   7.1960000e+00
   7.2010000e+00
   7.2060000e+00
   7.2110000e+00
   7.2170000e+00
   7.2230000e+00
   7.2290000e+00
   7.2350000e+00
   7.2420000e+00
   7.2490000e+00
   7.2550000e+00
   7.2620000e+00
   7.2690000e+00
   7.2760000e+00
   7.2830000e+00
   7.2910000e+00
   7.2980000e+00
   7.3050000e+00
   7.3120000e+00
   7.3200000e+00
   7.3270000e+00
   7.3340000e+00
   7.3410000e+00
   7.3480000e+00
   7.3550000e+00
   7.3620000e+00
   7.3690000e+00
   7.3760000e+00
   7.3820000e+00
   7.3890000e+00
   7.3950000e+00
   7.4010000e+00
   7.4070000e+00
   7.4130000e+00
   7.4180000e+00
   7.4240000e+00
   7.4290000e+00
   7.4350000e+00
   7.4400000e+00
   7.4450000e+00
   7.4500000e+00
   7.4550000e+00
   7.4590000e+00
   7.4640000e+00
   7.4680000e+00
   7.4720000e+00
   7.4760000e+00
   7.4810000e+00
   7.4840000e+00
   7.4880000e+00
   7.4920000e+00
   7.4960000e+00
   7.4990000e+00
   7.5030000e+00
   7.5060000e+00
   7.5090000e+00
   7.5120000e+00
   7.5150000e+00
   7.5190000e+00
   7.5210000e+00
   7.5240000e+00
   7.5260000e+00
   7.5290000e+00
   7.5310000e+00
   7.5330000e+00
   7.5350000e+00
   7.5370000e+00
   7.5390000e+00
   7.5400000e+00
   7.5420000e+00
   7.5430000e+00
   7.5450000e+00
   7.5460000e+00
   7.5460000e+00
   7.5470000e+00
   7.5480000e+00
   7.5480000e+00
   7.5490000e+00
   7.5490000e+00
   7.5490000e+00
   7.5490000e+00
   7.5490000e+00
   7.5480000e+00
   7.5480000e+00
   7.5470000e+00
   7.5470000e+00
   7.5460000e+00
   7.5450000e+00
   7.5440000e+00
   7.5420000e+00
   7.5410000e+00
   7.5400000e+00
   7.5380000e+00
   7.5370000e+00
   7.5350000e+00
   7.5330000e+00
   7.5310000e+00
   7.5290000e+00
   7.5270000e+00
   7.5250000e+00
   7.5230000e+00
   7.5210000e+00
   7.5180000e+00
   7.5160000e+00
   7.5130000e+00
   7.5110000e+00
   7.5080000e+00
   7.5060000e+00
   7.5030000e+00
   7.5000000e+00
   7.4980000e+00
   7.4950000e+00
   7.4920000e+00
   7.4890000e+00
   7.4860000e+00
   7.4830000e+00
   7.4800000e+00
   7.4770000e+00
   7.4740000e+00
   7.4710000e+00
   7.4680000e+00
   7.4650000e+00
   7.4610000e+00
   7.4580000e+00
   7.4550000e+00
   7.4520000e+00
   7.4490000e+00
   7.4460000e+00
   7.4430000e+00
   7.4400000e+00
   7.4370000e+00
   7.4330000e+00
   7.4300000e+00
   7.4270000e+00
   7.4240000e+00
   7.4210000e+00
   7.4180000e+00
   7.4150000e+00
   7.4120000e+00
   7.4090000e+00
   7.4060000e+00
   7.4030000e+00
   7.4000000e+00
   7.3970000e+00
   7.3940000e+00
   7.3910000e+00
   7.3880000e+00
   7.3850000e+00
   7.3820000e+00
   7.3790000e+00
   7.3770000e+00
   7.3740000e+00
   7.3710000e+00
   7.3680000e+00
   7.3660000e+00
   7.3630000e+00
   7.3610000e+00
   7.3580000e+00
   7.3560000e+00
   7.3530000e+00
   7.3510000e+00
   7.3480000e+00
   7.3460000e+00
   7.3440000e+00
   7.3410000e+00
   7.3390000e+00
   7.3370000e+00
   7.3350000e+00
   7.3320000e+00
   7.3300000e+00
   7.3280000e+00
   7.3260000e+00
   7.3240000e+00
   7.3220000e+00
   7.3190000e+00
   7.3170000e+00
   7.3150000e+00
   7.3130000e+00
   7.3110000e+00
   7.3100000e+00
   7.3080000e+00
   7.3060000e+00
   7.3040000e+00
   7.3020000e+00
   7.3000000e+00
   7.2990000e+00
   7.2970000e+00
   7.2950000e+00
   7.2940000e+00
   7.2920000e+00
   7.2910000e+00
   7.2890000e+00
   7.2870000e+00
   7.2860000e+00
   7.2840000e+00
   7.2830000e+00
   7.2810000e+00
   7.2800000e+00
   7.2780000e+00
   7.2770000e+00
   7.2760000e+00
   7.2740000e+00
   7.2730000e+00
   7.2710000e+00
   7.2700000e+00
   7.2690000e+00
   7.2680000e+00
   7.2660000e+00
   7.2650000e+00
   7.2640000e+00
   7.2630000e+00
   7.2610000e+00
   7.2600000e+00
   7.2590000e+00
   7.2580000e+00
   7.2570000e+00
   7.2550000e+00
   7.2540000e+00
   7.2530000e+00
   7.2520000e+00
   7.2510000e+00
   7.2500000e+00
   7.2490000e+00
   7.2480000e+00
   7.2470000e+00
   7.2460000e+00
   7.2450000e+00
   7.2440000e+00
   7.2430000e+00
   7.2420000e+00
   7.2410000e+00
   7.2400000e+00
   7.2390000e+00
   7.2380000e+00
   7.2380000e+00
   7.2370000e+00
   7.2360000e+00
   7.2350000e+00
   7.2340000e+00
   7.2330000e+00
   7.2320000e+00
   7.2320000e+00
   7.2310000e+00
   7.2300000e+00
   7.2290000e+00
   7.2280000e+00
   7.2280000e+00
   7.2270000e+00
   7.2260000e+00
   7.2250000e+00
   7.2250000e+00
   7.2240000e+00
   7.2230000e+00
   7.2220000e+00
   7.2210000e+00
   7.2210000e+00
   7.2200000e+00
   7.2190000e+00
   7.2190000e+00
   7.2180000e+00
   7.2170000e+00
   7.2160000e+00
   7.2160000e+00
   7.2150000e+00
   7.2140000e+00
   7.2140000e+00
   7.2130000e+00
   7.2120000e+00
   7.2120000e+00
   7.2110000e+00
   7.2100000e+00
   7.2100000e+00
   7.2090000e+00
   7.2090000e+00
   7.2080000e+00
   7.2070000e+00
   7.2070000e+00
   7.2060000e+00
   7.2050000e+00
   7.2050000e+00
   7.2040000e+00
   7.2040000e+00
   7.2030000e+00
   7.2030000e+00
   7.2020000e+00
   7.2010000e+00
   7.2010000e+00
   7.2010000e+00
   7.2000000e+00
   7.1990000e+00
   7.1990000e+00
   7.1980000e+00
   7.1980000e+00
   7.1970000e+00
   7.1970000e+00
   7.1970000e+00
   7.1960000e+00
   7.1960000e+00
   7.1950000e+00
   7.1950000e+00
   7.1940000e+00
   7.1940000e+00
   7.1940000e+00
   7.1930000e+00
   7.1930000e+00
   7.1930000e+00
   7.1920000e+00
   7.1910000e+00
   7.1910000e+00
   7.1910000e+00
   7.1910000e+00
   7.1900000e+00
   7.1900000e+00
   7.1890000e+00
   7.1890000e+00
   7.1880000e+00
   7.1880000e+00
   7.1880000e+00
   7.1870000e+00
   7.1870000e+00
   7.1870000e+00
   7.1860000e+00
   7.1860000e+00
   7.1850000e+00
   7.1850000e+00
   7.1840000e+00
   7.1840000e+00
   7.1840000e+00
   7.1830000e+00
   7.1830000e+00
   7.1820000e+00
   7.1820000e+00
   7.1820000e+00
   7.1810000e+00
   7.1810000e+00
   7.1810000e+00
   7.1800000e+00
   7.1800000e+00
   7.1800000e+00
   7.1790000e+00
   7.1790000e+00
   7.1790000e+00
   7.1780000e+00
   7.1780000e+00
   7.1780000e+00
   7.1780000e+00
   7.1780000e+00
   7.1780000e+00
   7.1780000e+00
   7.1780000e+00
   7.1780000e+00
   7.1780000e+00
   7.1790000e+00
   7.1790000e+00
   7.1800000e+00
   7.1820000e+00
   7.1830000e+00
   7.1850000e+00
   7.1870000e+00
   7.1890000e+00
   7.1920000e+00
   7.1960000e+00
   7.2000000e+00
   7.2040000e+00
   7.2080000e+00
   7.2130000e+00
   7.2190000e+00
   7.2250000e+00
   7.2310000e+00
   7.2380000e+00
   7.2450000e+00
   7.2530000e+00
   7.2620000e+00
   7.2710000e+00
   7.2800000e+00
   7.2890000e+00
   7.2990000e+00
   7.3100000e+00
   7.3200000e+00
   7.3310000e+00
   7.3430000e+00
   7.3540000e+00
   7.3660000e+00
   7.3780000e+00
   7.3900000e+00
   7.4030000e+00
   7.4150000e+00
   7.4280000e+00
   7.4410000e+00
   7.4530000e+00
   7.4660000e+00
   7.4790000e+00
   7.4920000e+00
   7.5050000e+00
   7.5170000e+00
   7.5300000e+00
   7.5430000e+00
   7.5550000e+00
   7.5670000e+00
   7.5800000e+00
   7.5920000e+00
   7.6040000e+00
   7.6150000e+00
   7.6270000e+00
   7.6390000e+00
   7.6500000e+00
   7.6620000e+00
   7.6730000e+00
   7.6840000e+00
   7.6950000e+00
   7.7060000e+00
   7.7160000e+00
   7.7260000e+00
   7.7360000e+00
   7.7460000e+00
   7.7560000e+00
   7.7650000e+00
   7.7740000e+00
   7.7830000e+00
   7.7920000e+00
   7.8010000e+00
   7.8100000e+00
   7.8180000e+00
   7.8270000e+00
   7.8350000e+00
   7.8430000e+00
   7.8510000e+00
   7.8590000e+00
   7.8670000e+00
   7.8750000e+00
   7.8830000e+00
   7.8910000e+00
   7.8990000e+00
   7.9060000e+00
   7.9140000e+00
   7.9210000e+00
   7.9290000e+00
   7.9360000e+00
   7.9440000e+00
   7.9510000e+00
   7.9580000e+00
   7.9650000e+00
   7.9720000e+00
   7.9790000e+00
   7.9860000e+00
   7.9920000e+00
   7.9990000e+00
   8.0050000e+00
   8.0110000e+00
   8.0170000e+00
   8.0230000e+00
   8.0290000e+00
   8.0340000e+00
   8.0390000e+00
   8.0440000e+00
   8.0480000e+00
   8.0520000e+00
   8.0560000e+00
   8.0590000e+00
   8.0630000e+00
   8.0650000e+00
   8.0680000e+00
   8.0700000e+00
   8.0720000e+00
   8.0730000e+00
   8.0750000e+00
   8.0760000e+00
   8.0770000e+00
   8.0770000e+00
   8.0770000e+00
   8.0770000e+00
   8.0770000e+00
   8.0760000e+00
   8.0750000e+00
   8.0740000e+00
   8.0720000e+00
   8.0710000e+00
   8.0690000e+00
   8.0660000e+00
   8.0640000e+00
   8.0620000e+00
   8.0590000e+00
   8.0560000e+00
   8.0530000e+00
   8.0500000e+00
   8.0460000e+00
   8.0430000e+00
   8.0390000e+00
   8.0350000e+00
   8.0310000e+00
   8.0270000e+00
   8.0230000e+00
   8.0190000e+00
   8.0140000e+00
   8.0090000e+00
   8.0040000e+00
   7.9990000e+00
   7.9950000e+00
   7.9900000e+00
   7.9850000e+00
   7.9790000e+00
   7.9740000e+00
   7.9680000e+00
   7.9630000e+00
   7.9570000e+00
   7.9510000e+00
   7.9450000e+00
   7.9400000e+00
   7.9340000e+00
   7.9270000e+00
   7.9210000e+00
   7.9150000e+00
   7.9090000e+00
   7.9020000e+00
   7.8960000e+00
   7.8890000e+00
   7.8830000e+00
   7.8770000e+00
   7.8700000e+00
   7.8640000e+00
   7.8570000e+00
   7.8500000e+00
   7.8440000e+00
   7.8370000e+00
   7.8300000e+00
   7.8240000e+00
   7.8170000e+00
   7.8100000e+00
   7.8030000e+00
   7.7960000e+00
   7.7900000e+00
   7.7830000e+00
   7.7760000e+00
   7.7690000e+00
   7.7620000e+00
   7.7550000e+00
   7.7480000e+00
   7.7410000e+00
   7.7350000e+00
   7.7280000e+00
   7.7210000e+00
   7.7140000e+00
   7.7070000e+00
   7.7000000e+00
   7.6940000e+00
   7.6870000e+00
   7.6800000e+00
   7.6740000e+00
   7.6670000e+00
   7.6610000e+00
   7.6540000e+00
   7.6480000e+00
   7.6420000e+00
   7.6350000e+00
   7.6290000e+00
   7.6230000e+00
   7.6170000e+00
   7.6110000e+00
   7.6050000e+00
   7.5990000e+00
   7.5930000e+00
   7.5870000e+00
   7.5810000e+00
   7.5760000e+00
   7.5700000e+00
   7.5650000e+00
   7.5590000e+00
   7.5530000e+00
   7.5480000e+00
   7.5430000e+00
   7.5380000e+00
   7.5330000e+00
   7.5280000e+00
   7.5220000e+00
   7.5170000e+00
   7.5130000e+00
   7.5080000e+00
   7.5030000e+00
   7.4980000e+00
   7.4940000e+00
   7.4900000e+00
   7.4850000e+00
   7.4810000e+00
   7.4760000e+00
   7.4720000e+00
   7.4680000e+00
   7.4640000e+00
   7.4600000e+00
   7.4560000e+00
   7.4520000e+00
   7.4480000e+00
   7.4440000e+00
   7.4400000e+00
   7.4370000e+00
   7.4330000e+00
   7.4300000e+00
   7.4260000e+00
   7.4230000e+00
   7.4190000e+00
   7.4160000e+00
   7.4130000e+00
   7.4100000e+00
   7.4070000e+00
   7.4040000e+00
   7.4010000e+00
   7.3980000e+00
   7.3950000e+00
   7.3920000e+00
   7.3890000e+00
   7.3870000e+00
   7.3840000e+00
   7.3820000e+00
   7.3790000e+00
   7.3760000e+00
   7.3740000e+00
   7.3710000e+00
   7.3690000e+00
   7.3670000e+00
   7.3650000e+00
   7.3620000e+00
   7.3600000e+00
   7.3580000e+00
   7.3560000e+00
   7.3540000e+00
   7.3520000e+00
   7.3500000e+00
   7.3480000e+00
   7.3460000e+00
   7.3440000e+00
   7.3420000e+00
   7.3400000e+00
   7.3380000e+00
   7.3370000e+00
   7.3350000e+00
   7.3340000e+00
   7.3320000e+00
   7.3300000e+00
   7.3280000e+00
   7.3270000e+00
   7.3250000e+00
   7.3240000e+00
   7.3220000e+00
   7.3200000e+00
   7.3190000e+00
   7.3180000e+00
   7.3160000e+00
   7.3150000e+00
   7.3130000e+00
   7.3120000e+00
   7.3110000e+00
   7.3090000e+00
   7.3080000e+00
   7.3070000e+00
   7.3060000e+00
   7.3040000e+00
   7.3030000e+00
   7.3020000e+00
   7.3010000e+00
   7.3000000e+00
   7.2980000e+00
   7.2970000e+00
   7.2960000e+00
   7.2950000e+00
   7.2940000e+00
   7.2930000e+00
   7.2920000e+00
   7.2910000e+00
   7.2900000e+00
   7.2890000e+00
   7.2880000e+00
   7.2870000e+00
   7.2860000e+00
   7.2850000e+00
   7.2840000e+00
   7.2830000e+00
   7.2830000e+00
   7.2820000e+00
   7.2810000e+00
   7.2800000e+00
   7.2790000e+00
   7.2780000e+00
   7.2770000e+00
   7.2770000e+00
   7.2760000e+00
   7.2750000e+00
   7.2750000e+00
   7.2740000e+00
   7.2740000e+00
   7.2730000e+00
   7.2720000e+00
   7.2720000e+00
   7.2720000e+00
   7.2710000e+00
   7.2720000e+00
   7.2720000e+00
   7.2720000e+00
   7.2720000e+00
   7.2730000e+00
   7.2740000e+00
   7.2750000e+00
   7.2760000e+00
   7.2780000e+00
   7.2800000e+00
   7.2820000e+00
   7.2850000e+00
   7.2880000e+00
   7.2910000e+00
   7.2950000e+00
   7.2990000e+00
   7.3030000e+00
   7.3080000e+00
   7.3130000e+00
   7.3190000e+00
   7.3250000e+00
   7.3310000e+00
   7.3380000e+00
   7.3450000e+00
   7.3520000e+00
   7.3600000e+00
   7.3670000e+00
   7.3750000e+00
   7.3840000e+00
   7.3920000e+00
   7.4010000e+00
   7.4090000e+00
   7.4180000e+00
   7.4270000e+00
   7.4360000e+00
   7.4450000e+00
   7.4540000e+00
   7.4620000e+00
   7.4710000e+00
   7.4800000e+00
   7.4880000e+00
   7.4970000e+00
   7.5050000e+00
   7.5140000e+00
   7.5220000e+00
   7.5300000e+00
   7.5370000e+00
   7.5450000e+00
   7.5530000e+00
   7.5600000e+00
   7.5670000e+00
   7.5730000e+00
   7.5800000e+00
   7.5870000e+00
   7.5930000e+00
   7.5990000e+00
   7.6040000e+00
   7.6100000e+00
   7.6150000e+00
   7.6200000e+00
   7.6250000e+00
   7.6300000e+00
   7.6340000e+00
   7.6380000e+00
   7.6430000e+00
   7.6470000e+00
   7.6510000e+00
   7.6540000e+00
   7.6580000e+00
   7.6620000e+00
   7.6650000e+00
   7.6690000e+00
   7.6720000e+00
   7.6760000e+00
   7.6790000e+00
   7.6830000e+00
   7.6860000e+00
   7.6890000e+00
   7.6920000e+00
   7.6950000e+00
   7.6990000e+00
   7.7020000e+00
   7.7050000e+00
   7.7080000e+00
   7.7110000e+00
   7.7140000e+00
   7.7160000e+00
   7.7190000e+00
   7.7220000e+00
   7.7240000e+00
   7.7270000e+00
   7.7290000e+00
   7.7320000e+00
   7.7330000e+00
   7.7360000e+00
   7.7380000e+00
   7.7390000e+00
   7.7410000e+00
   7.7430000e+00
   7.7440000e+00
   7.7450000e+00
   7.7460000e+00
   7.7470000e+00
   7.7480000e+00
   7.7490000e+00
   7.7490000e+00
   7.7490000e+00
   7.7490000e+00
   7.7490000e+00
   7.7490000e+00
   7.7480000e+00
   7.7470000e+00
   7.7470000e+00
   7.7460000e+00
   7.7450000e+00
   7.7430000e+00
   7.7420000e+00
   7.7400000e+00
