1.465
1.465
1.465
1.406
1.453
1.256
1.404
1.418
1.287
1.5
1.389
1.305
1.408
1.338
1.107
1.121
1.34
1.318
1.154
1.316
1.447
1.258
1.297
1.488
1.385
1.273
1.42
1.363
1.141
1.502
1.371
1.299
1.363
1.275
1.191
1.326
1.436
1.234
1.342
1.293
1.201
1.242
1.236
1.115
1.141
1.02
1.031
1.227
1.363
1.281
1.18
1.357
1.424
1.227
1.422
1.469
1.273
1.344
1.508
1.242
1.252
1.232
1.076
1.213
1.436
1.33
1.248
1.381
1.395
1.27
1.371
1.422
1.328
1.385
1.408
1.412
1.27
1.469
1.488
1.219
1.414
1.326
1.305
1.422
1.35
1.244
1.389
1.346
1.195
1.471
1.414
1.328
1.498
1.441
1.309
1.42
1.398
1.318
1.465
1.418
1.396
1.49
1.352
1.299
1.432
1.449
1.332
1.352
1.129
1.32
1.385
1.26
1.359
1.365
1.35
1.297
1.438
1.438
1.223
1.383
1.436
1.328
1.623
1.398
1.234
1.338
1.438
1.281
1.453
1.451
1.311
1.441
1.375
1.297
1.348
1.346
1.273
1.365
1.109
1.125
1.348
1.25
1.428
1.383
1.252
1.367
1.426
1.309
1.283
1.572
1.463
1.291
1.412
1.393
1.279
1.449
1.459
1.289
1.461
1.426
1.334
1.293
1.258
1.07
1.141
1.365
1.223
1.377
1.43
1.254
1.51
1.492
1.412
1.523
1.439
1.238
1.344
1.59
1.445
1.342
1.254
1.217
1.404
1.309
1.387
1.406
1.23
1.287
1.439
1.293
1.297
1.455
1.281
1.283
1.373
1.24
1.369
1.375
1.24
1.332
1.459
1.287
1.32
1.453
1.289
1.273
1.414
1.291
1.131
1.281
1.172
1.32
1.434
1.303
1.297
1.428
1.346
1.236
1.328
1.377
1.191
1.268
1.428
1.311
1.18
1.301
1.361