0.002
0.0980000000000001
0.1
0.1
0.1
0.1
0.1
0.1
0.1
0.1
0.052999999999999
0.047000000000001
0.1
0.1
0.1
0.1
0.1
0.1
0.1
0.1
0.0689999999999982
0.0310000000000019
0.1
0.1
0.1
0.1
0.1
0.1
0.1
0.1
0.0579999999999976
0.0420000000000025
0.1
0.1
0.0999999999999996
0.0999999999999996
0.0999999999999996
0.0999999999999996
0.0999999999999996
0.0999999999999996
0.00199999999999978
0.0979999999999999
0.0999999999999996
0.0999999999999996
0.0999999999999996
0.0999999999999996
0.0999999999999996
0.0999999999999996
0.0999999999999996
0.0140000000000029
0.0859999999999967
0.0999999999999996
0.0999999999999996
0.0999999999999996
0.0999999999999996
0.0999999999999996
0.0999999999999996
0.0999999999999996
0.00500000000000611
0.0949999999999935
0.0999999999999996
0.0999999999999996
0.0999999999999996
0.0999999999999996
0.0999999999999996
0.0999999999999996
0.0840000000000085
0.0159999999999911
0.0999999999999996
0.0999999999999996
0.0999999999999996
0.0999999999999996
0.0999999999999996
0.0999999999999996
0.0999999999999996
0.0500000000000114
0.0499999999999883
0.0999999999999996
0.0999999999999996
0.100000000000001
0.0999999999999996
0.0999999999999996
0.0999999999999996
0.0999999999999996
0.0020000000000131
0.0979999999999865
0.0999999999999996
0.0999999999999996
0.0999999999999996
0.0999999999999996
0.0999999999999996
0.0999999999999996
0.0730000000000164
0.0269999999999833
0.0999999999999996
0.0999999999999996
0.0999999999999996
0.0999999999999996
0.0999999999999996
0.0999999999999996
0.0999999999999996
0.0480000000000196
0.0519999999999801
0.0999999999999996
0.0999999999999996
0.0999999999999996
0.0999999999999996
0.0999999999999996
0.0999999999999996
0.0999999999999996
0.029000000000023
0.0709999999999766
0.0999999999999996
0.0999999999999996
0.0999999999999996
0.0999999999999996
0.0999999999999996
0.0999999999999996
0.0999999999999996
0.0160000000000267
0.083999999999973
0.0999999999999996
0.0999999999999996
0.0999999999999996
0.0999999999999996
0.0999999999999996
0.0999999999999996
0.0999999999999996
0.0210000000000292
0.0789999999999704
0.0999999999999996
0.0999999999999996
0.0999999999999996
0.0999999999999996
0.0999999999999996
0.0999999999999996
0.0999999999999996
0.0470000000000326
0.0529999999999671
0.0999999999999996
0.0999999999999996
0.0999999999999996
0.0999999999999996
0.0999999999999996
0.0999999999999996
0.0999999999999996
0.0930000000000355
0.00699999999996415
0.0999999999999996
0.0999999999999996
0.0999999999999996
0.0999999999999996
0.0999999999999996
0.0999999999999996
0.0999999999999996
0.0999999999999996
0.029000000000039
0.0709999999999607
0.0999999999999996
0.0999999999999996
0.0999999999999996
0.0999999999999996
0.0999999999999996
0.0999999999999996
0.0999999999999996
0.0650000000000421
0.0349999999999575
0.0999999999999996
0.0999999999999996
0.100000000000001
0.100000000000001
0.100000000000001
0.100000000000001
0.100000000000001
0.100000000000001
0.0010000000000332
0.0989999999999682
0.100000000000001
0.100000000000001
0.100000000000001
0.100000000000001
0.100000000000001
0.100000000000001
0.100000000000001
0.00800000000002044
0.091999999999981
0.100000000000001
0.100000000000001
0.100000000000001
0.100000000000001
0.100000000000001
0.100000000000001
0.100000000000001
0.00300000000001077
0.0969999999999906
0.100000000000001
0.100000000000001
0.100000000000001
0.100000000000001
0.100000000000001
0.100000000000001
0.100000000000001
0.00799999999999912
0.0920000000000023
0.100000000000001
0.100000000000001
0.100000000000001
0.100000000000001
0.100000000000001
0.100000000000001
0.100000000000001
0.027999999999988
0.0720000000000134
0.100000000000001
0.100000000000001
0.100000000000001
0.100000000000001
0.100000000000001
0.100000000000001
0.100000000000001
0.0739999999999768
0.0260000000000247
0.100000000000001
0.100000000000001
0.100000000000001
0.100000000000001
0.100000000000001
0.100000000000001
0.100000000000001
0.100000000000001
0.0159999999999627
0.0840000000000387
0.100000000000001
0.100000000000001
0.100000000000001
0.100000000000001
0.100000000000001
0.100000000000001
0.100000000000001
0.0539999999999523
0.0460000000000491
0.100000000000001
0.100000000000001
0.100000000000001
0.100000000000001
0.100000000000001
0.100000000000001
0.100000000000001
0.100000000000001
0.00899999999993994
0.0910000000000615
0.100000000000001
0.100000000000001
0.100000000000001
0.100000000000001
0.100000000000001
0.100000000000001
0.100000000000001
0.0939999999999301
0.00600000000007128
0.100000000000001
0.100000000000001
0.100000000000001
0.100000000000001
0.100000000000001
0.100000000000001
0.100000000000001
0.100000000000001
0.0529999999999156
0.0470000000000859
0.100000000000001
0.100000000000001
0.100000000000001
0.100000000000001
0.100000000000001
0.100000000000001
0.100000000000001
0.100000000000001
0.0379999999999043
0.0620000000000971
0.100000000000001
0.100000000000001
0.100000000000001
0.100000000000001
0.100000000000001
0.100000000000001
0.100000000000001
0.100000000000001
0.0209999999998907
0.0790000000001108
0.100000000000001
0.100000000000001
0.100000000000001
0.100000000000001
0.100000000000001
0.100000000000001
0.100000000000001
0.100000000000001
0.00399999999987699
0.0960000000001244
0.100000000000001
0.100000000000001
0.100000000000001
0.100000000000001
0.100000000000001
0.100000000000001
0.100000000000001
0.053999999999867
0.0460000000001344
0.100000000000001
0.100000000000001
0.100000000000001
0.100000000000001
0.100000000000001
0.100000000000001
0.100000000000001
0.100000000000001
0.0149999999998549
0.0850000000001465
0.100000000000001
0.100000000000001
0.100000000000001
0.100000000000001
0.100000000000001
0.100000000000001
0.100000000000001
0.0899999999998435
0.0100000000001579
0.100000000000001
0.100000000000001
0.100000000000001
0.100000000000001
0.100000000000001
0.100000000000001
0.100000000000001
0.100000000000001
0.070999999999831
0.0290000000001704
0.100000000000001
0.100000000000001
0.100000000000001
0.100000000000001
0.100000000000001
0.100000000000001
0.100000000000001
0.100000000000001
0.0299999999998199
0.0700000000001779
0.100000000000001
0.100000000000001
0.100000000000001
0.100000000000001
0.100000000000001
0.100000000000001
0.100000000000001
0.100000000000001
0.00699999999981316
0.0930000000001883
0.100000000000001
0.100000000000001
0.100000000000001
0.100000000000001
0.100000000000001
0.100000000000001
0.100000000000001
0.0959999999998047
0.00400000000019674
0.100000000000001
0.100000000000001
0.100000000000001
0.100000000000001
0.100000000000001
0.100000000000001
0.100000000000001
0.100000000000001
0.0709999999997919
0.0290000000002095
0.100000000000001
0.100000000000001
0.100000000000001
0.100000000000001
0.100000000000001
0.100000000000001
0.100000000000001
0.100000000000001
0.0279999999997784
0.072000000000223
0.100000000000001
0.100000000000001
0.100000000000001
0.100000000000001
0.100000000000001
0.100000000000001
0.100000000000001
0.0989999999997693
0.00100000000023215
0.100000000000001
0.100000000000001
0.100000000000001
0.100000000000001
0.100000000000001
0.100000000000001
0.100000000000001
0.100000000000001
0.0639999999997585
0.0360000000002429
0.100000000000001
0.100000000000001
0.100000000000001
0.100000000000001
0.100000000000001
0.100000000000001
0.100000000000001
0.0999999999997456
2.55795384873636e-13
0.100000000000001
0.100000000000001
0.100000000000001
0.100000000000001
0.100000000000001
0.100000000000001
0.100000000000001
0.100000000000001
0.00499999999973255
0.0950000000002689
0.100000000000001
0.100000000000001
0.100000000000001
0.100000000000001
0.100000000000001
0.100000000000001
0.100000000000001
0.0169999999997188
0.0830000000002826
0.100000000000001
0.100000000000001
0.100000000000001
0.100000000000001
0.100000000000001
0.100000000000001
0.100000000000001
0.0309999999997075
0.0690000000002939
0.100000000000001
0.100000000000001
0.100000000000001
0.100000000000001
0.100000000000001
0.100000000000001
0.100000000000001
0.0809999999996975
0.0190000000003039
0.100000000000001
0.100000000000001
0.100000000000001
0.100000000000001
0.100000000000001
0.100000000000001
0.100000000000001
0.100000000000001
0.0329999999996815
0.0670000000003199
0.100000000000001
0.100000000000001
0.100000000000001
0.100000000000001
0.100000000000001
0.100000000000001
0.100000000000001
0.100000000000001
0.00999999999967116
0.0900000000003303
0.100000000000001
0.100000000000001
0.100000000000001
0.100000000000001
0.100000000000001
0.100000000000001
0.100000000000001
0.100000000000001
0.00799999999966161
0.0920000000003398
0.100000000000001
0.100000000000001
0.100000000000001
0.100000000000001
0.100000000000001
0.100000000000001
0.100000000000001
0.100000000000001
0.0199999999996479
0.0800000000003536
0.100000000000001
0.100000000000001
0.100000000000001
0.100000000000001
0.100000000000001
0.100000000000001
0.100000000000001
0.0869999999996338
0.0130000000003676
0.100000000000001
0.100000000000001
0.100000000000001
0.100000000000001
0.100000000000001
0.100000000000001
0.100000000000001
0.100000000000001
0.0459999999996228
0.0540000000003786
0.100000000000001
0.100000000000001
0.100000000000001
0.100000000000001
0.100000000000001
0.100000000000001
0.100000000000001
0.0979999999996082
0.00200000000039324
0.100000000000001
0.100000000000001
0.100000000000001
0.100000000000001
0.100000000000001
0.100000000000001
0.100000000000001
0.100000000000001
0.0419999999995966
0.0580000000004048
0.100000000000001
0.100000000000001
0.100000000000001
0.100000000000001
0.100000000000001
0.100000000000001
0.100000000000001
0.0409999999995847
0.0590000000004167
0.100000000000001
0.100000000000001
0.100000000000001
0.100000000000001
0.100000000000001
0.100000000000001
0.100000000000001
0.0519999999995733
0.0480000000004281
0.100000000000001
0.100000000000001
0.100000000000001
0.100000000000001
0.100000000000001
0.100000000000001
0.100000000000001
0.0589999999995641
0.0410000000004374
0.100000000000001
0.100000000000001
0.100000000000001
0.100000000000001
0.100000000000001
0.100000000000001
0.100000000000001
0.0849999999995532
0.0150000000004482
0.100000000000001
0.100000000000001
0.100000000000001
0.100000000000001
0.100000000000001
0.100000000000001
0.100000000000001
0.100000000000001
0.00499999999954071
0.0950000000004607
0.100000000000001
0.100000000000001
0.100000000000001
0.100000000000001
0.100000000000001
0.100000000000001
0.100000000000001
0.0329999999995323
0.0670000000004691
0.100000000000001
0.100000000000001
0.100000000000001
0.100000000000001
0.100000000000001
0.100000000000001
0.100000000000001
0.0879999999995178
0.0120000000004836
0.100000000000001
0.100000000000001
0.100000000000001
0.100000000000001
0.100000000000001
0.100000000000001
0.100000000000001
0.100000000000001
0.0589999999995072
0.0410000000004942
0.100000000000001
0.100000000000001
0.100000000000001
0.100000000000001
0.100000000000001
0.100000000000001
0.100000000000001
0.100000000000001
0.0109999999994912
0.0890000000005102
0.100000000000001
0.100000000000001
0.100000000000001
0.100000000000001
0.100000000000001
0.100000000000001
0.100000000000001
0.0389999999994828
0.0610000000005186
0.100000000000001
0.100000000000001
0.100000000000001
0.100000000000001
0.100000000000001
0.100000000000001
0.100000000000001
0.0769999999994724
0.023000000000529
0.100000000000001
0.100000000000001
0.100000000000001
0.100000000000001
0.100000000000001
0.100000000000001
0.100000000000001
0.100000000000001
0.00499999999946255
0.0950000000005389
0.100000000000001
0.100000000000001
0.100000000000001
0.100000000000001
0.100000000000001
0.100000000000001
0.100000000000001
0.0159999999994511
0.0840000000005503
0.100000000000001
0.100000000000001
0.100000000000001
0.100000000000001
0.100000000000001
0.100000000000001
0.100000000000001
0.0209999999994395
0.079000000000562
0.100000000000001
0.100000000000001
0.100000000000001
0.100000000000001
0.100000000000001
0.100000000000001
0.100000000000001
0.0279999999994303
0.0720000000005712
0.100000000000001
0.100000000000001
0.100000000000001
0.100000000000001
0.100000000000001
0.100000000000001
0.100000000000001
0.0389999999994188
0.0610000000005826
0.100000000000001
0.100000000000001
0.100000000000001
0.100000000000001
0.100000000000001
0.100000000000001
0.100000000000001
0.0359999999994045
0.0640000000005969
0.100000000000001
0.100000000000001
0.100000000000001
0.100000000000001
0.100000000000001
0.100000000000001
0.100000000000001
0.0109999999993917
0.0890000000006097
0.100000000000001
0.100000000000001
0.100000000000001
0.100000000000001
0.100000000000001
0.100000000000001
0.100000000000001
0.00799999999937739
0.092000000000624
0.100000000000001
0.0999999999999943
0.0999999999999943
0.0999999999999943
0.0999999999999943
0.0999999999999943
0.0999999999999943
0.00699999999940815
0.0930000000005862
0.0999999999999943
0.0999999999999943
0.0999999999999943
0.0999999999999943
0.0999999999999943
0.0999999999999943
0.0999999999999943
0.0229999999994561
0.0770000000005382
0.0999999999999943
0.0999999999999943
0.0999999999999943
0.0999999999999943
0.0999999999999943
0.0999999999999943
0.0999999999999943
0.0199999999994986
0.0800000000004957
0.0999999999999943
0.0999999999999943
0.0999999999999943
0.0999999999999943
0.0999999999999943
0.0999999999999943
0.0999999999999943
0.0169999999995412
0.0830000000004532
0.0999999999999943
0.0999999999999943
0.0999999999999943
0.0999999999999943
0.0999999999999943
0.0999999999999943
0.0999999999999943
0.0139999999995837
0.0860000000004106
0.0999999999999943
0.0999999999999943
0.0999999999999943
0.0999999999999943
0.0999999999999943
0.0999999999999943
0.0999999999999943
0.0129999999996357
0.0870000000003586
0.0999999999999943
0.0999999999999943
0.0999999999999943
0.0999999999999943
0.0999999999999943
0.0999999999999943
0.0999999999999943
0.0019999999996827
0.0980000000003116
0.0999999999999943
0.0999999999999943
0.0999999999999943
0.0999999999999943
0.0999999999999943
0.0999999999999943
0.0809999999997189
0.0190000000002755
0.0999999999999943
0.0999999999999943
0.0999999999999943
0.0999999999999943
0.0999999999999943
0.0999999999999943
0.0999999999999943
0.0619999999997702
0.0380000000002241
0.0999999999999943
0.0999999999999943
0.0999999999999943
0.0999999999999943
0.0999999999999943
0.0999999999999943
0.0999999999999943
0.0429999999998216
0.0570000000001727
0.0999999999999943
0.0999999999999943
0.0999999999999943
0.0999999999999943
0.0999999999999943
0.0999999999999943
0.0999999999999943
0.023999999999873
0.0760000000001213
0.0999999999999943
0.0999999999999943
0.0999999999999943
0.0999999999999943
0.0999999999999943
0.0999999999999943
0.0969999999999089
0.00300000000008538
0.0999999999999943
0.0999999999999943
0.0999999999999943
0.0999999999999943
0.0999999999999943
0.0999999999999943
0.0999999999999943
0.0629999999999598
0.0370000000000346
0.0999999999999943
0.0999999999999943
0.0999999999999943
0.0999999999999943
0.0999999999999943
0.0999999999999943
0.0999999999999943
0.0440000000000111
0.0559999999999832
0.0999999999999943
0.0999999999999943
0.0999999999999943
0.0999999999999943
0.0999999999999943
0.0999999999999943
0.0999999999999943
0.0350000000000534
0.0649999999999409
0.0999999999999943
0.0999999999999943
0.0999999999999943
0.0999999999999943
0.0999999999999943
0.0999999999999943
0.0999999999999943
0.0550000000000921
0.0449999999999022
0.0999999999999943
0.0999999999999943
0.0999999999999943
0.0999999999999943
0.0999999999999943
0.0999999999999943
0.0999999999999943
0.081000000000131
0.0189999999998633
0.0999999999999943
0.0999999999999943
0.0999999999999943
0.0999999999999943
0.0999999999999943
0.0999999999999943
0.0999999999999943
0.0950000000001694
0.00499999999982492
0.0999999999999943
0.0999999999999943
0.0999999999999943
0.0999999999999943
0.0999999999999943
0.0999999999999943
0.0999999999999943
0.0999999999999943
0.0230000000002235
0.0769999999997708
0.0999999999999943
0.0999999999999943
0.0999999999999943
0.0999999999999943
0.0999999999999943
0.0999999999999943
0.0999999999999943
0.0490000000002624
0.0509999999997319
0.0999999999999943
0.0999999999999943
0.0999999999999943
0.0999999999999943
0.0999999999999943
0.0999999999999943
0.0999999999999943
0.0710000000003106
0.0289999999996837
0.0999999999999943
0.0999999999999943
0.0999999999999943
0.0999999999999943
0.0999999999999943
0.0999999999999943
0.0999999999999943
0.0580000000003622
0.0419999999996321
0.0999999999999943
0.0999999999999943
0.0999999999999943
0.0999999999999943
0.0999999999999943
0.0999999999999943
0.0999999999999943
0.0430000000004043
0.05699999999959
0.0999999999999943
0.0999999999999943
0.0999999999999943
0.0999999999999943
0.0999999999999943
0.0999999999999943
0.0999999999999943
0.0200000000004508
0.0799999999995435
0.0999999999999943
0.0999999999999943
0.0999999999999943
0.0999999999999943
0.0999999999999943
0.0999999999999943
0.0950000000004962
0.00499999999949807
0.0999999999999943
0.0999999999999943
0.0999999999999943
0.0999999999999943
0.0999999999999943
0.0999999999999943
0.0999999999999943
0.0530000000005373
0.046999999999457
0.0999999999999943
0.0999999999999943
0.0999999999999943
0.0999999999999943
0.0999999999999943
0.0999999999999943
0.0999999999999943
0.0110000000005783
0.088999999999416
0.0999999999999943
0.0999999999999943
0.0999999999999943
0.0999999999999943
0.0999999999999943
0.0999999999999943
0.0770000000006235
0.0229999999993709
0.0999999999999943
0.0999999999999943
0.0999999999999943
0.0999999999999943
0.0999999999999943
0.0999999999999943
0.0999999999999943
0.0640000000006751
0.0359999999993192
0.0999999999999943
0.0999999999999943
0.0999999999999943
0.0999999999999943
0.0999999999999943
0.0999999999999943
0.0999999999999943
0.0690000000007274
0.0309999999992669
0.0999999999999943
0.0999999999999943
0.0999999999999943
0.0999999999999943
0.0999999999999943
0.0999999999999943
0.0999999999999943
0.0680000000007794
0.0319999999992149
0.0999999999999943
0.0999999999999943
0.0999999999999943
0.0999999999999943
0.0999999999999943
0.0999999999999943
0.0999999999999943
0.0880000000008181
0.0119999999991762
0.0999999999999943
0.0999999999999943
0.0999999999999943
0.0999999999999943
0.0999999999999943
0.0999999999999943
0.0999999999999943
0.0999999999999943
0.030000000000868
0.0699999999991263
0.0999999999999943
0.0999999999999943
0.0999999999999943
0.0999999999999943
0.0999999999999943
0.0999999999999943
0.0999999999999943
0.0580000000009164
0.0419999999990779
0.0999999999999943
0.0999999999999943
0.0999999999999943
0.0999999999999943
0.0999999999999943
0.0999999999999943
0.0999999999999943
0.0630000000009687
0.0369999999990256
0.0999999999999943
0.0999999999999943
0.0999999999999943
0.0999999999999943
0.0999999999999943
0.0999999999999943
0.0999999999999943
0.0790000000010167
0.0209999999989776
0.0999999999999943
0.0999999999999943
0.0999999999999943
0.0999999999999943
0.0999999999999943
0.0999999999999943
0.0999999999999943
0.0880000000010597
0.0119999999989346
0.0999999999999943
0.0999999999999943
0.0999999999999943
0.0999999999999943
0.0999999999999943
0.0999999999999943
0.0999999999999943
0.0770000000011066
0.0229999999988877
0.0999999999999943
0.0999999999999943
0.0999999999999943
0.0999999999999943
0.0999999999999943
0.0999999999999943
0.0999999999999943
0.0350000000011477
0.0649999999988466
0.0999999999999943
0.0999999999999943
0.0999999999999943
0.0999999999999943
0.0999999999999943
0.0999999999999943
0.0750000000011823
0.024999999998812
0.0999999999999943
0.0999999999999943
0.0999999999999943
0.0999999999999943
0.0999999999999943
0.0999999999999943
0.0999999999999943
0.0050000000012318
0.0949999999987625
0.0999999999999943
0.0999999999999943
0.0999999999999943
0.0999999999999943
0.0999999999999943
0.0999999999999943
0.0999999999999943
0.0370000000012709
0.0629999999987234
0.0999999999999943
0.0999999999999943
0.0999999999999943
0.0999999999999943
0.0999999999999943
0.0999999999999943
0.0999999999999943
0.08300000000132
0.0169999999986743
0.0999999999999943
0.0999999999999943
0.0999999999999943
0.0999999999999943
0.0999999999999943
0.0999999999999943
0.0999999999999943
0.0880000000013723
0.011999999998622
0.0999999999999943
0.0999999999999943
0.0999999999999943
0.0999999999999943
0.0999999999999943
0.0999999999999943
0.0999999999999943
0.0999999999999943
1.4210854715202e-12
0.0999999999985732
0.0999999999999943
0.0999999999999943
0.0999999999999943
0.0999999999999943
0.0999999999999943
0.0999999999999943
0.0999999999999943
0.0120000000014642
0.0879999999985301
0.0999999999999943
0.0999999999999943
0.0999999999999943
0.0999999999999943
0.0999999999999943
0.0999999999999943
0.0999999999999943
0.0190000000015118
0.0809999999984825
0.0999999999999943
0.0999999999999943
0.0999999999999943
0.0999999999999943
0.0999999999999943
0.0999999999999943
0.0999999999999943
0.0300000000015643
0.06999999999843
0.0999999999999943
0.0999999999999943
0.0999999999999943
0.0999999999999943
0.0999999999999943
0.0999999999999943
0.0999999999999943
0.0290000000016164
0.0709999999983779
0.0999999999999943
0.0999999999999943
0.0999999999999943
0.0999999999999943
0.0999999999999943
0.0999999999999943
0.0999999999999943
0.016000000001668
0.0839999999983263
0.0999999999999943
0.0999999999999943
0.0999999999999943
0.0999999999999943
0.0999999999999943
0.0999999999999943
0.0910000000017135
0.00899999999828083
0.0999999999999943
0.0999999999999943
0.0999999999999943
0.0999999999999943
0.0999999999999943
0.0999999999999943
0.0999999999999943
0.0490000000017545
0.0509999999982398
0.0999999999999943
0.0999999999999943
0.0999999999999943
0.0999999999999943
0.0999999999999943
0.0999999999999943
0.097000000001799
0.00299999999819534
0.0999999999999943
0.0999999999999943
0.0999999999999943
0.0999999999999943
0.0999999999999943
0.0999999999999943
0.0999999999999943
0.0310000000018391
0.0689999999981552
0.0999999999999943
0.0999999999999943
0.0999999999999943
0.0999999999999943
0.0999999999999943
0.0999999999999943
0.0650000000018736
0.0349999999981208
0.0999999999999943
0.0999999999999943
0.0999999999999943
0.0999999999999943
0.0999999999999943
0.0999999999999943
0.0999999999999943
0.00100000000192324
0.0989999999980711
0.0999999999999943
0.0999999999999943
0.0999999999999943
0.0999999999999943
0.0999999999999943
0.0999999999999943
0.0490000000019677
0.0509999999980266
0.0999999999999943
0.0999999999999943
0.0999999999999943
0.0999999999999943
0.0999999999999943
0.0999999999999943
0.0850000000020117
0.0149999999979826
0.0999999999999943
0.0999999999999943
0.0999999999999943
0.0999999999999943
0.0999999999999943
0.0999999999999943
0.0999999999999943
0.0350000000020572
0.0649999999979372
0.0999999999999943
0.0999999999999943
0.0999999999999943
0.0999999999999943
0.0999999999999943
0.0999999999999943
0.0930000000020925
0.0069999999979018
0.0999999999999943
0.0999999999999943
0.0999999999999943
0.0999999999999943
0.0999999999999943
0.0999999999999943
0.0999999999999943
0.070000000002139
0.0299999999978553
0.0999999999999943
0.0999999999999943
0.0999999999999943
0.0999999999999943
0.0999999999999943
0.0999999999999943
0.0999999999999943
0.0610000000021813
0.038999999997813
0.0999999999999943
0.0999999999999943
0.0999999999999943
0.0999999999999943
0.0999999999999943
0.0999999999999943
0.0999999999999943
0.0340000000022229
0.0659999999977714
0.0999999999999943
0.0999999999999943
0.0999999999999943
0.0999999999999943
0.0999999999999943
0.0999999999999943
0.0999999999999943
0.0170000000022696
0.0829999999977247
0.0999999999999943
0.0999999999999943
0.0999999999999943
0.0999999999999943
0.0999999999999943
0.0999999999999943
0.0900000000023056
0.00999999999768875
0.0999999999999943
0.0999999999999943
0.0999999999999943
0.0999999999999943
0.0999999999999943
0.0999999999999943
0.0999999999999943
0.0630000000023472
0.0369999999976471
0.0999999999999943
0.0999999999999943
0.0999999999999943
0.0999999999999943
0.0999999999999943
0.0999999999999943
0.0999999999999943
0.029000000002398
0.0709999999975963
0.0999999999999943
0.0999999999999943
0.0999999999999943
0.0999999999999943
0.0999999999999943
0.0999999999999943
0.0870000000024334
0.012999999997561
0.0999999999999943
0.0999999999999943
0.0999999999999943
0.0999999999999943
0.0999999999999943
0.0999999999999943
0.0999999999999943
0.0370000000024788
0.0629999999975155
0.0999999999999943
0.0999999999999943
0.0999999999999943
0.0999999999999943
0.0999999999999943
0.0999999999999943
0.0770000000025135
0.0229999999974808
0.0999999999999943
0.0999999999999943
0.0999999999999943
0.0999999999999943
0.0999999999999943
0.0999999999999943
0.0980000000025569
0.00199999999743738
0.0999999999999943
0.0999999999999943
0.0999999999999943
0.0999999999999943
0.0999999999999943
0.0999999999999943
0.0999999999999943
0.0230000000025967
0.0769999999973976
0.0999999999999943
0.0999999999999943
0.0999999999999943
0.0999999999999943
0.0999999999999943
0.0999999999999943
0.0360000000026304
0.0639999999973639
0.0999999999999943
0.0999999999999943
0.0999999999999943
0.0999999999999943
0.0999999999999943
0.0999999999999943
0.0550000000026643
0.0449999999973301
0.0999999999999943
0.0999999999999943
0.0999999999999943
0.0999999999999943
0.0999999999999943
0.0999999999999943
0.0870000000027034
0.012999999997291
0.0999999999999943
0.0999999999999943
0.0999999999999943
0.0999999999999943
0.0999999999999943
0.0999999999999943
0.0999999999999943
0.0350000000027535
0.0649999999972408
0.0999999999999943
0.0999999999999943
0.0999999999999943
0.0999999999999943
0.0999999999999943
0.0999999999999943
0.0950000000027984
0.00499999999719591
0.0999999999999943
0.0999999999999943
0.0999999999999943
0.0999999999999943
0.0999999999999943
0.0999999999999943
0.0999999999999943
0.0780000000028451
0.0219999999971492
0.0999999999999943
0.0999999999999943
0.0999999999999943
0.0999999999999943
0.0999999999999943
0.0999999999999943
0.0999999999999943
0.057000000002887
0.0429999999971074
0.0999999999999943
0.0999999999999943
0.0999999999999943
0.0999999999999943
0.0999999999999943
0.0999999999999943
0.0999999999999943
0.0250000000029331
0.0749999999970612
0.0999999999999943
0.0999999999999943
0.0999999999999943
0.0999999999999943
0.0999999999999943
0.0999999999999943
0.0890000000029687
0.0109999999970256
0.0999999999999943
0.0999999999999943
0.0999999999999943
0.0999999999999943
0.0999999999999943
0.0999999999999943
0.0999999999999943
0.0390000000030142
0.0609999999969801
0.0999999999999943
0.0999999999999943
0.100000000000009
0.0999999999999943
0.0999999999999943
0.0999999999999943
0.08100000000303
0.0189999999969643
0.0999999999999943
0.0999999999999943
0.0999999999999943
0.0999999999999943
0.0999999999999943
0.0999999999999943
0.0999999999999943
3.06954461848363e-12
0.0999999999969248
0.0999999999999943
0.0999999999999943
0.0999999999999943
0.0999999999999943
0.0999999999999943
0.0999999999999943
0.0190000000031034
0.0809999999968909
0.0999999999999943
0.0999999999999943
0.0999999999999943
0.0999999999999943
0.0999999999999943
0.0999999999999943
0.0300000000031559
0.0699999999968384
0.0999999999999943
0.0999999999999943
0.0999999999999943
0.0999999999999943
0.0999999999999943
0.0999999999999943
0.0490000000031898
0.0509999999968045
0.0999999999999943
0.0999999999999943
0.0999999999999943
0.0999999999999943
0.0999999999999943
0.0999999999999943
0.0700000000032333
0.0299999999967611
0.0999999999999943
0.0999999999999943
0.0999999999999943
0.0999999999999943
0.0999999999999943
0.0999999999999943
0.0999999999999943
0.0200000000032787
0.0799999999967156
0.0999999999999943
0.0999999999999943
0.0999999999999943
0.0999999999999943
0.0999999999999943
0.0999999999999943
0.0910000000033051
0.00899999999668921
0.0999999999999943
0.0999999999999943
0.0999999999999943
0.0999999999999943
0.0999999999999943
0.0999999999999943
0.0999999999999943
0.0960000000033574
0.00399999999663692
0.0999999999999943
0.0999999999999943
0.0999999999999943
0.0999999999999943
0.0999999999999943
0.0999999999999943
0.0999999999999943
0.0999999999999943
0.00800000000342038
0.0919999999965739
0.0999999999999943
0.0999999999999943
0.0999999999999943
0.0999999999999943
0.0999999999999943
0.0999999999999943
0.0999999999999943
0.0190000000034729
0.0809999999965214
0.0999999999999943
0.0999999999999943
0.0999999999999943
0.0999999999999943
0.0999999999999943
0.0999999999999943
0.0999999999999943
0.0200000000035061
0.0799999999964882
0.0999999999999943
0.0999999999999943
0.0999999999999943
0.0999999999999943
0.0999999999999943
0.0999999999999943
0.0999999999999943
0.00900000000353884
0.0909999999964555
0.0999999999999943
0.0999999999999943
0.0999999999999943
0.0999999999999943
0.0999999999999943
0.0999999999999943
0.0650000000035789
0.0349999999964155
0.0999999999999943
0.0999999999999943
0.0999999999999943
0.0999999999999943
0.0999999999999943
0.0999999999999943
0.0999999999999943
0.00700000000361456
0.0929999999963798
0.0999999999999943
0.0999999999999943
0.0999999999999943
0.0999999999999943
0.0999999999999943
0.0999999999999943
0.0340000000036582
0.0659999999963361
0.0999999999999943
0.0999999999999943
0.0999999999999943
0.0999999999999943
0.0999999999999943
0.0999999999999943
0.0570000000037112
0.0429999999962831
0.0999999999999943
0.0999999999999943
0.0999999999999943
0.0999999999999943
0.0999999999999943
0.0999999999999943
0.0720000000037544
0.0279999999962399
0.0999999999999943
0.0999999999999943
0.0999999999999943
0.0999999999999943
0.0999999999999943
0.0999999999999943
0.0830000000038069
0.0169999999961874
0.0999999999999943
0.0999999999999943
0.0999999999999943
0.0999999999999943
0.0999999999999943
0.0999999999999943
0.0999999999999943
0.0100000000038563
0.0899999999961381
0.0999999999999943
0.0999999999999943
0.0999999999999943
0.0999999999999943
0.0999999999999943
0.0999999999999943
0.0520000000038863
0.047999999996108
0.0999999999999943
0.0999999999999943
0.0999999999999943
0.0999999999999943
0.0999999999999943
0.0999999999999943
0.0999999999999943
0.0330000000039377
0.0669999999960567
0.0999999999999943
0.0999999999999943
0.0999999999999943
0.0999999999999943
0.0999999999999943
0.0999999999999943
0.0999999999999943
0.014000000003989
0.0859999999960053
0.0999999999999943
0.0999999999999943
0.0999999999999943
0.0999999999999943
0.0999999999999943
0.0999999999999943
0.0999999999999943
0.00300000000402179
0.0969999999959725
0.0999999999999943
0.0999999999999943
0.0999999999999943
0.0999999999999943
0.0999999999999943
0.0999999999999943
0.0900000000040677
0.0099999999959266
0.0999999999999943
0.0999999999999943
0.0999999999999943
0.0999999999999943
0.0999999999999943
0.0999999999999943
0.0999999999999943
0.0890000000041198
0.0109999999958745
0.0999999999999943
0.0999999999999943
0.0999999999999943
0.0999999999999943
0.0999999999999943
0.0999999999999943
0.0999999999999943
0.0780000000041525
0.0219999999958418
0.0999999999999943
0.0999999999999943
0.0999999999999943
0.0999999999999943
0.0999999999999943
0.0999999999999943
0.0999999999999943
0.028000000004198
0.0719999999957963
0.0999999999999943
0.0999999999999943
0.0999999999999943
0.0999999999999943
0.0999999999999943
0.0999999999999943
0.0780000000042378
0.0219999999957565
0.0999999999999943
0.0999999999999943
0.0999999999999943
0.0999999999999943
0.0999999999999943
0.0999999999999943
0.0999999999999943
0.0160000000042828
0.0839999999957115
0.0999999999999943
0.0999999999999943
0.0999999999999943
0.0999999999999943
0.0999999999999943
0.0999999999999943
0.0390000000043358
0.0609999999956585
0.0999999999999943
0.0999999999999943
0.0999999999999943
0.0999999999999943
0.0999999999999943
0.0999999999999943
0.0500000000043883
0.049999999995606
0.0999999999999943
0.0999999999999943
0.0999999999999943
0.0999999999999943
0.0999999999999943
0.0999999999999943
0.070000000004427
0.0299999999955674
0.0999999999999943
0.0999999999999943
0.0999999999999943
0.0999999999999943
0.0999999999999943
0.0999999999999943
0.0970000000044706
0.00299999999552369
0.0999999999999943
0.0999999999999943
0.0999999999999943
0.0999999999999943
0.0999999999999943
0.0999999999999943
0.0999999999999943
0.0370000000045252
0.0629999999954691
0.0999999999999943
0.0999999999999943
0.0999999999999943
0.0999999999999943
0.0999999999999943
0.0999999999999943
0.087000000004565
0.0129999999954293
0.0999999999999943
0.0999999999999943
0.0999999999999943
0.0999999999999943
0.0999999999999943
0.0999999999999943
0.0999999999999943
0.072000000004607
0.0279999999953873
0.0999999999999943
0.0999999999999943
0.0999999999999943
0.0999999999999943
0.0999999999999943
0.0999999999999943
0.0999999999999943
0.0790000000046405
0.0209999999953538
0.0999999999999943
0.0999999999999943
0.0999999999999943
0.0999999999999943
0.0999999999999943
0.0999999999999943
0.0999999999999943
0.0930000000046789
0.00699999999531542
0.0999999999999943
0.0999999999999943
0.0999999999999943
0.0999999999999943
0.0999999999999943
0.0999999999999943
0.0999999999999943
0.092000000004731
0.00799999999526335
0.0999999999999943
0.0999999999999943
0.0999999999999943
0.0999999999999943
0.0999999999999943
0.0999999999999943
0.0999999999999943
0.0999999999999943
0.0120000000047753
0.087999999995219
0.0999999999999943
0.0999999999999943
0.0999999999999943
0.0999999999999943
0.0999999999999943
0.0999999999999943
0.0999999999999943
0.032000000004814
0.0679999999951804
0.0999999999999943
0.0999999999999943
0.0999999999999943
0.0999999999999943
0.0999999999999943
0.0999999999999943
0.0999999999999943
0.0600000000048624
0.0399999999951319
0.0999999999999943
0.0999999999999943
0.0999999999999943
0.0999999999999943
0.0999999999999943
0.0999999999999943
0.0999999999999943
0.0570000000049049
0.0429999999950894
0.0999999999999943
0.0999999999999943
0.0999999999999943
0.0999999999999943
0.0999999999999943
0.0999999999999943
0.0999999999999943
0.0440000000049565
0.0559999999950378
0.0999999999999943
0.0999999999999943
0.0999999999999943
0.0999999999999943
0.0999999999999943
0.0999999999999943
0.0999999999999943
0.0120000000050027
0.0879999999949916
0.0999999999999943
0.0999999999999943
0.0999999999999943
0.0999999999999943
0.0999999999999943
0.0999999999999943
0.0700000000050522
0.0299999999949421
0.0999999999999943
0.0999999999999943
0.0999999999999943
0.0999999999999943
0.0999999999999943
0.0999999999999943
0.0999999999999943
0.0180000000050882
0.0819999999949061
0.0999999999999943
0.0999999999999943
0.0999999999999943
0.0999999999999943
0.0999999999999943
0.0999999999999943
0.0520000000051368
0.0479999999948575
0.0999999999999943
0.0999999999999943
0.0999999999999943
0.0999999999999943
0.0999999999999943
0.0999999999999943
0.0880000000051666
0.0119999999948277
0.0999999999999943
0.0999999999999943
0.0999999999999943
0.0999999999999943
0.0999999999999943
0.0999999999999943
0.0999999999999943
0.0360000000052025
0.0639999999947918
0.0999999999999943
0.0999999999999943
0.0999999999999943
0.0999999999999943
0.0999999999999943
0.0999999999999943
0.0860000000052423
0.013999999994752
0.0999999999999943
0.0999999999999943
0.0999999999999943
0.0999999999999943
0.0999999999999943
0.0999999999999943
0.0999999999999943
0.0300000000052876
0.0699999999947067
0.0999999999999943
0.0999999999999943
0.0999999999999943
0.0999999999999943
0.0999999999999943
0.0999999999999943
0.0940000000053374
0.00599999999465695
0.0999999999999943
0.0999999999999943
0.0999999999999943
0.0999999999999943
0.0999999999999943
0.0999999999999943
0.0999999999999943
0.0620000000053835
0.0379999999946108
0.0999999999999943
0.0999999999999943
0.0999999999999943
0.0999999999999943
0.0999999999999943
0.0999999999999943
0.0999999999999943
0.0410000000054254
0.058999999994569
0.0999999999999943
0.0999999999999943
0.0999999999999943
0.0999999999999943
0.0999999999999943
0.0999999999999943
0.0999999999999943
0.0220000000054767
0.0779999999945176
0.0999999999999943
0.0999999999999943
0.0999999999999943
0.0999999999999943
0.0999999999999943
0.0999999999999943
0.0999999999999943
0.0110000000055095
0.0889999999944848
0.0999999999999943
0.0999999999999943
0.0999999999999943
0.0999999999999943
0.0999999999999943
0.0999999999999943
0.0999999999999943
0.0100000000055616
0.0899999999944328
0.0999999999999943
0.0999999999999943
0.0999999999999943
0.0999999999999943
0.0999999999999943
0.0999999999999943
0.0999999999999943
0.0150000000056139
0.0849999999943805
0.0999999999999943
0.0999999999999943
0.0999999999999943
0.0999999999999943
0.0999999999999943
0.0999999999999943
0.0999999999999943
0.0040000000056466
0.0959999999943477
0.0999999999999943
0.0999999999999943
0.0999999999999943
0.0999999999999943
0.0999999999999943
0.0999999999999943
0.0990000000056739
0.000999999994320433
0.0999999999999943
0.0999999999999943
0.0999999999999943
0.0999999999999943
0.0999999999999943
0.0999999999999943
0.0999999999999943
0.0820000000057064
0.0179999999942879
0.0999999999999943
0.0999999999999943
0.0999999999999943
0.0999999999999943
0.0999999999999943
0.0999999999999943
0.0999999999999943
0.0530000000057385
0.0469999999942559
0.0999999999999943
0.0999999999999943
0.0999999999999943
0.0999999999999943
0.0999999999999943
0.0999999999999943
0.0999999999999943
0.0190000000057751
0.0809999999942193
0.0999999999999943
0.0999999999999943
0.0999999999999943
0.0999999999999943
0.0999999999999943
0.0999999999999943
0.085000000005806
0.0149999999941883
0.0999999999999943
0.0999999999999943
0.0999999999999943
0.0999999999999943
0.0999999999999943
0.0999999999999943
0.0999999999999943
0.0450000000058424
0.0549999999941519
0.0999999999999943
0.0999999999999943
0.0999999999999943
0.0999999999999943
0.0999999999999943
0.0999999999999943
0.0890000000058819
0.0109999999941124
0.0999999999999943
0.0999999999999943
0.0999999999999943
0.0999999999999943
0.0999999999999943
0.0999999999999943
0.0999999999999943
0.0350000000059367
0.0649999999940576
0.0999999999999943
0.0999999999999943
0.0999999999999943
0.0999999999999943
0.0999999999999943
0.0999999999999943
0.0850000000059765
0.0149999999940178
0.0999999999999943
0.0999999999999943
0.0999999999999943
0.0999999999999943
0.0999999999999943
0.0999999999999943
0.0999999999999943
0.0580000000060181
0.0419999999939762
0.0999999999999943
0.0999999999999943
0.0999999999999943
0.0999999999999943
0.0999999999999943
0.0999999999999943
0.0999999999999943
0.0550000000060606
0.0449999999939337
0.0999999999999943
0.0999999999999943
0.0999999999999943
0.0999999999999943
0.0999999999999943
0.0999999999999943
0.0999999999999943
0.0380000000060932
0.0619999999939012
0.0999999999999943
0.0999999999999943
0.0999999999999943
0.0999999999999943
0.0999999999999943
0.0999999999999943
0.0999999999999943
0.0350000000061357
0.0649999999938586
0.0999999999999943
0.0999999999999943
0.0999999999999943
0.0999999999999943
0.0999999999999943
0.0999999999999943
0.0999999999999943
0.0300000000061686
0.0699999999938257
0.0999999999999943
0.0999999999999943
0.0999999999999943
0.0999999999999943
0.0999999999999943
0.0999999999999943
0.0999999999999943
0.00300000000621026
0.0969999999937841
0.0999999999999943
0.0999999999999943
0.0999999999999943
0.0999999999999943
0.0999999999999943
0.0999999999999943
0.0610000000062598
0.0389999999937345
0.0999999999999943
0.0999999999999943
0.0999999999999943
0.0999999999999943
0.0999999999999943
0.0999999999999943
0.0999999999999943
0.0130000000063148
0.0869999999936795
0.0999999999999943
0.0999999999999943
0.0999999999999943
0.0999999999999943
0.0999999999999943
0.0999999999999943
0.0610000000063451
0.0389999999936492
0.0999999999999943
0.0999999999999943
0.0999999999999943
0.0999999999999943
0.0999999999999943
0.0999999999999943
0.0999999999999943
0.0190000000064003
0.080999999993594
0.0999999999999943
0.0999999999999943
0.0999999999999943
0.0999999999999943
0.0999999999999943
0.0999999999999943
0.0920000000064363
0.00799999999355805
0.0999999999999943
0.0999999999999943
0.0999999999999943
0.0999999999999943
0.0999999999999943
0.0999999999999943
0.0999999999999943
0.0890000000064788
0.0109999999935155
0.0999999999999943
0.0999999999999943
0.0999999999999943
0.0999999999999943
0.0999999999999943
0.0999999999999943
0.0999999999999943
0.0999999999999943
0.00900000000652312
0.0909999999934712
0.0999999999999943
0.0999999999999943
0.0999999999999943
0.0999999999999943
0.0999999999999943
0.0999999999999943
0.0999999999999943
0.0550000000065722
0.0449999999934221
0.0999999999999943
0.0999999999999943
0.0999999999999943
0.0999999999999943
0.0999999999999943
0.0999999999999943
0.0999999999999943
0.0830000000066207
0.0169999999933736
0.0999999999999943
0.0999999999999943
0.0999999999999943
0.0999999999999943
0.0999999999999943
0.0999999999999943
0.0999999999999943
0.0999999999999943
0.0190000000066846
0.0809999999933098
0.0999999999999943
0.0999999999999943
0.0999999999999943
0.0999999999999943
0.0999999999999943
0.0999999999999943
0.0999999999999943
0.0530000000067332
0.0469999999932611
0.0999999999999943
0.0999999999999943
0.0999999999999943
0.0999999999999943
0.0999999999999943
0.0999999999999943
0.0999999999999943
0.0670000000067716
0.0329999999932227
0.0999999999999943
0.0999999999999943
0.0999999999999943
0.0999999999999943
0.0999999999999943
0.0999999999999943
0.0999999999999943
0.0620000000068046
0.0379999999931897
0.0999999999999943
0.0999999999999943
0.0999999999999943
0.0999999999999943
0.0999999999999943
0.0999999999999943
0.0999999999999943
0.0590000000068471
0.0409999999931472
0.0999999999999943
0.0999999999999943
0.0999999999999943
0.0999999999999943
0.0999999999999943
0.0999999999999943
0.0999999999999943
0.0500000000068894
0.0499999999931049
0.0999999999999943
0.0999999999999943
0.0999999999999943
0.0999999999999943
0.0999999999999943
0.0999999999999943
0.0999999999999943
0.0290000000069313
0.0709999999930631
0.0999999999999943
0.0999999999999943
0.0999999999999943
0.0999999999999943
0.0999999999999943
0.0999999999999943
0.0999999999999943
0.00200000000697287
0.0979999999930214
0.0999999999999943
0.0999999999999943
0.0999999999999943
0.0999999999999943
0.0999999999999943
0.0999999999999943
0.0850000000069997
0.0149999999929946
0.0999999999999943
0.0999999999999943
0.0999999999999943
0.0999999999999943
0.0999999999999943
0.0999999999999943
0.0999999999999943
0.0680000000070322
0.0319999999929621
0.0999999999999943
0.0999999999999943
0.0999999999999943
0.0999999999999943
0.0999999999999943
0.0999999999999943
0.0999999999999943
0.0530000000070743
0.04699999999292
0.0999999999999943
0.0999999999999943
0.0999999999999943
0.0999999999999943
0.0999999999999943
0.0999999999999943
0.0999999999999943
0.0340000000071257
0.0659999999928687
0.0999999999999943
0.0999999999999943
0.0999999999999943
0.0999999999999943
0.0999999999999943
0.0999999999999943
0.0999999999999943
0.025000000007168
0.0749999999928264
0.0999999999999943
0.0999999999999943
0.0999999999999943
0.0999999999999943
0.0999999999999943
0.0999999999999943
0.0999999999999943
0.02400000000722
0.0759999999927743
0.0999999999999943
0.0999999999999943
0.0999999999999943
0.0999999999999943
0.0999999999999943
0.0999999999999943
0.0999999999999943
0.040000000007268
0.0599999999927263
0.0999999999999943
0.0999999999999943
0.0999999999999943
0.0999999999999943
0.0999999999999943
0.0999999999999943
0.0999999999999943
0.0370000000073105
0.0629999999926838
0.0999999999999943
0.0999999999999943
0.0999999999999943
0.0999999999999943
0.0999999999999943
0.0999999999999943
0.0999999999999943
0.0360000000073626
0.0639999999926317
0.0999999999999943
0.0999999999999943
0.0999999999999943
0.0999999999999943
0.0999999999999943
0.0999999999999943
0.0999999999999943
0.0230000000074142
0.0769999999925801
0.0999999999999943
0.0999999999999943
0.0999999999999943
0.0999999999999943
0.0999999999999943
0.0999999999999943
0.0999999999999943
0.00400000000746559
0.0959999999925287
0.0999999999999943
0.0999999999999943
0.0999999999999943
0.0999999999999943
0.0999999999999943
0.0999999999999943
0.0640000000074963
0.035999999992498
0.0999999999999943
0.0999999999999943
0.0999999999999943
0.0999999999999943
0.0999999999999943
0.0999999999999943
0.0999999999999943
0.0160000000075513
0.083999999992443
0.0999999999999943
0.0999999999999943
0.0999999999999943
0.0999999999999943
0.0999999999999943
0.0999999999999943
0.0640000000075815
0.0359999999924128
0.0999999999999943
0.0999999999999943
0.0999999999999943
0.0999999999999943
0.0999999999999943
0.0999999999999943
0.0999999999999943
0.0220000000076368
0.0779999999923575
0.0999999999999943
0.0999999999999943
0.0999999999999943
0.0999999999999943
0.0999999999999943
0.0999999999999943
0.0800000000076864
0.0199999999923079
0.0999999999999943
0.0999999999999943
0.0999999999999943
0.0999999999999943
0.0999999999999943
0.0999999999999943
0.0999999999999943
0.0300000000077318
0.0699999999922625
0.0999999999999943
0.0999999999999943
0.0999999999999943
0.0999999999999943
0.0999999999999943
0.0999999999999943
0.0860000000077719
0.0139999999922225
0.0999999999999943
0.0999999999999943
0.0999999999999943
0.0999999999999943
0.0999999999999943
0.0999999999999943
0.0999999999999943
0.0440000000078271
0.0559999999921672
0.0999999999999943
0.0999999999999943
0.0999999999999943
0.0999999999999943
0.0999999999999943
0.0999999999999943
0.0999999999999943
0.00200000000788236
0.097999999992112
0.0999999999999943
0.0999999999999943
0.0999999999999943
0.0999999999999943
0.0999999999999943
0.0999999999999943
0.0600000000079319
0.0399999999920624
0.0999999999999943
0.0999999999999943
0.0999999999999943
0.0999999999999943
0.0999999999999943
0.0999999999999943
0.0999999999999943
0.0100000000079774
0.0899999999920169
0.0999999999999943
0.0999999999999943
0.0999999999999943
0.0999999999999943
0.0999999999999943
0.0999999999999943
0.068000000008027
0.0319999999919673
0.0999999999999943
0.0999999999999943
0.0999999999999943
0.0999999999999943
0.0999999999999943
0.0999999999999943
0.0999999999999943
0.0260000000080822
0.0739999999919121
0.0999999999999943
0.0999999999999943
0.0999999999999943
0.0999999999999943
0.0999999999999943
0.0999999999999943
0.0999999999999943
0.00100000000813338
0.0989999999918609
0.0999999999999943
0.0999999999999943
0.0999999999999943
0.0999999999999943
0.0999999999999943
0.0999999999999943
0.0650000000081832
0.0349999999918111
0.0999999999999943
0.0999999999999943
0.0999999999999943
0.0999999999999943
0.0999999999999943
0.0999999999999943
0.0999999999999943
0.0250000000082196
0.0749999999917748
0.0999999999999943
0.0999999999999943
0.0999999999999943
0.0999999999999943
0.0999999999999943
0.0999999999999943
0.0890000000082694
0.010999999991725
0.0999999999999943
0.0999999999999943
0.0999999999999943
0.0999999999999943
0.0999999999999943
0.0999999999999943
0.0999999999999943
0.062000000008311
0.0379999999916834
0.0999999999999943
0.0999999999999943
0.0999999999999943
0.0999999999999943
0.0999999999999943
0.0999999999999943
0.0999999999999943
0.0220000000083473
0.077999999991647
0.0999999999999943
0.0999999999999943
0.0999999999999943
0.0999999999999943
0.0999999999999943
0.0999999999999943
0.0780000000083874
0.021999999991607
0.0999999999999943
0.0999999999999943
0.0999999999999943
0.0999999999999943
0.0999999999999943
0.0999999999999943
0.0999999999999943
0.0420000000084428
0.0579999999915515
0.0999999999999943
0.0999999999999943
0.0999999999999943
0.0999999999999943
0.0999999999999943
0.0999999999999943
0.0999999999999943
0.010000000008489
0.0899999999915053
0.0999999999999943
0.0999999999999943
0.0999999999999943
0.0999999999999943
0.0999999999999943
0.0999999999999943
0.0830000000085249
0.0169999999914694
0.0999999999999943
0.0999999999999943
0.0999999999999943
0.0999999999999943
0.0999999999999943
0.0999999999999943
0.0999999999999943
0.0430000000085613
0.056999999991433
0.0999999999999943
0.0999999999999943
0.0999999999999943
0.0999999999999943
0.0999999999999943
0.0999999999999943
0.0999999999999943
0.0220000000086031
0.0779999999913912
0.0999999999999943
0.0999999999999943
0.0999999999999943
0.0999999999999943
0.0999999999999943
0.0999999999999943
0.0999999999999943
0.0130000000086454
0.0869999999913489
0.0999999999999943
0.0999999999999943
0.0999999999999943
0.0999999999999943
0.0999999999999943
0.0999999999999943
0.0999999999999943
0.0100000000086879
0.0899999999913064
0.0999999999999943
0.0999999999999943
0.0999999999999943
0.0999999999999943
0.0999999999999943
0.0999999999999943
0.0970000000087339
0.00299999999126044
0.0999999999999943
0.0999999999999943
0.0999999999999943
0.0999999999999943
0.0999999999999943
0.0999999999999943
0.0999999999999943
0.0800000000087664
0.0199999999912279
0.0999999999999943
0.0999999999999943
0.0999999999999943
0.0999999999999943
0.0999999999999943
0.0999999999999943
0.0999999999999943
0.0690000000087991
0.0309999999911952
0.0999999999999943
0.0999999999999943
0.0999999999999943
0.0999999999999943
0.0999999999999943
0.0999999999999943
0.0999999999999943
0.0760000000088326
0.0239999999911618
0.0999999999999943
0.0999999999999943
0.0999999999999943
0.0999999999999943
0.0999999999999943
0.0999999999999943
0.0999999999999943
0.0690000000088844
0.0309999999911099
0.0999999999999943
0.0999999999999943
0.0999999999999943
0.0999999999999943
0.0999999999999943
0.0999999999999943
0.0999999999999943
0.0580000000089171
0.0419999999910772
0.0999999999999943
0.0999999999999943
0.0999999999999943
0.0999999999999943
0.0999999999999943
0.0999999999999943
0.0999999999999943
0.0550000000089597
0.0449999999910347
0.0999999999999943
0.0999999999999943
0.0999999999999943
0.0999999999999943
0.0999999999999943
0.0999999999999943
0.0999999999999943
0.0520000000090022
0.0479999999909921
0.0999999999999943
0.0999999999999943
0.0999999999999943
0.0999999999999943
0.0999999999999943
0.0999999999999943
0.0999999999999943
0.0430000000090445
0.0569999999909498
0.0999999999999943
0.0999999999999943
0.0999999999999943
0.0999999999999943
0.0999999999999943
0.0999999999999943
0.0999999999999943
0.0220000000090863
0.077999999990908
0.0999999999999943
0.0999999999999943
0.0999999999999943
0.0999999999999943
0.0999999999999943
0.0999999999999943
0.0999999999999943
0.00300000000913769
0.0969999999908566
0.0999999999999943
0.0999999999999943
0.0999999999999943
0.0999999999999943
0.0999999999999943
0.0999999999999943
0.0840000000091834
0.0159999999908109
0.0999999999999943
0.0999999999999943
0.0999999999999943
0.0999999999999943
0.0999999999999943
0.0999999999999943
0.0999999999999943
0.0730000000092161
0.0269999999907782
0.0999999999999943
0.0999999999999943
0.0999999999999943
0.0999999999999943
0.0999999999999943
0.0999999999999943
0.0999999999999943
0.0480000000092673
0.051999999990727
0.0999999999999943
0.0999999999999943
0.0999999999999943
0.0999999999999943
0.0999999999999943
0.0999999999999943
0.0999999999999943
0.0210000000093089
0.0789999999906854
0.0999999999999943
0.0999999999999943
0.0999999999999943
0.0999999999999943
0.0999999999999943
0.0999999999999943
0.0999999999999943
9.35074240260292e-12
0.0999999999906436
0.0999999999999943
0.0999999999999943
0.0999999999999943
0.0999999999999943
0.0999999999999943
0.0999999999999943
0.0810000000093964
0.0189999999905979
0.0999999999999943
0.0999999999999943
0.0999999999999943
0.0999999999999943
0.0999999999999943
0.0999999999999943
0.0999999999999943
0.0540000000094381
0.0459999999905563
0.0999999999999943
0.0999999999999943
0.0999999999999943
0.0999999999999943
0.0999999999999943
0.0999999999999943
0.0999999999999943
0.0120000000094933
0.087999999990501
0.0999999999999943
0.0999999999999943
0.0999999999999943
0.0999999999999943
0.0999999999999943
0.0999999999999943
0.0780000000095242
0.0219999999904701
0.0999999999999943
0.0999999999999943
0.0999999999999943
0.0999999999999943
0.0999999999999943
0.0999999999999943
0.0999999999999943
0.0440000000095608
0.0559999999904335
0.0999999999999943
0.0999999999999943
0.0999999999999943
0.0999999999999943
0.0999999999999943
0.0999999999999943
0.0999999999999943
0.0170000000096024
0.0829999999903919
0.0999999999999943
0.0999999999999943
0.0999999999999943
0.0999999999999943
0.0999999999999943
0.0999999999999943
0.075000000009652
0.0249999999903423
0.0999999999999943
0.0999999999999943
0.0999999999999943
0.0999999999999943
0.0999999999999943
0.0999999999999943
0.0999999999999943
0.0410000000096886
0.0589999999903057
0.0999999999999943
0.0999999999999943
0.0999999999999943
0.0999999999999943
0.0999999999999943
0.0999999999999943
0.0999999999999943
0.00700000000972523
0.0929999999902691
0.0999999999999943
0.0999999999999943
0.0999999999999943
0.0999999999999943
0.0999999999999943
0.0999999999999943
0.0960000000097523
0.00399999999024203
0.0999999999999943
0.0999999999999943
0.0999999999999943
0.0999999999999943
0.0999999999999943
0.0999999999999943
0.0999999999999943
0.0770000000098037
0.0229999999901906
0.0999999999999943
0.0999999999999943
0.0999999999999943
0.0999999999999943
0.0999999999999943
0.0999999999999943
0.0999999999999943
0.0640000000098553
0.035999999990139
0.0999999999999943
0.0999999999999943
0.0999999999999943
0.0999999999999943
0.0999999999999943
0.0999999999999943
0.0999999999999943
0.0550000000098976
0.0449999999900967
0.0999999999999943
0.0999999999999943
0.0999999999999943
0.0999999999999943
0.0999999999999943
0.0999999999999943
0.0999999999999943
0.0520000000099401
0.0479999999900542
0.0999999999999943
0.0999999999999943
0.0999999999999943
0.0999999999999943
0.0999999999999943
0.0999999999999943
0.0999999999999943
0.0350000000099726
0.0649999999900217
0.0999999999999943
0.0999999999999943
0.0999999999999943
0.0999999999999943
0.0999999999999943
0.0999999999999943
0.0999999999999943
0.0140000000100144
0.0859999999899799
0.0999999999999943
0.0999999999999943
0.0999999999999943
0.0999999999999943
0.0999999999999943
0.0999999999999943
0.0870000000100504
0.0129999999899439
0.0999999999999943
0.0999999999999943
0.0999999999999943
0.0999999999999943
0.0999999999999943
0.0999999999999943
0.0999999999999943
0.053000000010087
0.0469999999899073
0.0999999999999943
0.0999999999999943
0.0999999999999943
0.0999999999999943
0.0999999999999943
0.0999999999999943
0.095000000010117
0.00499999998987732
0.0999999999999943
0.100000000000023
0.100000000000023
0.100000000000023
0.100000000000023
0.100000000000023
0.100000000000023
0.0310000000100104
0.0689999999900124
0.100000000000023
0.100000000000023
0.100000000000023
0.100000000000023
0.100000000000023
0.100000000000023
0.0610000000098694
0.0389999999901534
0.100000000000023
0.100000000000023
0.100000000000023
0.100000000000023
0.100000000000023
0.100000000000023
0.0840000000097234
0.0159999999902993
0.100000000000023
0.100000000000023
0.100000000000023
0.100000000000023
0.100000000000023
0.100000000000023
0.100000000000023
0.0030000000095356
0.0969999999904871
0.100000000000023
0.100000000000023
0.100000000000023
0.100000000000023
0.100000000000023
0.100000000000023
0.020000000009361
0.0799999999906618
0.100000000000023
0.100000000000023
0.100000000000023
0.100000000000023
0.100000000000023
0.100000000000023
0.0540000000091823
0.0459999999908405
0.100000000000023
0.100000000000023
0.100000000000023
0.100000000000023
0.100000000000023
0.100000000000023
0.100000000000023
0.00800000000901946
0.0919999999910033
0.100000000000023
0.100000000000023
0.100000000000023
0.100000000000023
0.100000000000023
0.100000000000023
0.100000000000023
0.0260000000088212
0.0739999999912015
0.100000000000023
0.100000000000023
0.100000000000023
0.100000000000023
0.100000000000023
0.100000000000023
0.100000000000023
0.0440000000086229
0.0559999999913998
0.100000000000023
0.100000000000023
0.100000000000023
0.100000000000023
0.100000000000023
0.100000000000023
0.100000000000023
0.0640000000084342
0.0359999999915885
0.100000000000023
0.100000000000023
0.100000000000023
0.100000000000023
0.100000000000023
0.100000000000023
0.100000000000023
0.0760000000082641
0.0239999999917586
0.100000000000023
0.100000000000023
0.100000000000023
0.100000000000023
0.100000000000023
0.100000000000023
0.100000000000023
0.0900000000081036
0.00999999999191914
0.100000000000023
0.100000000000023
0.100000000000023
0.100000000000023
0.100000000000023
0.100000000000023
0.100000000000023
0.0690000000079181
0.0309999999921047
0.100000000000023
0.100000000000023
0.100000000000023
0.100000000000023
0.100000000000023
0.100000000000023
0.100000000000023
0.0350000000077557
0.064999999992267
0.100000000000023
0.100000000000023
0.100000000000023
0.100000000000023
0.100000000000023
0.100000000000023
0.0790000000076247
0.020999999992398
0.100000000000023
0.100000000000023
0.100000000000023
0.100000000000023
0.100000000000023
0.100000000000023
0.100000000000023
0.0130000000074233
0.0869999999925994
0.100000000000023
0.100000000000023
0.100000000000023
0.100000000000023
0.100000000000023
0.100000000000023
0.0320000000072582
0.0679999999927645
0.100000000000023
0.100000000000023
0.100000000000023
0.100000000000023
0.100000000000023
0.100000000000023
0.0570000000071218
0.0429999999929009
0.100000000000023
0.100000000000023
0.100000000000023
0.100000000000023
0.100000000000023
0.100000000000023
0.0840000000069381
0.0159999999930847
0.100000000000023
0.100000000000023
0.100000000000023
0.100000000000023
0.100000000000023
0.100000000000023
0.100000000000023
0.0280000000067844
0.0719999999932384
0.100000000000023
0.100000000000023
0.100000000000023
0.100000000000023
0.100000000000023
0.100000000000023
0.084000000006597
0.0159999999934257
0.100000000000023
0.100000000000023
0.100000000000023
0.100000000000023
0.100000000000023
0.100000000000023
0.100000000000023
0.0400000000063869
0.0599999999936358
0.100000000000023
0.100000000000023
0.100000000000023
0.100000000000023
0.100000000000023
0.100000000000023
0.100000000000023
0.00200000000620548
0.0979999999938173
0.100000000000023
0.100000000000023
0.100000000000023
0.100000000000023
0.100000000000023
0.100000000000023
0.0750000000060709
0.0249999999939519
0.100000000000023
0.100000000000023
0.100000000000023
0.100000000000023
0.100000000000023
0.100000000000023
0.100000000000023
0.0560000000058949
0.0439999999941278
0.100000000000023
0.100000000000023
0.100000000000023
0.100000000000023
0.100000000000023
0.100000000000023
0.100000000000023
0.027000000005728
0.0729999999942947
0.100000000000023
0.100000000000023
0.100000000000023
0.100000000000023
0.100000000000023
0.100000000000023
0.100000000000023
0.00200000000552336
0.0979999999944994
0.100000000000023
0.100000000000023
0.100000000000023
0.100000000000023
0.100000000000023
0.100000000000023
0.0810000000053606
0.0189999999946622
0.100000000000023
0.100000000000023
0.100000000000023
0.100000000000023
0.100000000000023
0.100000000000023
0.100000000000023
0.0620000000051846
0.0379999999948382
0.100000000000023
0.100000000000023
0.100000000000023
0.100000000000023
0.100000000000023
0.100000000000023
0.100000000000023
0.020000000004984
0.0799999999950387
0.100000000000023
0.100000000000023
0.100000000000023
0.100000000000023
0.100000000000023
0.100000000000023
0.0930000000048494
0.00699999999517331
0.100000000000023
0.100000000000023
0.100000000000023
0.100000000000023
0.100000000000023
0.100000000000023
0.100000000000023
0.0720000000046639
0.0279999999953588
0.100000000000023
0.100000000000023
0.100000000000023
0.100000000000023
0.100000000000023
0.100000000000023
0.100000000000023
0.0630000000044788
0.0369999999955439
0.100000000000023
0.100000000000023
0.100000000000023
0.100000000000023
0.100000000000023
0.100000000000023
0.100000000000023
0.0520000000042842
0.0479999999957386
0.100000000000023
0.100000000000023
0.100000000000023
0.100000000000023
0.100000000000023
0.100000000000023
0.100000000000023
0.0330000000041082
0.0669999999959145
0.100000000000023
0.100000000000023
0.100000000000023
0.100000000000023
0.100000000000023
0.100000000000023
0.100000000000023
0.0220000000039136
0.0779999999961092
0.100000000000023
0.100000000000023
0.100000000000023
0.100000000000023
0.100000000000023
0.100000000000023
0.100000000000023
0.0270000000037385
0.0729999999962843
0.100000000000023
0.100000000000023
0.100000000000023
0.100000000000023
0.100000000000023
0.100000000000023
0.100000000000023
0.0390000000035684
0.0609999999964543
0.100000000000023
0.100000000000023
0.100000000000023
0.100000000000023
0.100000000000023
0.100000000000023
0.100000000000023
0.0280000000033738
0.071999999996649
0.100000000000023
0.100000000000023
0.100000000000023
0.100000000000023
0.100000000000023
0.100000000000023
0.100000000000023
0.0250000000032173
0.0749999999968054
0.100000000000023
0.100000000000023
0.100000000000023
0.100000000000023
0.100000000000023
0.100000000000023
0.100000000000023
0.0240000000030136
0.0759999999970091
0.100000000000023
0.100000000000023
0.100000000000023
0.100000000000023
0.100000000000023
0.100000000000023
0.100000000000023
0.027000000002829
0.0729999999971938
0.100000000000023
0.100000000000023
0.100000000000023
0.100000000000023
0.100000000000023
0.100000000000023
0.100000000000023
0.0280000000026348
0.0719999999973879
0.100000000000023
0.100000000000023
0.100000000000023
0.100000000000023
0.100000000000023
0.100000000000023
0.100000000000023
0.0210000000024593
0.0789999999975635
0.100000000000023
0.100000000000023
0.100000000000023
0.100000000000023
0.100000000000023
0.100000000000023
0.100000000000023
0.0350000000022987
0.064999999997724
0.100000000000023
0.100000000000023
0.100000000000023
0.100000000000023
0.100000000000023
0.100000000000023
0.100000000000023
0.0710000000021296
0.0289999999978932
0.100000000000023
0.100000000000023
0.100000000000023
0.100000000000023
0.100000000000023
0.100000000000023
0.100000000000023
0.100000000000023
0.0230000000019004
0.0769999999981223
0.100000000000023
0.100000000000023
0.100000000000023
0.100000000000023
0.100000000000023
0.100000000000023
0.100000000000023
0.0730000000017412
0.0269999999982815
0.100000000000023
0.100000000000023
0.100000000000023
0.100000000000023
0.100000000000023
0.100000000000023
0.100000000000023
0.100000000000023
0.0340000000015266
0.0659999999984962
0.100000000000023
0.100000000000023
0.100000000000023
0.100000000000023
0.100000000000023
0.100000000000023
0.100000000000023
0.100000000000023
0.0070000000013124
0.0929999999987103
0.100000000000023
0.100000000000023
0.100000000000023
0.100000000000023
0.100000000000023
0.100000000000023
0.100000000000023
0.0620000000011487
0.037999999998874
0.100000000000023
0.100000000000023
0.100000000000023
0.100000000000023
0.100000000000023
0.100000000000023
0.100000000000023
0.0880000000009886
0.0119999999990341
0.100000000000023
0.100000000000023
0.100000000000023
0.100000000000023
0.100000000000023
0.100000000000023
0.100000000000023
0.100000000000023
0.0140000000008058
0.0859999999992169
0.100000000000023
0.100000000000023
0.100000000000023
0.100000000000023
0.100000000000023
0.100000000000023
0.100000000000023
0.0280000000006453
0.0719999999993775
0.100000000000023
0.100000000000023
0.100000000000023
0.100000000000023
0.100000000000023
0.100000000000023
0.100000000000023
0.0090000000004693
0.0909999999995534
0.100000000000023
0.100000000000023
0.100000000000023
0.100000000000023
0.100000000000023
0.100000000000023
0.0960000000002879
0.00399999999973488
0.100000000000023
0.100000000000023
0.100000000000023
0.100000000000023
0.100000000000023
0.100000000000023
0.100000000000023
0.0690000000001305
0.0309999999998922
0.100000000000023
0.100000000000023
0.100000000000023
0.100000000000023
0.100000000000023
0.100000000000023
0.100000000000023
0.0439999999999259
0.0560000000000969
0.100000000000023
0.100000000000023
0.100000000000023
0.100000000000023
0.100000000000023
0.100000000000023
0.100000000000023
0.00799999999975398
0.0920000000002688
0.100000000000023
0.100000000000023
0.100000000000023
0.100000000000023
0.100000000000023
0.100000000000023
0.0779999999995766
0.0220000000004461
0.100000000000023
0.100000000000023
0.100000000000023
0.100000000000023
0.100000000000023
0.100000000000023
0.100000000000023
0.0549999999993815
NaN
NaN
NaN
NaN
NaN
NaN
NaN
NaN
NaN
NaN
NaN
NaN
NaN
NaN
NaN
NaN
NaN
NaN
NaN
NaN
NaN
NaN
NaN
NaN
NaN
