0.055
0.4
0.332
0.0679999999999998
0.4
0.4
0.111
0.289
0.4
0.0770000000000004
0.323
0.4
0.175000000000001
0.225
0.4
0.146
0.254
0.4
0.157999999999999
0.242000000000001
0.4
0.140999999999999
0.259000000000001
0.4
0.152999999999999
0.247000000000002
0.4
0.188999999999998
0.211000000000002
0.4
0.238999999999997
0.161000000000003
0.4
0.305999999999997
0.094000000000003
0.4
0.357999999999997
0.0420000000000034
0.4
0.4
0.0169999999999959
0.383000000000004
0.4
0.0629999999999953
0.337000000000005
0.4
0.0739999999999945
0.326000000000006
0.4
0.0879999999999939
0.312000000000006
0.4
0.090999999999994
0.309000000000006
0.4
0.118999999999993
0.281000000000008
0.399999999999999
0.148999999999994
0.251000000000005
0.399999999999999
0.207999999999998
0.192
0.399999999999999
0.236000000000001
0.163999999999998
0.399999999999999
0.309000000000005
0.090999999999994
0.399999999999999
0.308000000000007
0.0919999999999916
0.399999999999999
0.365000000000009
0.0349999999999895
0.399999999999999
0.348000000000013
0.0519999999999854
0.399999999999999
0.359000000000016
0.0409999999999826
0.399999999999999
0.350000000000019
0.0499999999999794
0.399999999999999
0.399999999999999
0
0.399999999999974
0.399999999999999
0.00900000000002876
0.39099999999997
0.399999999999999
0.139000000000031
0.260999999999967
0.399999999999999
0.118000000000034
0.281999999999965
0.399999999999999
0.222000000000037
0.177999999999962
0.399999999999999
0.205000000000041
0.194999999999958
0.399999999999999
0.348000000000045
0.0519999999999534
0.399999999999999
0.329000000000047
0.0709999999999518
0.399999999999999
0.399999999999999
0.152000000000051
0.247999999999948
0.399999999999999
0.127000000000052
0.272999999999946
0.399999999999999
0.309000000000054
0.0909999999999442
0.399999999999999
0.290000000000056
0.109999999999943
0.399999999999999
0.365000000000059
0.0349999999999397
0.399999999999999
0.376000000000062
0.023999999999937
0.399999999999999
0.399999999999999
0.0860000000000625
0.313999999999936
0.399999999999999
0.081000000000067
0.318999999999932
0.399999999999999
0.267000000000067
0.132999999999932
0.399999999999999
0.254000000000069
0.14599999999993
0.399999999999999
0.399999999999999
0.0850000000000719
0.314999999999927
0.399999999999999
0.0620000000000758
0.337999999999923
0.399999999999999
0.219000000000079
0.180999999999919
0.399999999999999
0.177000000000085
0.222999999999914
0.399999999999999
0.264000000000088
0.13599999999991
0.399999999999999
0.25700000000009
0.142999999999908
0.399999999999999
0.399999999999999
0.0100000000000975
0.389999999999901
0.385000000000097
0.0149999999999011
0.399999999999999
0.399999999999999
0.138000000000105
0.261999999999894
0.399999999999999
0.111000000000111
0.288999999999888
0.399999999999999
0.149000000000115
0.250999999999884
0.399999999999999
0.150000000000119
0.249999999999879
0.399999999999999
0.211000000000119
0.188999999999879
0.399999999999999
0.22900000000012
0.170999999999879
0.399999999999999
0.331000000000124
0.0689999999998747
0.399999999999999
0.318000000000126
0.0819999999998728
0.399999999999999
0.399999999999999
0.00100000000013267
0.398999999999866
0.399999999999999
0.037000000000134
0.362999999999865
0.399999999999999
0.204000000000136
0.195999999999863
0.399999999999999
0.209000000000138
0.19099999999986
0.399999999999999
0.399999999999999
0.034000000000141
0.365999999999858
0.399999999999999
0.0210000000001429
0.378999999999856
0.399999999999999
0.0980000000001482
0.30199999999985
0.399999999999999
0.0890000000001478
0.310999999999851
0.399999999999999
0.168000000000148
0.23199999999985
0.399999999999999
0.159000000000148
0.24099999999985
0.399999999999999
0.312000000000154
0.0879999999998446
0.399999999999999
0.29100000000016
0.108999999999838
0.399999999999999
0.327000000000162
0.072999999999837
0.400000000000006
0.316000000000159
0.0839999999998469
0.400000000000006
0.375000000000142
0.0249999999998636
0.400000000000006
0.380000000000138
0.0199999999998681
0.400000000000006
0.400000000000006
0.0570000000001158
0.34299999999989
0.400000000000006
0.0710000000000974
0.328999999999908
0.400000000000006
0.183000000000092
0.216999999999913
0.400000000000006
0.170000000000087
0.229999999999919
0.400000000000006
0.280000000000072
0.119999999999933
0.400000000000006
0.253000000000057
0.146999999999949
0.400000000000006
0.32600000000005
0.0739999999999554
0.400000000000006
0.29700000000004
0.102999999999966
0.400000000000006
0.317000000000021
0.0829999999999842
0.400000000000006
0.306000000000012
0.0939999999999941
0.400000000000006
0.370999999999995
0.0290000000000106
0.400000000000006
0.384999999999977
0.015000000000029
0.400000000000006
0.400000000000006
0.116999999999962
0.283000000000044
0.400000000000006
0.107999999999947
0.292000000000058
0.400000000000006
0.274999999999935
0.125000000000071
0.400000000000006
0.25399999999992
0.146000000000086
0.400000000000006
0.314999999999912
0.0850000000000932
0.400000000000006
0.287999999999897
0.112000000000108
0.400000000000006
0.313999999999879
0.0860000000001264
0.400000000000006
0.32099999999987
0.0790000000001356
0.400000000000006
0.400000000000006
0.0799999999998562
0.320000000000149
0.400000000000006
0.0769999999998419
0.323000000000164
0.400000000000006
0.245999999999825
0.154000000000181
0.400000000000006
0.226999999999819
0.173000000000187
0.400000000000006
0.324999999999804
0.0750000000002018
0.400000000000006
0.338999999999785
0.0610000000002202
0.400000000000006
0.400000000000006
0.0769999999997708
0.323000000000235
0.400000000000006
0.0639999999997656
0.33600000000024
0.400000000000006
0.197999999999752
0.202000000000254
0.400000000000006
0.167999999999736
0.232000000000269
0.400000000000006
0.197999999999723
0.202000000000282
0.400000000000006
0.192999999999714
0.207000000000292
0.400000000000006
0.238999999999706
0.1610000000003
0.400000000000006
0.225999999999701
0.174000000000305
0.400000000000006
0.300999999999689
0.0990000000003164
0.400000000000006
0.281999999999684
0.118000000000322
0.400000000000006
0.356999999999672
0.0430000000003332
0.400000000000006
0.329999999999657
0.0700000000003485
0.400000000000006
0.383999999999645
0.0160000000003606
0.400000000000006
0.36499999999964
0.0350000000003661
0.400000000000006
0.400000000000006
0.00699999999962131
0.393000000000384
0.381999999999621
0.0180000000003844
0.400000000000006
0.400000000000006
0.00799999999959766
0.392000000000408
0.400000000000006
0.0149999999995885
0.385000000000417
0.400000000000006
0.136999999999574
0.263000000000432
0.400000000000006
0.13399999999956
0.266000000000446
0.400000000000006
0.395999999999546
0.00400000000045964
0.400000000000006
0.398999999999532
0.00100000000047373
0.400000000000006
0.400000000000006
0.190999999999519
0.209000000000486
0.400000000000006
0.150999999999513
0.249000000000493
0.400000000000006
0.1929999999995
0.207000000000505
0.400000000000006
0.206999999999482
0.193000000000524
0.400000000000006
0.281999999999471
0.118000000000535
0.400000000000006
0.286999999999466
0.11300000000054
0.400000000000006
0.400000000000006
0.0169999999994559
0.38300000000055
0.380999999999446
0.0190000000005597
0.400000000000006
0.389999999999432
0.0100000000005736
0.400000000000006
0.353999999999417
0.0460000000005891
0.400000000000006
0.400000000000006
0.0759999999993966
0.324000000000609
0.400000000000006
0.0709999999993869
0.329000000000619
0.400000000000006
0.25699999999938
0.143000000000626
0.400000000000006
0.237999999999374
0.162000000000631
0.400000000000006
0.380999999999361
0.0190000000006449
0.400000000000006
0.355999999999355
0.0440000000006506
0.400000000000006
0.400000000000006
0.0189999999993375
0.381000000000668
0.400000000000006
0.0259999999993283
0.374000000000677
0.400000000000006
0.0869999999993212
0.313000000000685
0.400000000000006
0.0739999999993159
0.32600000000069
0.400000000000006
0.111999999999298
0.288000000000707
0.400000000000006
0.092999999999293
0.307000000000713
0.400000000000006
0.149999999999281
0.250000000000725
0.400000000000006
0.115999999999275
0.284000000000731
0.400000000000006
0.151999999999262
0.248000000000744
0.400000000000006
0.140999999999252
0.259000000000754
0.400000000000006
0.240999999999246
0.159000000000759
0.400000000000006
0.217999999999222
0.182000000000784
0.400000000000006
0.372999999999223
0.0270000000007826
0.400000000000006
0.347999999999217
0.0520000000007883
0.400000000000006
0.400000000000006
0.102999999999213
0.297000000000793
0.400000000000006
0.0819999999991978
0.318000000000808
0.400000000000006
0.219999999999175
0.180000000000831
0.400000000000006
0.185999999999154
0.214000000000851
0.400000000000006
0.289999999999139
0.110000000000866
0.400000000000006
0.257999999999129
0.142000000000877
0.400000000000006
0.352999999999128
0.0470000000008781
0.400000000000006
0.339999999999122
0.0600000000008833
0.400000000000006
0.400000000000006
0.102999999999099
0.297000000000907
0.400000000000006
0.101999999999094
0.298000000000911
0.400000000000006
0.278999999999087
0.121000000000919
0.400000000000006
0.275999999999073
0.124000000000933
0.400000000000006
0.375999999999067
0.0240000000009388
0.400000000000006
0.348999999999052
0.0510000000009541
0.400000000000006
0.343999999999028
0.0560000000009779
0.400000000000006
0.348999999999023
0.0510000000009825
0.400000000000006
0.400000000000006
0.0159999999989964
0.384000000001009
0.400000000000006
0.0519999999989977
0.348000000001008
0.400000000000006
0.181999999998993
0.218000000001012
0.400000000000006
0.180999999998988
0.219000000001017
0.400000000000006
0.278999999998973
0.121000000001033
0.400000000000006
0.281999999998959
0.118000000001047
0.400000000000006
0.381999999998953
0.0180000000010523
0.400000000000006
0.364999999998929
0.0350000000010766
0.400000000000006
0.396999999998911
0.00300000000109435
0.400000000000006
0.356999999998891
0.0430000000011148
0.400000000000006
0.322999999998871
0.077000000001135
0.400000000000006
0.317999999998847
0.0820000000011589
0.400000000000006
0.329999999998847
0.0700000000011585
0.400000000000006
0.343999999998829
0.0560000000011769
0.400000000000006
0.387999999998812
0.0120000000011942
0.400000000000006
0.400000000000006
0.0219999999987976
0.378000000001208
0.400000000000006
0.0759999999987997
0.324000000001206
0.400000000000006
0.0959999999987815
0.304000000001224
0.400000000000006
0.17699999999877
0.223000000001235
0.400000000000006
0.190999999998752
0.209000000001254
0.400000000000006
0.279999999998751
0.120000000001255
0.400000000000006
0.270999999998736
0.12900000000127
0.400000000000006
0.400000000000006
0.013999999998731
0.386000000001275
0.400000000000006
0.00499999999871648
0.395000000001289
0.400000000000006
0.186999999998704
0.213000000001301
0.400000000000006
0.18399999999869
0.216000000001316
0.400000000000006
0.360999999998683
0.0390000000013231
0.400000000000006
0.351999999998668
0.0480000000013376
0.400000000000006
0.400000000000006
0.104999999998654
0.295000000001352
0.400000000000006
0.0629999999986524
0.337000000001353
0.400000000000006
0.100999999998635
0.299000000001371
0.400000000000006
0.155999999998613
0.244000000001392
0.400000000000006
0.294999999998595
0.105000000001411
0.400000000000006
0.320999999998577
0.0790000000014288
0.400000000000006
0.400000000000006
0.0999999999985732
0.300000000001432
0.400000000000006
0.102999999998559
0.297000000001447
0.400000000000006
0.25799999999856
0.142000000001445
0.400000000000006
0.262999999998556
0.13700000000145
0.400000000000006
0.400000000000006
0.0219999999985419
0.378000000001464
0.400000000000006
0.0129999999985273
0.387000000001478
0.400000000000006
0.124999999998522
0.275000000001484
0.400000000000006
0.115999999998508
0.284000000001498
0.400000000000006
0.204999999998506
0.1950000000015
0.400000000000006
0.177999999998491
0.222000000001515
0.400000000000006
0.213999999998492
0.186000000001513
0.400000000000006
0.257999999998475
0.142000000001531
0.400000000000006
0.342999999998455
0.0570000000015511
0.400000000000006
0.368999999998437
0.0310000000015691
0.400000000000006
0.400000000000006
0.131999999998413
0.268000000001592
0.400000000000006
0.134999999998399
0.265000000001606
0.400000000000006
0.193999999998397
0.206000000001609
0.400000000000006
0.176999999998372
0.223000000001633
0.400000000000006
0.210999999998364
0.189000000001641
0.400000000000006
0.232999999998356
0.16700000000165
0.400000000000006
0.307999999998344
0.0920000000016614
0.400000000000006
0.349999999998346
0.0500000000016598
0.400000000000006
0.400000000000006
0.0559999999983347
0.344000000001671
0.400000000000006
0.0629999999983113
0.337000000001694
0.400000000000006
0.176999999998287
0.223000000001718
0.400000000000006
0.142999999998267
0.257000000001739
0.400000000000006
0.160999999998268
0.239000000001738
0.400000000000006
0.139999999998253
0.260000000001753
0.400000000000006
0.163999999998254
0.236000000001752
0.400000000000006
0.174999999998249
0.225000000001756
0.400000000000006
0.300999999998226
0.0990000000017801
0.400000000000006
0.303999999998211
0.0960000000017942
0.400000000000006
0.400000000000006
0.0789999999981887
0.321000000001817
0.400000000000006
0.0619999999981644
0.338000000001841
0.400000000000006
0.214999999998156
0.18500000000185
0.400000000000006
0.209999999998132
0.190000000001874
0.400000000000006
0.380999999998124
0.0190000000018813
0.400000000000006
0.375999999998101
0.0240000000019052
0.400000000000006
0.400000000000006
0.120999999998077
0.279000000001929
0.400000000000006
0.0869999999980564
0.313000000001949
0.400000000000006
0.124999999998039
0.275000000001967
0.400000000000006
0.103999999998024
0.296000000001982
0.400000000000006
0.115999999998024
0.284000000001981
0.400000000000006
0.127999999998025
0.272000000001981
0.400000000000006
0.173999999998017
0.226000000001989
0.400000000000006
0.185999999998018
0.214000000001988
0.400000000000006
0.270999999997997
0.129000000002009
0.400000000000006
0.281999999997993
0.118000000002013
0.400000000000006
0.377999999997968
0.0220000000020377
0.400000000000006
0.384999999997945
0.0150000000020611
0.400000000000006
0.400000000000006
0.0969999999979336
0.303000000002072
0.400000000000006
0.0839999999979284
0.316000000002077
0.400000000000006
0.183999999997923
0.216000000002083
0.400000000000006
0.147999999997921
0.252000000002084
0.400000000000006
0.179999999997904
0.220000000002102
0.400000000000006
0.158999999997889
0.241000000002117
0.400000000000006
0.163999999997884
0.236000000002122
0.400000000000006
0.187999999997885
0.212000000002121
0.400000000000006
0.233999999997877
0.166000000002128
0.400000000000006
0.27999999999787
0.120000000002136
0.400000000000006
0.323999999997852
0.0760000000021535
0.400000000000006
0.353999999997853
0.0460000000021523
0.400000000000006
0.400000000000006
0.0149999999978263
0.385000000002179
0.400000000000006
0.0689999999978284
0.331000000002177
0.400000000000006
0.145999999997827
0.254000000002179
0.400000000000006
0.191999999997819
0.208000000002187
0.400000000000006
0.272999999997808
0.127000000002198
0.400000000000006
0.277999999997803
0.122000000002203
0.400000000000006
0.307999999997804
0.0920000000022014
0.400000000000006
0.329999999997796
0.0700000000022101
0.400000000000006
0.383999999997798
0.016000000002208
0.400000000000006
0.400000000000006
0.0179999999977838
0.382000000002222
0.400000000000006
0.113999999997759
0.286000000002247
0.400000000000006
0.116999999997745
0.283000000002261
0.400000000000006
0.22099999999773
0.179000000002276
0.400000000000006
0.221999999997706
0.178000000002299
0.400000000000006
0.349999999997692
0.0500000000023135
0.400000000000006
0.346999999997678
0.0530000000023279
0.400000000000006
0.400000000000006
0.13099999999767
0.269000000002336
0.400000000000006
0.121999999997655
0.278000000002351
0.400000000000006
0.243999999997641
0.156000000002365
0.400000000000006
0.236999999997636
0.16300000000237
0.400000000000006
0.360999999997631
0.0390000000023747
0.400000000000006
0.32299999999762
0.0770000000023856
0.400000000000006
0.346999999997621
0.0530000000023847
0.400000000000006
0.366999999997603
0.0330000000024029
0.400000000000006
0.400000000000006
0.0649999999975819
0.335000000002424
0.400000000000006
0.0869999999975732
0.313000000002432
0.400000000000006
0.247999999997575
0.152000000002431
0.400000000000006
0.228999999997569
0.171000000002437
0.400000000000006
0.262999999997561
0.137000000002445
0.400000000000006
0.282999999997543
0.117000000002463
0.400000000000006
0.320999999997525
0.0790000000024804
0.400000000000006
0.356999999997527
0.0430000000024791
0.400000000000006
0.384999999997518
0.0150000000024875
0.400000000000006
0.371999999997513
0.0280000000024927
0.400000000000006
0.368999999997527
0.0310000000024502
0.399999999999977
0.396999999997547
0.00300000000243017
0.399999999999977
0.399999999999977
0.0109999999976367
0.389000000002341
0.399999999999977
0.0699999999976626
0.330000000002315
0.399999999999977
0.0589999999976953
0.341000000002282
0.399999999999977
0.0699999999977194
0.330000000002258
0.399999999999977
0.0839999999977863
0.316000000002191
0.399999999999977
0.109999999997854
0.290000000002124
0.399999999999977
0.127999999997883
0.272000000002095
0.399999999999977
0.143999999997902
0.256000000002075
0.399999999999977
0.140999999997973
0.259000000002004
0.399999999999977
0.139999999997997
0.26000000000198
0.399999999999977
0.155999999998016
0.244000000001961
0.399999999999977
0.167999999998074
0.232000000001904
0.399999999999977
0.189999999998122
0.210000000001855
0.399999999999977
0.209999999998161
0.190000000001817
0.399999999999977
0.23999999999819
0.160000000001787
0.399999999999977
0.263999999998248
0.136000000001729
0.399999999999977
0.301999999998316
0.0980000000016616
0.399999999999977
0.313999999998373
0.0860000000016043
0.399999999999977
0.370999999998446
0.0290000000015311
0.399999999999977
0.359999999998479
0.0400000000014984
0.399999999999977
0.346999999998502
0.0530000000014752
0.399999999999977
0.317999999998563
0.0820000000014147
0.399999999999977
0.335999999998592
0.0640000000013856
0.399999999999977
0.347999999998649
0.0520000000013283
0.399999999999977
0.399999999999977
0.0209999999987076
0.37900000000127
0.399999999999977
0.0239999999987504
0.376000000001227
0.399999999999977
0.123999999998773
0.276000000001204
0.399999999999977
0.0949999999988336
0.305000000001144
0.399999999999977
0.142999999998892
0.257000000001085
0.399999999999977
0.139999999998963
0.260000000001014
0.399999999999977
0.167999999998983
0.232000000000994
0.399999999999977
0.164999999999054
0.235000000000923
0.399999999999977
0.198999999999103
0.201000000000874
0.399999999999977
0.179999999999154
0.220000000000823
0.399999999999977
0.201999999999202
0.198000000000775
0.399999999999977
0.206999999999255
0.193000000000723
0.399999999999977
0.273999999999319
0.126000000000658
0.399999999999977
0.241999999999337
0.158000000000641
0.399999999999977
0.250999999999408
0.149000000000569
0.399999999999977
0.25799999999947
0.142000000000507
0.399999999999977
0.283999999999537
0.11600000000044
0.399999999999977
0.311999999999557
0.0880000000004202
0.399999999999977
0.339999999999577
0.0600000000004002
0.399999999999977
0.367999999999597
0.0320000000003802
0.399999999999977
0.360999999999649
0.0390000000003283
0.399999999999977
0.345999999999719
0.0540000000002578
0.399999999999977
0.334999999999752
0.0650000000002251
0.399999999999977
0.325999999999794
0.0740000000001828
0.399999999999977
0.322999999999865
0.0770000000001119
0.399999999999977
0.321999999999889
0.0780000000000882
0.399999999999977
0.324999999999932
0.0750000000000455
0.399999999999977
0.315999999999974
0.0840000000000032
0.399999999999977
0.309000000000026
0.0909999999999513
0.399999999999977
0.30800000000005
0.0919999999999277
0.399999999999977
0.307000000000073
0.092999999999904
0.399999999999977
0.306000000000097
NaN
NaN
NaN
NaN
NaN
NaN
NaN
NaN
NaN
NaN
NaN
NaN
NaN
NaN
NaN
NaN
NaN
NaN
NaN
NaN
NaN
NaN
NaN
NaN
NaN
NaN
NaN
NaN
NaN
NaN
NaN
NaN
NaN
NaN
NaN
NaN
NaN
NaN
NaN
NaN
NaN
NaN
NaN
NaN
NaN
NaN
NaN
NaN
NaN
NaN
NaN
NaN
NaN
NaN
NaN
NaN
NaN
NaN
NaN
NaN
NaN
NaN
NaN
NaN
NaN
NaN
NaN
NaN
NaN
NaN
NaN
NaN
NaN
NaN
NaN
NaN
NaN
NaN
NaN
NaN
NaN
NaN
NaN
NaN
NaN
NaN
NaN
NaN
NaN
NaN
NaN
NaN
NaN
NaN
NaN
NaN
NaN
NaN
NaN
NaN
NaN
NaN
NaN
NaN
NaN
NaN
NaN
NaN
NaN
NaN
NaN
NaN
NaN
NaN
NaN
NaN
NaN
NaN
NaN
NaN
NaN
NaN
NaN
NaN
NaN
NaN
NaN
NaN
NaN
NaN
NaN
NaN
NaN
NaN
NaN
NaN
NaN
NaN
NaN
NaN
NaN
NaN
NaN
NaN
NaN
NaN
NaN
NaN
NaN
NaN
NaN
NaN
NaN
NaN
NaN
NaN
NaN
NaN
NaN
NaN
NaN
NaN
NaN
NaN
NaN
NaN
NaN
NaN
NaN
NaN
NaN
NaN
NaN
NaN
NaN
NaN
NaN
NaN
NaN
NaN
NaN
NaN
NaN
NaN
NaN
NaN
NaN
NaN
NaN
NaN
NaN
NaN
NaN
NaN
NaN
NaN
NaN
NaN
NaN
NaN
NaN
NaN
NaN
NaN
NaN
NaN
NaN
NaN
NaN
NaN
NaN
NaN
NaN
NaN
NaN
NaN
NaN
NaN
NaN
NaN
NaN
NaN
NaN
NaN
NaN
NaN
NaN
NaN
NaN
NaN
NaN
NaN
NaN
NaN
NaN
NaN
NaN
NaN
NaN
NaN
NaN
NaN
NaN
NaN
NaN
NaN
NaN
NaN
NaN
NaN
NaN
NaN
NaN
NaN
NaN
NaN
NaN
NaN
NaN
NaN
NaN
NaN
NaN
NaN
NaN
NaN
NaN
NaN
NaN
NaN
NaN
NaN
NaN
NaN
NaN
NaN
NaN
NaN
NaN
NaN
NaN
NaN
NaN
NaN
NaN
NaN
NaN
NaN
NaN
NaN
NaN
NaN
NaN
NaN
NaN
NaN
NaN
NaN
NaN
NaN
NaN
NaN
NaN
NaN
NaN
NaN
NaN
NaN
NaN
NaN
NaN
NaN
NaN
NaN
NaN
NaN
NaN
NaN
NaN
NaN
NaN
NaN
NaN
NaN
NaN
NaN
NaN
NaN
NaN
NaN
NaN
NaN
NaN
NaN
NaN
NaN
NaN
NaN
NaN
NaN
NaN
NaN
NaN
NaN
NaN
NaN
NaN
NaN
NaN
NaN
NaN
NaN
NaN
NaN
NaN
NaN
NaN
NaN
NaN
NaN
NaN
NaN
NaN
NaN
NaN
NaN
NaN
NaN
NaN
NaN
NaN
NaN
NaN
NaN
NaN
NaN
NaN
NaN
NaN
NaN
NaN
NaN
NaN
NaN
NaN
NaN
NaN
NaN
NaN
NaN
NaN
NaN
NaN
NaN
NaN
NaN
NaN
NaN
NaN
NaN
NaN
NaN
NaN
NaN
NaN
NaN
NaN
NaN
NaN
NaN
NaN
NaN
NaN
NaN
NaN
NaN
NaN
NaN
NaN
NaN
NaN
NaN
NaN
NaN
NaN
NaN
NaN
NaN
NaN
NaN
NaN
NaN
NaN
NaN
NaN
NaN
NaN
NaN
NaN
NaN
NaN
NaN
NaN
NaN
NaN
NaN
NaN
NaN
NaN
NaN
NaN
NaN
NaN
NaN
NaN
NaN
NaN
NaN
NaN
NaN
NaN
NaN
NaN
NaN
NaN
NaN
NaN
NaN
NaN
NaN
NaN
NaN
NaN
NaN
NaN
NaN
NaN
NaN
NaN
NaN
NaN
NaN
NaN
NaN
NaN
NaN
NaN
NaN
NaN
NaN
NaN
NaN
NaN
NaN
NaN
NaN
NaN
NaN
NaN
NaN
NaN
NaN
NaN
NaN
NaN
NaN
NaN
NaN
NaN
NaN
NaN
NaN
NaN
NaN
NaN
NaN
NaN
NaN
NaN
NaN
NaN
NaN
NaN
NaN
NaN
NaN
NaN
NaN
NaN
NaN
NaN
NaN
NaN
NaN
NaN
NaN
NaN
NaN
NaN
NaN
NaN
NaN
NaN
NaN
NaN
NaN
NaN
NaN
NaN
NaN
NaN
NaN
NaN
NaN
NaN
NaN
NaN
NaN
NaN
NaN
NaN
NaN
NaN
NaN
NaN
NaN
NaN
NaN
NaN
NaN
NaN
NaN
NaN
NaN
NaN
NaN
NaN
NaN
NaN
NaN
NaN
NaN
NaN
NaN
NaN
NaN
NaN
NaN
NaN
NaN
NaN
NaN
NaN
NaN
NaN
NaN
NaN
NaN
NaN
NaN
NaN
NaN
NaN
NaN
NaN
NaN
NaN
NaN
NaN
NaN
NaN
NaN
NaN
NaN
NaN
NaN
NaN
NaN
NaN
NaN
NaN
NaN
NaN
NaN
NaN
NaN
NaN
NaN
NaN
NaN
NaN
NaN
NaN
NaN
NaN
NaN
NaN
NaN
NaN
NaN
NaN
NaN
NaN
NaN
NaN
NaN
NaN
NaN
NaN
NaN
NaN
NaN
NaN
NaN
NaN
NaN
NaN
NaN
NaN
NaN
NaN
NaN
NaN
NaN
NaN
NaN
NaN
NaN
NaN
NaN
NaN
NaN
NaN
NaN
NaN
NaN
NaN
NaN
NaN
NaN
NaN
NaN
NaN
NaN
NaN
NaN
NaN
NaN
NaN
NaN
NaN
NaN
NaN
NaN
NaN
NaN
NaN
NaN
NaN
NaN
NaN
NaN
NaN
NaN
NaN
NaN
NaN
NaN
NaN
NaN
NaN
NaN
NaN
NaN
NaN
NaN
NaN
NaN
NaN
NaN
NaN
NaN
NaN
NaN
NaN
NaN
NaN
NaN
NaN
NaN
NaN
NaN
NaN
NaN
NaN
NaN
NaN
NaN
NaN
NaN
NaN
NaN
NaN
NaN
NaN
NaN
NaN
NaN
NaN
NaN
NaN
NaN
NaN
NaN
NaN
NaN
NaN
NaN
NaN
NaN
NaN
NaN
NaN
NaN
NaN
NaN
NaN
NaN
NaN
NaN
NaN
NaN
NaN
NaN
NaN
NaN
NaN
NaN
NaN
NaN
NaN
NaN
NaN
NaN
NaN
NaN
NaN
NaN
NaN
NaN
NaN
NaN
NaN
NaN
NaN
NaN
NaN
NaN
NaN
NaN
NaN
NaN
NaN
NaN
NaN
NaN
NaN
NaN
NaN
NaN
NaN
NaN
NaN
NaN
NaN
NaN
NaN
NaN
NaN
NaN
NaN
NaN
NaN
NaN
NaN
NaN
NaN
NaN
NaN
NaN
NaN
NaN
NaN
NaN
NaN
NaN
NaN
NaN
NaN
NaN
NaN
NaN
NaN
NaN
NaN
NaN
NaN
NaN
NaN
NaN
NaN
NaN
NaN
NaN
NaN
NaN
NaN
NaN
NaN
NaN
NaN
NaN
NaN
NaN
NaN
NaN
NaN
NaN
NaN
NaN
NaN
NaN
NaN
NaN
NaN
NaN
NaN
NaN
NaN
NaN
NaN
NaN
NaN
NaN
NaN
NaN
NaN
NaN
NaN
NaN
NaN
NaN
NaN
NaN
NaN
NaN
NaN
NaN
NaN
NaN
NaN
NaN
NaN
NaN
NaN
NaN
NaN
NaN
NaN
NaN
NaN
NaN
NaN
NaN
NaN
NaN
NaN
NaN
NaN
NaN
NaN
NaN
NaN
NaN
NaN
NaN
NaN
NaN
NaN
NaN
NaN
NaN
NaN
NaN
NaN
NaN
NaN
NaN
NaN
NaN
NaN
NaN
NaN
NaN
NaN
NaN
NaN
NaN
NaN
NaN
NaN
NaN
NaN
NaN
NaN
NaN
NaN
NaN
NaN
NaN
NaN
NaN
NaN
NaN
NaN
NaN
NaN
NaN
NaN
NaN
NaN
NaN
NaN
NaN
NaN
NaN
NaN
NaN
NaN
NaN
NaN
NaN
NaN
NaN
NaN
NaN
NaN
NaN
NaN
NaN
NaN
NaN
NaN
NaN
NaN
NaN
NaN
NaN
NaN
NaN
NaN
NaN
NaN
NaN
NaN
NaN
NaN
NaN
NaN
NaN
NaN
NaN
NaN
NaN
NaN
NaN
NaN
NaN
NaN
NaN
NaN
NaN
NaN
NaN
NaN
NaN
NaN
NaN
NaN
NaN
NaN
NaN
NaN
NaN
NaN
NaN
NaN
NaN
NaN
NaN
NaN
NaN
NaN
NaN
NaN
NaN
NaN
NaN
NaN
NaN
NaN
NaN
NaN
NaN
NaN
NaN
NaN
NaN
NaN
NaN
NaN
NaN
NaN
NaN
NaN
NaN
NaN
NaN
NaN
NaN
NaN
NaN
NaN
NaN
NaN
NaN
NaN
NaN
NaN
NaN
NaN
NaN
NaN
NaN
NaN
NaN
NaN
NaN
NaN
NaN
NaN
NaN
NaN
NaN
NaN
NaN
NaN
NaN
NaN
NaN
NaN
NaN
NaN
NaN
NaN
NaN
NaN
NaN
NaN
NaN
NaN
NaN
NaN
NaN
NaN
NaN
NaN
NaN
NaN
NaN
NaN
NaN
NaN
NaN
NaN
NaN
NaN
NaN
NaN
NaN
NaN
NaN
NaN
NaN
NaN
NaN
NaN
NaN
NaN
NaN
NaN
NaN
NaN
NaN
NaN
NaN
NaN
NaN
NaN
NaN
NaN
NaN
NaN
NaN
NaN
NaN
NaN
NaN
NaN
NaN
NaN
NaN
NaN
NaN
NaN
NaN
NaN
NaN
NaN
NaN
NaN
NaN
NaN
NaN
NaN
NaN
NaN
NaN
NaN
NaN
NaN
NaN
NaN
NaN
NaN
NaN
NaN
NaN
NaN
NaN
NaN
NaN
NaN
NaN
NaN
NaN
NaN
NaN
NaN
NaN
NaN
NaN
NaN
NaN
NaN
NaN
NaN
NaN
NaN
NaN
NaN
NaN
NaN
NaN
NaN
NaN
NaN
NaN
NaN
NaN
NaN
NaN
NaN
NaN
NaN
NaN
NaN
NaN
NaN
NaN
NaN
NaN
NaN
NaN
NaN
NaN
NaN
NaN
NaN
NaN
NaN
NaN
NaN
NaN
NaN
NaN
NaN
NaN
NaN
NaN
NaN
NaN
NaN
NaN
NaN
NaN
NaN
NaN
NaN
NaN
NaN
NaN
NaN
NaN
NaN
NaN
NaN
NaN
NaN
NaN
NaN
NaN
NaN
NaN
NaN
NaN
NaN
NaN
NaN
NaN
NaN
NaN
NaN
NaN
NaN
NaN
NaN
NaN
NaN
NaN
NaN
NaN
NaN
NaN
NaN
NaN
NaN
NaN
NaN
NaN
NaN
NaN
NaN
NaN
NaN
NaN
NaN
NaN
NaN
NaN
NaN
NaN
NaN
NaN
NaN
NaN
NaN
NaN
NaN
NaN
NaN
NaN
NaN
NaN
NaN
NaN
NaN
NaN
NaN
NaN
NaN
NaN
NaN
NaN
NaN
NaN
NaN
NaN
NaN
NaN
NaN
NaN
NaN
NaN
NaN
NaN
NaN
NaN
NaN
NaN
NaN
NaN
NaN
NaN
NaN
NaN
NaN
NaN
NaN
NaN
NaN
NaN
NaN
NaN
NaN
NaN
NaN
NaN
NaN
NaN
NaN
NaN
NaN
NaN
NaN
NaN
NaN
NaN
NaN
NaN
NaN
NaN
NaN
NaN
NaN
NaN
NaN
NaN
NaN
NaN
NaN
NaN
NaN
NaN
NaN
NaN
NaN
NaN
NaN
NaN
NaN
NaN
NaN
NaN
NaN
NaN
NaN
NaN
NaN
NaN
NaN
NaN
NaN
NaN
NaN
NaN
NaN
NaN
NaN
NaN
NaN
NaN
NaN
NaN
NaN
NaN
NaN
NaN
NaN
NaN
NaN
NaN
NaN
NaN
NaN
NaN
NaN
NaN
NaN
NaN
NaN
NaN
NaN
NaN
NaN
NaN
NaN
NaN
NaN
NaN
NaN
NaN
NaN
NaN
NaN
NaN
NaN
NaN
NaN
NaN
NaN
NaN
NaN
NaN
NaN
NaN
NaN
NaN
NaN
NaN
NaN
NaN
NaN
NaN
NaN
NaN
NaN
NaN
NaN
NaN
NaN
NaN
NaN
NaN
NaN
NaN
NaN
NaN
NaN
NaN
NaN
NaN
NaN
NaN
NaN
NaN
NaN
NaN
NaN
NaN
NaN
NaN
NaN
NaN
NaN
NaN
NaN
NaN
NaN
NaN
NaN
NaN
NaN
NaN
NaN
NaN
NaN
NaN
NaN
NaN
NaN
NaN
NaN
NaN
NaN
NaN
NaN
NaN
NaN
NaN
NaN
NaN
NaN
NaN
NaN
NaN
NaN
NaN
NaN
NaN
NaN
NaN
NaN
NaN
NaN
NaN
NaN
NaN
NaN
NaN
NaN
NaN
NaN
NaN
NaN
NaN
NaN
NaN
NaN
NaN
NaN
NaN
NaN
NaN
NaN
NaN
NaN
NaN
NaN
NaN
NaN
NaN
NaN
NaN
NaN
NaN
NaN
NaN
NaN
NaN
NaN
NaN
NaN
NaN
NaN
NaN
NaN
NaN
NaN
NaN
NaN
NaN
NaN
NaN
NaN
NaN
NaN
NaN
NaN
NaN
NaN
NaN
NaN
NaN
NaN
NaN
NaN
NaN
NaN
NaN
NaN
NaN
NaN
NaN
NaN
NaN
NaN
NaN
NaN
NaN
NaN
NaN
NaN
NaN
NaN
NaN
NaN
NaN
NaN
NaN
NaN
NaN
NaN
NaN
NaN
NaN
NaN
NaN
NaN
NaN
NaN
NaN
NaN
NaN
NaN
NaN
NaN
NaN
NaN
NaN
NaN
NaN
NaN
NaN
NaN
NaN
NaN
NaN
NaN
NaN
NaN
NaN
NaN
NaN
NaN
NaN
NaN
NaN
NaN
NaN
NaN
NaN
NaN
NaN
NaN
NaN
NaN
NaN
NaN
NaN
NaN
NaN
NaN
NaN
NaN
NaN
NaN
NaN
NaN
NaN
NaN
NaN
NaN
NaN
NaN
NaN
NaN
NaN
NaN
NaN
NaN
NaN
NaN
NaN
NaN
NaN
NaN
NaN
NaN
NaN
NaN
NaN
NaN
NaN
NaN
NaN
NaN
NaN
NaN
NaN
NaN
NaN
NaN
NaN
NaN
NaN
NaN
NaN
NaN
NaN
NaN
NaN
NaN
NaN
NaN
NaN
NaN
NaN
NaN
NaN
NaN
NaN
NaN
NaN
NaN
NaN
NaN
NaN
NaN
NaN
NaN
NaN
NaN
NaN
NaN
NaN
NaN
NaN
NaN
NaN
NaN
NaN
NaN
NaN
NaN
NaN
NaN
NaN
NaN
NaN
NaN
NaN
NaN
NaN
NaN
NaN
NaN
NaN
NaN
NaN
NaN
NaN
NaN
NaN
NaN
NaN
NaN
NaN
NaN
NaN
NaN
NaN
NaN
NaN
NaN
NaN
NaN
NaN
NaN
NaN
NaN
NaN
NaN
NaN
NaN
NaN
NaN
NaN
NaN
NaN
NaN
NaN
NaN
NaN
NaN
NaN
NaN
NaN
NaN
NaN
NaN
NaN
NaN
NaN
NaN
NaN
NaN
NaN
NaN
NaN
NaN
NaN
NaN
NaN
NaN
NaN
NaN
NaN
NaN
NaN
NaN
NaN
NaN
NaN
NaN
NaN
NaN
NaN
NaN
NaN
NaN
NaN
NaN
NaN
NaN
NaN
NaN
NaN
NaN
NaN
NaN
NaN
NaN
NaN
NaN
NaN
NaN
NaN
NaN
NaN
NaN
NaN
NaN
NaN
NaN
NaN
NaN
NaN
NaN
NaN
NaN
NaN
NaN
NaN
NaN
NaN
NaN
NaN
NaN
NaN
NaN
NaN
NaN
NaN
NaN
NaN
NaN
NaN
NaN
NaN
NaN
NaN
NaN
NaN
NaN
NaN
NaN
NaN
NaN
NaN
NaN
NaN
NaN
NaN
NaN
NaN
NaN
NaN
NaN
NaN
NaN
NaN
NaN
NaN
NaN
NaN
NaN
NaN
NaN
NaN
NaN
NaN
NaN
NaN
NaN
NaN
NaN
NaN
NaN
NaN
NaN
NaN
NaN
NaN
NaN
NaN
NaN
NaN
NaN
NaN
NaN
NaN
NaN
NaN
NaN
NaN
NaN
NaN
NaN
NaN
NaN
NaN
NaN
NaN
NaN
NaN
NaN
NaN
NaN
NaN
NaN
NaN
NaN
NaN
NaN
NaN
NaN
NaN
NaN
NaN
NaN
NaN
NaN
NaN
NaN
NaN
NaN
NaN
NaN
NaN
NaN
NaN
NaN
NaN
NaN
NaN
NaN
NaN
NaN
NaN
NaN
NaN
NaN
NaN
NaN
NaN
NaN
NaN
NaN
NaN
NaN
NaN
NaN
NaN
NaN
NaN
NaN
NaN
NaN
NaN
NaN
NaN
NaN
NaN
NaN
NaN
NaN
NaN
NaN
NaN
NaN
NaN
NaN
NaN
NaN
NaN
NaN
NaN
NaN
NaN
NaN
NaN
NaN
NaN
NaN
NaN
NaN
NaN
NaN
NaN
NaN
NaN
NaN
NaN
NaN
NaN
NaN
NaN
NaN
NaN
NaN
NaN
NaN
NaN
NaN
NaN
NaN
NaN
NaN
NaN
NaN
NaN
NaN
NaN
NaN
NaN
NaN
NaN
NaN
NaN
NaN
NaN
NaN
NaN
NaN
NaN
NaN
NaN
NaN
NaN
NaN
NaN
NaN
NaN
NaN
NaN
NaN
NaN
NaN
NaN
NaN
NaN
NaN
NaN
NaN
NaN
NaN
NaN
NaN
NaN
NaN
NaN
NaN
NaN
NaN
NaN
NaN
NaN
NaN
NaN
NaN
NaN
NaN
NaN
NaN
NaN
NaN
NaN
NaN
NaN
NaN
NaN
NaN
NaN
NaN
NaN
NaN
NaN
NaN
NaN
NaN
NaN
NaN
NaN
NaN
NaN
NaN
NaN
NaN
NaN
NaN
NaN
NaN
NaN
NaN
NaN
NaN
NaN
NaN
NaN
NaN
NaN
NaN
NaN
NaN
NaN
NaN
NaN
NaN
NaN
NaN
NaN
NaN
NaN
NaN
NaN
NaN
NaN
NaN
NaN
NaN
NaN
NaN
NaN
NaN
NaN
NaN
NaN
NaN
NaN
NaN
NaN
NaN
NaN
NaN
NaN
NaN
NaN
NaN
NaN
NaN
NaN
NaN
NaN
NaN
NaN
NaN
NaN
NaN
NaN
NaN
NaN
NaN
NaN
NaN
NaN
NaN
NaN
NaN
NaN
NaN
NaN
NaN
NaN
NaN
NaN
NaN
NaN
NaN
NaN
NaN
NaN
NaN
NaN
NaN
NaN
NaN
NaN
NaN
NaN
NaN
NaN
NaN
NaN
NaN
NaN
NaN
NaN
NaN
NaN
NaN
NaN
NaN
NaN
NaN
NaN
NaN
NaN
NaN
NaN
NaN
NaN
NaN
NaN
NaN
NaN
NaN
NaN
NaN
NaN
NaN
NaN
NaN
NaN
NaN
NaN
NaN
NaN
NaN
NaN
NaN
NaN
NaN
NaN
NaN
NaN
NaN
NaN
NaN
NaN
NaN
NaN
NaN
NaN
NaN
NaN
NaN
NaN
NaN
NaN
NaN
NaN
NaN
NaN
NaN
NaN
NaN
NaN
NaN
NaN
NaN
NaN
NaN
NaN
NaN
NaN
NaN
NaN
NaN
NaN
NaN
NaN
NaN
NaN
