0.05
0.05
0.1
0.1
0.1
0.1
0.1
0.1
0.1
0.1
0.1
0.0999999999999992
0
0.1
0.1
0.1
0.1
0.1
0.1
0.1
0.1
0.1
0.1
0.0399999999999983
0.0600000000000018
0.1
0.1
0.1
0.1
0.1
0.1
0.1
0.1
0.0999999999999996
0.0799999999999974
0.0200000000000022
0.0999999999999996
0.0999999999999996
0.0999999999999996
0.0999999999999996
0.0999999999999996
0.0999999999999996
0.0999999999999996
0.0999999999999996
0.0999999999999996
0.0999999999999996
0.0500000000000016
0.049999999999998
0.0999999999999996
0.0999999999999996
0.0999999999999996
0.0999999999999996
0.0999999999999996
0.0999999999999996
0.0999999999999996
0.0999999999999996
0.0999999999999996
0.0999999999999996
0.0300000000000056
0.0699999999999941
0.0999999999999996
0.0999999999999996
0.0999999999999996
0.0999999999999996
0.0999999999999996
0.0999999999999996
0.0999999999999996
0.0999999999999996
0.0999999999999996
0.0900000000000096
0.00999999999999002
0.0999999999999996
0.0999999999999996
0.0999999999999996
0.0999999999999996
0.0999999999999996
0.0999999999999996
0.100000000000001
0.0999999999999996
0.0999999999999996
0.0999999999999996
0.0500000000000131
0.0499999999999865
0.0999999999999996
0.0999999999999996
0.0999999999999996
0.0999999999999996
0.0999999999999996
0.0999999999999996
0.0999999999999996
0.0999999999999996
0.0999999999999996
0.0999999999999996
0.0330000000000172
0.0669999999999824
0.0999999999999996
0.0999999999999996
0.0999999999999996
0.0999999999999996
0.0999999999999996
0.0999999999999996
0.0999999999999996
0.0999999999999996
0.0999999999999996
0.0999999999999996
0.0410000000000217
0.058999999999978
0.0999999999999996
0.0999999999999996
0.0999999999999996
0.0999999999999996
0.0999999999999996
0.0999999999999996
0.0999999999999996
0.0999999999999996
0.0999999999999996
0.0999999999999996
0.051000000000025
0.0489999999999746
0.0999999999999996
0.0999999999999996
0.0999999999999996
0.0999999999999996
0.0999999999999996
0.0999999999999996
0.0999999999999996
0.0999999999999996
0.0999999999999996
0.0999999999999996
0.0410000000000288
0.0589999999999709
0.0999999999999996
0.0999999999999996
0.0999999999999996
0.0999999999999996
0.0999999999999996
0.0999999999999996
0.0999999999999996
0.0999999999999996
0.0999999999999996
0.0999999999999996
0.0410000000000323
0.0589999999999673
0.0999999999999996
0.0999999999999996
0.0999999999999996
0.0999999999999996
0.0999999999999996
0.0999999999999996
0.0999999999999996
0.0999999999999996
0.0999999999999996
0.0999999999999996
0.0210000000000363
0.0789999999999633
0.0999999999999996
0.0999999999999996
0.0999999999999996
0.0999999999999996
0.0999999999999996
0.0999999999999996
0.0999999999999996
0.0999999999999996
0.0999999999999996
0.100000000000001
0.00100000000003675
0.0989999999999647
0.100000000000001
0.100000000000001
0.100000000000001
0.100000000000001
0.100000000000001
0.100000000000001
0.100000000000001
0.100000000000001
0.100000000000001
0.0310000000000237
0.0689999999999777
0.100000000000001
0.100000000000001
0.100000000000001
0.100000000000001
0.100000000000001
0.100000000000001
0.100000000000001
0.100000000000001
0.100000000000001
0.0810000000000102
0.0189999999999912
0.100000000000001
0.100000000000001
0.100000000000001
0.100000000000001
0.100000000000001
0.100000000000001
0.100000000000001
0.100000000000001
0.100000000000001
0.100000000000001
0.0309999999999953
0.0690000000000062
0.100000000000001
0.100000000000001
0.100000000000001
0.100000000000001
0.100000000000001
0.100000000000001
0.100000000000001
0.100000000000001
0.100000000000001
0.0909999999999798
0.00900000000002166
0.100000000000001
0.100000000000001
0.100000000000001
0.100000000000001
0.100000000000001
0.100000000000001
0.100000000000001
0.100000000000001
0.100000000000001
0.100000000000001
0.0409999999999648
0.0590000000000366
0.100000000000001
0.100000000000001
0.100000000000001
0.100000000000001
0.100000000000001
0.100000000000001
0.100000000000001
0.100000000000001
0.100000000000001
0.100000000000001
0.000999999999947931
0.0990000000000535
0.100000000000001
0.100000000000001
0.100000000000001
0.100000000000001
0.100000000000001
0.100000000000001
0.100000000000001
0.100000000000001
0.100000000000001
0.0609999999999324
0.039000000000069
0.100000000000001
0.100000000000001
0.100000000000001
0.100000000000001
0.100000000000001
0.100000000000001
0.100000000000001
0.100000000000001
0.100000000000001
0.100000000000001
0.0409999999999151
0.0590000000000863
0.100000000000001
0.100000000000001
0.100000000000001
0.100000000000001
0.100000000000001
0.100000000000001
0.100000000000001
0.100000000000001
0.100000000000001
0.0909999999999016
0.00900000000009982
0.100000000000001
0.100000000000001
0.100000000000001
0.100000000000001
0.100000000000001
0.100000000000001
0.100000000000001
0.100000000000001
0.100000000000001
0.100000000000001
0.0509999999998847
0.0490000000001167
0.100000000000001
0.100000000000001
0.100000000000001
0.100000000000001
0.100000000000001
0.100000000000001
0.100000000000001
0.100000000000001
0.100000000000001
0.100000000000001
0.0109999999998678
0.0890000000001336
0.100000000000001
0.100000000000001
0.100000000000001
0.100000000000001
0.100000000000001
0.100000000000001
0.100000000000001
0.100000000000001
0.100000000000001
0.0909999999998554
0.009000000000146
0.100000000000001
0.100000000000001
0.100000000000001
0.100000000000001
0.100000000000001
0.100000000000001
0.100000000000001
0.100000000000001
0.100000000000001
0.100000000000001
0.0509999999998385
0.0490000000001629
0.100000000000001
0.100000000000001
0.100000000000001
0.100000000000001
0.100000000000001
0.100000000000001
0.100000000000001
0.100000000000001
0.100000000000001
0.100000000000001
0.000999999999823586
0.0990000000001778
0.100000000000001
0.100000000000001
0.100000000000001
0.100000000000001
0.100000000000001
0.100000000000001
0.100000000000001
0.100000000000001
0.100000000000001
0.0609999999998081
0.0390000000001898
0.100000000000001
0.100000000000001
0.100000000000001
0.100000000000001
0.100000000000001
0.100000000000001
0.100000000000001
0.100000000000001
0.100000000000001
0.100000000000001
0.0309999999997927
0.0690000000002087
0.100000000000001
0.100000000000001
0.100000000000001
0.100000000000001
0.100000000000001
0.100000000000001
0.100000000000001
0.100000000000001
0.100000000000001
0.0909999999997808
0.00900000000022061
0.100000000000001
0.100000000000001
0.100000000000001
0.100000000000001
0.100000000000001
0.100000000000001
0.100000000000001
0.100000000000001
0.100000000000001
0.100000000000001
0.0309999999997643
0.0690000000002371
0.100000000000001
0.100000000000001
0.100000000000001
0.100000000000001
0.100000000000001
0.100000000000001
0.100000000000001
0.100000000000001
0.100000000000001
0.0809999999997473
0.0190000000002541
0.100000000000001
0.100000000000001
0.100000000000001
0.100000000000001
0.100000000000001
0.100000000000001
0.100000000000001
0.100000000000001
0.100000000000001
0.100000000000001
0.0409999999997339
0.0590000000002675
0.100000000000001
0.100000000000001
0.100000000000001
0.100000000000001
0.100000000000001
0.100000000000001
0.100000000000001
0.100000000000001
0.100000000000001
0.100000000000001
0.000999999999720558
0.0990000000002809
0.100000000000001
0.100000000000001
0.100000000000001
0.100000000000001
0.100000000000001
0.100000000000001
0.100000000000001
0.100000000000001
0.100000000000001
0.0509999999997035
0.0490000000002979
0.100000000000001
0.100000000000001
0.100000000000001
0.100000000000001
0.100000000000001
0.100000000000001
0.100000000000001
0.100000000000001
0.100000000000001
0.100000000000001
0.0209999999996882
0.0790000000003133
0.100000000000001
0.100000000000001
0.100000000000001
0.100000000000001
0.100000000000001
0.100000000000001
0.100000000000001
0.100000000000001
0.100000000000001
0.100000000000001
0.00099999999967082
0.0990000000003306
0.100000000000001
0.100000000000001
0.100000000000001
0.100000000000001
0.100000000000001
0.100000000000001
0.100000000000001
0.100000000000001
0.100000000000001
0.0709999999996569
0.0290000000003445
0.100000000000001
0.100000000000001
0.100000000000001
0.100000000000001
0.100000000000001
0.100000000000001
0.100000000000001
0.100000000000001
0.100000000000001
0.100000000000001
0.0309999999996435
0.0690000000003579
0.100000000000001
0.100000000000001
0.100000000000001
0.100000000000001
0.100000000000001
0.100000000000001
0.100000000000001
0.100000000000001
0.100000000000001
0.0909999999996316
0.00900000000036982
0.100000000000001
0.100000000000001
0.100000000000001
0.100000000000001
0.100000000000001
0.100000000000001
0.100000000000001
0.100000000000001
0.100000000000001
0.100000000000001
0.0509999999996182
0.0490000000003832
0.100000000000001
0.100000000000001
0.100000000000001
0.100000000000001
0.100000000000001
0.100000000000001
0.100000000000001
0.100000000000001
0.100000000000001
0.100000000000001
0.000999999999599765
0.0990000000004017
0.100000000000001
0.100000000000001
0.100000000000001
0.100000000000001
0.100000000000001
0.100000000000001
0.100000000000001
0.100000000000001
0.100000000000001
0.0209999999995887
0.0790000000004127
0.100000000000001
0.100000000000001
0.100000000000001
0.100000000000001
0.100000000000001
0.100000000000001
0.100000000000001
0.100000000000001
0.100000000000001
0.0509999999995756
0.0490000000004258
0.100000000000001
0.100000000000001
0.100000000000001
0.100000000000001
0.100000000000001
0.100000000000001
0.100000000000001
0.100000000000001
0.100000000000001
0.0909999999995605
0.00900000000044088
0.100000000000001
0.100000000000001
0.100000000000001
0.100000000000001
0.100000000000001
0.100000000000001
0.100000000000001
0.100000000000001
0.100000000000001
0.100000000000001
0.010999999999548
0.0890000000004534
0.100000000000001
0.100000000000001
0.100000000000001
0.100000000000001
0.100000000000001
0.100000000000001
0.100000000000001
0.100000000000001
0.100000000000001
0.050999999999533
0.0490000000004684
0.100000000000001
0.100000000000001
0.100000000000001
0.100000000000001
0.100000000000001
0.100000000000001
0.100000000000001
0.100000000000001
0.100000000000001
0.100000000000001
0.0109999999995196
0.0890000000004818
0.100000000000001
0.100000000000001
0.100000000000001
0.100000000000001
0.100000000000001
0.100000000000001
0.100000000000001
0.100000000000001
0.100000000000001
0.0709999999995077
0.0290000000004937
0.100000000000001
0.100000000000001
0.100000000000001
0.100000000000001
0.100000000000001
0.100000000000001
0.100000000000001
0.100000000000001
0.100000000000001
0.100000000000001
0.000999999999493184
0.0990000000005082
0.100000000000001
0.100000000000001
0.100000000000001
0.100000000000001
0.100000000000001
0.100000000000001
0.100000000000001
0.100000000000001
0.100000000000001
0.0309999999994801
0.0690000000005213
0.100000000000001
0.100000000000001
0.100000000000001
0.100000000000001
0.100000000000001
0.100000000000001
0.100000000000001
0.100000000000001
0.100000000000001
0.0809999999994631
0.0190000000005384
0.100000000000001
0.100000000000001
0.100000000000001
0.100000000000001
0.100000000000001
0.100000000000001
0.100000000000001
0.100000000000001
0.100000000000001
0.100000000000001
0.0409999999994497
0.0590000000005517
0.100000000000001
0.100000000000001
0.100000000000001
0.100000000000001
0.100000000000001
0.100000000000001
0.100000000000001
0.100000000000001
0.100000000000001
0.0909999999994326
0.00900000000056878
0.100000000000001
0.100000000000001
0.100000000000001
0.100000000000001
0.100000000000001
0.100000000000001
0.100000000000001
0.100000000000001
0.100000000000001
0.100000000000001
0.0109999999994201
0.0890000000005813
0.100000000000001
0.100000000000001
0.100000000000001
0.100000000000001
0.100000000000001
0.100000000000001
0.100000000000001
0.100000000000001
0.100000000000001
0.0509999999994051
0.0490000000005963
0.100000000000001
0.100000000000001
0.100000000000001
0.100000000000001
0.100000000000001
0.100000000000001
0.100000000000001
0.100000000000001
0.100000000000001
0.080999999999392
0.0190000000006094
0.100000000000001
0.100000000000001
0.100000000000001
0.100000000000001
0.100000000000001
0.100000000000001
0.100000000000001
0.100000000000001
0.100000000000001
0.100000000000001
0.0109999999993775
0.0890000000006239
0.100000000000001
0.100000000000001
0.100000000000001
0.100000000000001
0.100000000000001
0.0999999999999943
0.0999999999999943
0.0999999999999943
0.0999999999999943
0.0309999999993948
0.0690000000005995
0.0999999999999943
0.0999999999999943
0.0999999999999943
0.0999999999999943
0.0999999999999943
0.0999999999999943
0.0999999999999943
0.0999999999999943
0.0999999999999943
0.0509999999994477
0.0490000000005466
0.0999999999999943
0.0999999999999943
0.0999999999999943
0.0999999999999943
0.0999999999999943
0.0999999999999943
0.0999999999999943
0.0999999999999943
0.0999999999999943
0.0909999999995108
0.00900000000048351
0.0999999999999943
0.0999999999999943
0.0999999999999943
0.0999999999999943
0.0999999999999943
0.0999999999999943
0.0999999999999943
0.0999999999999943
0.0999999999999943
0.0999999999999943
0.0109999999995694
0.089000000000425
0.0999999999999943
0.0999999999999943
0.0999999999999943
0.0999999999999943
0.0999999999999943
0.0999999999999943
0.0999999999999943
0.0999999999999943
0.0999999999999943
0.0309999999996222
0.0690000000003721
0.0999999999999943
0.0999999999999943
0.0999999999999943
0.0999999999999943
0.0999999999999943
0.0999999999999943
0.0999999999999943
0.0999999999999943
0.0999999999999943
0.0509999999996751
0.0490000000003192
0.0999999999999943
0.0999999999999943
0.0999999999999943
0.0999999999999943
0.0999999999999943
0.0999999999999943
0.0999999999999943
0.0999999999999943
0.0999999999999943
0.0909999999997382
0.00900000000025614
0.0999999999999943
0.0999999999999943
0.0999999999999943
0.0999999999999943
0.0999999999999943
0.0999999999999943
0.0999999999999943
0.0999999999999943
0.0999999999999943
0.0999999999999943
0.000999999999805823
0.0990000000001885
0.0999999999999943
0.0999999999999943
0.0999999999999943
0.0999999999999943
0.0999999999999943
0.0999999999999943
0.0999999999999943
0.0999999999999943
0.0999999999999943
0.0209999999998587
0.0790000000001356
0.0999999999999943
0.0999999999999943
0.0999999999999943
0.0999999999999943
0.0999999999999943
0.0999999999999943
0.0999999999999943
0.0999999999999943
0.0999999999999943
0.0609999999999218
0.0390000000000725
0.0999999999999943
0.0999999999999943
0.0999999999999943
0.0999999999999943
0.0999999999999943
0.0999999999999943
0.0999999999999943
0.0999999999999943
0.0999999999999943
0.0999999999999943
0.000999999999990564
0.0990000000000038
0.0999999999999943
0.0999999999999943
0.0999999999999943
0.0999999999999943
0.0999999999999943
0.0999999999999943
0.0999999999999943
0.0999999999999943
0.0999999999999943
0.0310000000000485
0.0689999999999458
0.0999999999999943
0.0999999999999943
0.0999999999999943
0.0999999999999943
0.0999999999999943
0.0999999999999943
0.0999999999999943
0.0999999999999943
0.0999999999999943
0.0710000000001116
0.0289999999998827
0.0999999999999943
0.0999999999999943
0.0999999999999943
0.0999999999999943
0.0999999999999943
0.0999999999999943
0.0999999999999943
0.0999999999999943
0.0999999999999943
0.0999999999999943
0.0210000000001713
0.078999999999823
0.0999999999999943
0.0999999999999943
0.0999999999999943
0.0999999999999943
0.0999999999999943
0.0999999999999943
0.0999999999999943
0.0999999999999943
0.0999999999999943
0.0610000000002344
0.0389999999997599
0.0999999999999943
0.0999999999999943
0.0999999999999943
0.0999999999999943
0.0999999999999943
0.0999999999999943
0.0999999999999943
0.0999999999999943
0.0999999999999943
0.0999999999999943
0.0010000000003032
0.0989999999996911
0.0999999999999943
0.0999999999999943
0.0999999999999943
0.0999999999999943
0.0999999999999943
0.0999999999999943
0.0999999999999943
0.0999999999999943
0.0999999999999943
0.0510000000003572
0.0489999999996371
0.0999999999999943
0.0999999999999943
0.0999999999999943
0.0999999999999943
0.0999999999999943
0.0999999999999943
0.0999999999999943
0.0999999999999943
0.0999999999999943
0.0999999999999943
0.011000000000422
0.0889999999995723
0.0999999999999943
0.0999999999999943
0.0999999999999943
0.0999999999999943
0.0999999999999943
0.0999999999999943
0.0999999999999943
0.0999999999999943
0.0999999999999943
0.0710000000004811
0.0289999999995132
0.0999999999999943
0.0999999999999943
0.0999999999999943
0.0999999999999943
0.0999999999999943
0.0999999999999943
0.0999999999999943
0.0999999999999943
0.0999999999999943
0.0999999999999943
0.0110000000005499
0.0889999999994444
0.0999999999999943
0.0999999999999943
0.0999999999999943
0.0999999999999943
0.0999999999999943
0.0999999999999943
0.0999999999999943
0.0999999999999943
0.0999999999999943
0.071000000000609
0.0289999999993853
0.0999999999999943
0.0999999999999943
0.0999999999999943
0.0999999999999943
0.0999999999999943
0.0999999999999943
0.0999999999999943
0.0999999999999943
0.0999999999999943
0.0999999999999943
0.0310000000006738
0.0689999999993205
0.0999999999999943
0.0999999999999943
0.0999999999999943
0.0999999999999943
0.0999999999999943
0.0999999999999943
0.0999999999999943
0.0999999999999943
0.0999999999999943
0.0710000000007369
0.0289999999992574
0.0999999999999943
0.0999999999999943
0.0999999999999943
0.0999999999999943
0.0999999999999943
0.0999999999999943
0.0999999999999943
0.0999999999999943
0.0999999999999943
0.0999999999999943
0.0110000000008057
0.0889999999991886
0.0999999999999943
0.0999999999999943
0.0999999999999943
0.0999999999999943
0.0999999999999943
0.0999999999999943
0.0999999999999943
0.0999999999999943
0.0999999999999943
0.0610000000008597
0.0389999999991346
0.0999999999999943
0.0999999999999943
0.0999999999999943
0.0999999999999943
0.0999999999999943
0.0999999999999943
0.0999999999999943
0.0999999999999943
0.0999999999999943
0.0999999999999943
0.00100000000092848
0.0989999999990658
0.0999999999999943
0.0999999999999943
0.0999999999999943
0.0999999999999943
0.0999999999999943
0.0999999999999943
0.0999999999999943
0.0999999999999943
0.0999999999999943
0.0310000000009865
0.0689999999990079
0.0999999999999943
0.0999999999999943
0.0999999999999943
0.0999999999999943
0.0999999999999943
0.0999999999999943
0.0999999999999943
0.0999999999999943
0.0999999999999943
0.0810000000010405
0.0189999999989539
0.0999999999999943
0.0999999999999943
0.0999999999999943
0.0999999999999943
0.0999999999999943
0.0999999999999943
0.0999999999999943
0.0999999999999943
0.0999999999999943
0.0999999999999943
0.0410000000011053
0.0589999999988891
0.0999999999999943
0.0999999999999943
0.0999999999999943
0.0999999999999943
0.0999999999999943
0.0999999999999943
0.0999999999999943
0.0999999999999943
0.0999999999999943
0.0999999999999943
0.011000000001161
0.0889999999988333
0.0999999999999943
0.0999999999999943
0.0999999999999943
0.0999999999999943
0.0999999999999943
0.0999999999999943
0.0999999999999943
0.0999999999999943
0.0999999999999943
0.0710000000012201
0.0289999999987742
0.0999999999999943
0.0999999999999943
0.0999999999999943
0.0999999999999943
0.0999999999999943
0.0999999999999943
0.0999999999999943
0.0999999999999943
0.0999999999999943
0.0999999999999943
0.0510000000012809
0.0489999999987134
0.0999999999999943
0.0999999999999943
0.0999999999999943
0.0999999999999943
0.0999999999999943
0.0999999999999943
0.0999999999999943
0.0999999999999943
0.0999999999999943
0.0999999999999943
0.0310000000013417
0.0689999999986526
0.0999999999999943
0.0999999999999943
0.0999999999999943
0.0999999999999943
0.0999999999999943
0.0999999999999943
0.0999999999999943
0.0999999999999943
0.0999999999999943
0.0910000000014008
0.00899999999859347
0.0999999999999943
0.0999999999999943
0.0999999999999943
0.0999999999999943
0.0999999999999943
0.0999999999999943
0.0999999999999943
0.0999999999999943
0.0999999999999943
0.0999999999999943
0.0510000000014657
0.0489999999985287
0.0999999999999943
0.0999999999999943
0.0999999999999943
0.0999999999999943
0.0999999999999943
0.0999999999999943
0.0999999999999943
0.0999999999999943
0.0999999999999943
0.0999999999999943
0.0110000000015305
0.0889999999984639
0.0999999999999943
0.0999999999999943
0.0999999999999943
0.0999999999999943
0.0999999999999943
0.0999999999999943
0.0999999999999943
0.0999999999999943
0.0999999999999943
0.0610000000015845
0.0389999999984099
0.0999999999999943
0.0999999999999943
0.0999999999999943
0.0999999999999943
0.0999999999999943
0.0999999999999943
0.0999999999999943
0.0999999999999943
0.0999999999999943
0.0999999999999943
0.0210000000016493
0.0789999999983451
0.0999999999999943
0.0999999999999943
0.0999999999999943
0.0999999999999943
0.0999999999999943
0.0999999999999943
0.0999999999999943
0.0999999999999943
0.0999999999999943
0.0810000000017084
0.0189999999982859
0.0999999999999943
0.0999999999999943
0.0999999999999943
0.0999999999999943
0.0999999999999943
0.0999999999999943
0.0999999999999943
0.0999999999999943
0.0999999999999943
0.0999999999999943
0.0210000000017772
0.0789999999982172
0.0999999999999943
0.0999999999999943
0.0999999999999943
0.0999999999999943
0.0999999999999943
0.0999999999999943
0.0999999999999943
0.0999999999999943
0.0999999999999943
0.0810000000018363
0.018999999998158
0.0999999999999943
0.0999999999999943
0.0999999999999943
0.0999999999999943
0.0999999999999943
0.0999999999999943
0.0999999999999943
0.0999999999999943
0.0999999999999943
0.0999999999999943
0.0610000000018971
0.0389999999980972
0.0999999999999943
0.0999999999999943
0.0999999999999943
0.0999999999999943
0.0999999999999943
0.0999999999999943
0.0999999999999943
0.0999999999999943
0.0999999999999943
0.0999999999999943
0.0410000000019579
0.0589999999980364
0.0999999999999943
0.0999999999999943
0.0999999999999943
0.0999999999999943
0.0999999999999943
0.0999999999999943
0.0999999999999943
0.0999999999999943
0.0999999999999943
0.0999999999999943
0.0110000000020136
0.0889999999979807
0.0999999999999943
0.0999999999999943
0.0999999999999943
0.0999999999999943
0.0999999999999943
0.0999999999999943
0.0999999999999943
0.0999999999999943
0.0999999999999943
0.0810000000020636
0.0189999999979307
0.0999999999999943
0.0999999999999943
0.0999999999999943
0.0999999999999943
0.0999999999999943
0.0999999999999943
0.0999999999999943
0.0999999999999943
0.0999999999999943
0.0999999999999943
0.0310000000021233
0.068999999997871
0.0999999999999943
0.0999999999999943
0.0999999999999943
0.0999999999999943
0.0999999999999943
0.0999999999999943
0.0999999999999943
0.0999999999999943
0.0999999999999943
0.0710000000021864
0.0289999999978079
0.0999999999999943
0.0999999999999943
0.0999999999999943
0.0999999999999943
0.0999999999999943
0.0999999999999943
0.0999999999999943
0.0999999999999943
0.0999999999999943
0.0999999999999943
0.0210000000022461
0.0789999999977482
0.0999999999999943
0.0999999999999943
0.0999999999999943
0.0999999999999943
0.0999999999999943
0.0999999999999943
0.0999999999999943
0.0999999999999943
0.0999999999999943
0.0710000000023001
0.0289999999976942
0.0999999999999943
0.0999999999999943
0.0999999999999943
0.0999999999999943
0.0999999999999943
0.0999999999999943
0.0999999999999943
0.0999999999999943
0.0999999999999943
0.0999999999999943
0.0110000000023689
0.0889999999976254
0.0999999999999943
0.0999999999999943
0.0999999999999943
0.0999999999999943
0.0999999999999943
0.0999999999999943
0.0999999999999943
0.0999999999999943
0.0999999999999943
0.051000000002432
0.0489999999975623
0.0999999999999943
0.0999999999999943
0.0999999999999943
0.0999999999999943
0.0999999999999943
0.0999999999999943
0.0999999999999943
0.0999999999999943
0.0999999999999943
0.0999999999999943
0.00100000000249167
0.0989999999975026
0.0999999999999943
0.0999999999999943
0.0999999999999943
0.0999999999999943
0.0999999999999943
0.0999999999999943
0.0999999999999943
0.0999999999999943
0.0999999999999943
0.0410000000025548
0.0589999999974395
0.0999999999999943
0.0999999999999943
0.0999999999999943
0.0999999999999943
0.0999999999999943
0.0999999999999943
0.0999999999999943
0.0999999999999943
0.0999999999999943
0.0910000000026088
0.00899999999738554
0.0999999999999943
0.0999999999999943
0.0999999999999943
0.0999999999999943
0.0999999999999943
0.0999999999999943
0.0999999999999943
0.0999999999999943
0.0999999999999943
0.0999999999999943
0.0510000000026736
0.0489999999973207
0.0999999999999943
0.0999999999999943
0.0999999999999943
0.0999999999999943
0.0999999999999943
0.0999999999999943
0.0999999999999943
0.0999999999999943
0.0999999999999943
0.0999999999999943
0.0210000000027293
0.078999999997265
0.0999999999999943
0.0999999999999943
0.0999999999999943
0.0999999999999943
0.0999999999999943
0.0999999999999943
0.0999999999999943
0.0999999999999943
0.0999999999999943
0.0510000000027873
0.0489999999972071
0.0999999999999943
0.0999999999999943
0.0999999999999943
0.0999999999999943
0.0999999999999943
0.0999999999999943
0.0999999999999943
0.0999999999999943
0.0999999999999943
0.0910000000028504
0.00899999999714396
0.0999999999999943
0.0999999999999943
0.0999999999999943
0.0999999999999943
0.0999999999999943
0.0999999999999943
0.0999999999999943
0.0999999999999943
0.0999999999999943
0.0999999999999943
0.0310000000029191
0.0689999999970752
0.0999999999999943
0.0999999999999943
0.0999999999999943
0.0999999999999943
0.0999999999999943
0.0999999999999943
0.0999999999999943
0.0999999999999943
0.0999999999999943
0.0710000000029822
0.0289999999970121
0.0999999999999943
0.0999999999999943
0.0999999999999943
0.0999999999999943
0.0999999999999943
0.0999999999999943
0.0999999999999943
0.0999999999999943
0.0999999999999943
0.0910000000030351
0.00899999999695922
0.0999999999999943
0.0999999999999943
0.0999999999999943
0.0999999999999943
0.0999999999999943
0.0999999999999943
0.0999999999999943
0.100000000000009
0.0999999999999943
0.0999999999999943
0.0210000000030846
0.0789999999969098
0.0999999999999943
0.0999999999999943
0.0999999999999943
0.0999999999999943
0.0999999999999943
0.0999999999999943
0.0999999999999943
0.0999999999999943
0.0999999999999943
0.0410000000031516
0.0589999999968427
0.0999999999999943
0.0999999999999943
0.0999999999999943
0.0999999999999943
0.0999999999999943
0.0999999999999943
0.0999999999999943
0.0999999999999943
0.0999999999999943
0.0510000000031994
0.0489999999967949
0.0999999999999943
0.0999999999999943
0.0999999999999943
0.0999999999999943
0.0999999999999943
0.0999999999999943
0.0999999999999943
0.0999999999999943
0.0999999999999943
0.0510000000032562
0.0489999999967381
0.0999999999999943
0.0999999999999943
0.0999999999999943
0.0999999999999943
0.0999999999999943
0.0999999999999943
0.0999999999999943
0.0999999999999943
0.0999999999999943
0.061000000003304
0.0389999999966903
0.0999999999999943
0.0999999999999943
0.0999999999999943
0.0999999999999943
0.0999999999999943
0.0999999999999943
0.0999999999999943
0.0999999999999943
0.0999999999999943
0.0370000000033599
0.0629999999966344
0.0999999999999943
0.0999999999999943
0.0999999999999943
0.0999999999999943
0.0999999999999943
0.0999999999999943
0.0999999999999943
0.0999999999999943
0.0999999999999943
0.0470000000034076
0.0529999999965867
0.0999999999999943
0.0999999999999943
0.0999999999999943
0.0999999999999943
0.0999999999999943
0.0999999999999943
0.0999999999999943
0.0999999999999943
0.0999999999999943
0.0670000000034747
0.0329999999965196
0.0999999999999943
0.0999999999999943
0.0999999999999943
0.0999999999999943
0.0999999999999943
0.0999999999999943
0.0999999999999943
0.0999999999999943
0.0999999999999943
0.0870000000035418
0.0129999999964525
0.0999999999999943
0.0999999999999943
0.0999999999999943
0.0999999999999943
0.0999999999999943
0.0999999999999943
0.0999999999999943
0.0999999999999943
0.0999999999999943
0.083000000003608
0.0169999999963864
0.0999999999999943
0.0999999999999943
0.0999999999999943
0.0999999999999943
0.0999999999999943
0.0999999999999943
0.0999999999999943
0.0999999999999943
0.0999999999999943
0.0999999999999943
0.00300000000368073
0.0969999999963136
0.0999999999999943
0.0999999999999943
0.0999999999999943
0.0999999999999943
0.0999999999999943
0.0999999999999943
0.0999999999999943
0.0999999999999943
0.0999999999999943
0.0130000000037285
0.0869999999962658
0.0999999999999943
0.0999999999999943
0.0999999999999943
0.0999999999999943
0.0999999999999943
0.0999999999999943
0.0999999999999943
0.0999999999999943
0.0999999999999943
0.0230000000037762
0.0769999999962181
0.0999999999999943
0.0999999999999943
0.0999999999999943
0.0999999999999943
0.0999999999999943
0.0999999999999943
0.0999999999999943
0.0999999999999943
0.0999999999999943
0.0430000000038433
0.056999999996151
0.0999999999999943
0.0999999999999943
0.0999999999999943
0.0999999999999943
0.0999999999999943
0.0999999999999943
0.0999999999999943
0.0999999999999943
0.0999999999999943
0.0730000000039013
0.026999999996093
0.0999999999999943
0.0999999999999943
0.0999999999999943
0.0999999999999943
0.0999999999999943
0.0999999999999943
0.0999999999999943
0.0999999999999943
0.0999999999999943
0.0999999999999943
0.00300000000396494
0.0969999999960294
0.0999999999999943
0.0999999999999943
0.0999999999999943
0.0999999999999943
0.0999999999999943
0.0999999999999943
0.0999999999999943
0.0999999999999943
0.0999999999999943
0.023000000004032
0.0769999999959623
0.0999999999999943
0.0999999999999943
0.0999999999999943
0.0999999999999943
0.0999999999999943
0.0999999999999943
0.0999999999999943
0.0999999999999943
0.0999999999999943
0.0630000000040809
0.0369999999959134
0.0999999999999943
0.0999999999999943
0.0999999999999943
0.0999999999999943
0.0999999999999943
0.0999999999999943
0.0999999999999943
0.0999999999999943
0.0999999999999943
0.0999999999999943
0.0130000000041548
0.0869999999958395
0.0999999999999943
0.0999999999999943
0.0999999999999943
0.0999999999999943
0.0999999999999943
0.0999999999999943
0.0999999999999943
0.0999999999999943
0.0999999999999943
0.0730000000042139
0.0269999999957804
0.0999999999999943
0.0999999999999943
0.0999999999999943
0.0999999999999943
0.0999999999999943
0.0999999999999943
0.0999999999999943
0.0999999999999943
0.0999999999999943
0.0999999999999943
0.00300000000427758
0.0969999999957167
0.0999999999999943
0.0999999999999943
0.0999999999999943
0.0999999999999943
0.0999999999999943
0.0999999999999943
0.0999999999999943
0.0999999999999943
0.0999999999999943
0.0130000000043253
0.086999999995669
0.0999999999999943
0.0999999999999943
0.0999999999999943
0.0999999999999943
0.0999999999999943
0.0999999999999943
0.0999999999999943
0.0999999999999943
0.0999999999999943
0.0430000000043833
0.056999999995611
0.0999999999999943
0.0999999999999943
0.0999999999999943
0.0999999999999943
0.0999999999999943
0.0999999999999943
0.0999999999999943
0.0999999999999943
0.0999999999999943
0.0730000000044413
0.026999999995553
0.0999999999999943
0.0999999999999943
0.0999999999999943
0.0999999999999943
0.0999999999999943
0.0999999999999943
0.0999999999999943
0.0999999999999943
0.0999999999999943
0.0930000000045084
0.00699999999548595
0.0999999999999943
0.0999999999999943
0.0999999999999943
0.0999999999999943
0.0999999999999943
0.0999999999999943
0.0999999999999943
0.0999999999999943
0.0999999999999943
0.0999999999999943
0.0130000000045811
0.0869999999954132
0.0999999999999943
0.0999999999999943
0.0999999999999943
0.0999999999999943
0.0999999999999943
0.0999999999999943
0.0999999999999943
0.0999999999999943
0.0999999999999943
0.0330000000046482
0.0669999999953461
0.0999999999999943
0.0999999999999943
0.0999999999999943
0.0999999999999943
0.0999999999999943
0.0999999999999943
0.0999999999999943
0.0999999999999943
0.0999999999999943
0.0530000000047153
0.046999999995279
0.0999999999999943
0.0999999999999943
0.0999999999999943
0.0999999999999943
0.0999999999999943
0.0999999999999943
0.0999999999999943
0.0999999999999943
0.0999999999999943
0.0530000000047721
0.0469999999952222
0.0999999999999943
0.0999999999999943
0.0999999999999943
0.0999999999999943
0.0999999999999943
0.0999999999999943
0.0999999999999943
0.0999999999999943
0.0999999999999943
0.0730000000048392
0.0269999999951551
0.0999999999999943
0.0999999999999943
0.0999999999999943
0.0999999999999943
0.0999999999999943
0.0999999999999943
0.0999999999999943
0.0999999999999943
0.0999999999999943
0.0999999999999943
0.0130000000048938
0.0869999999951006
0.0999999999999943
0.0999999999999943
0.0999999999999943
0.0999999999999943
0.0999999999999943
0.0999999999999943
0.0999999999999943
0.0999999999999943
0.0999999999999943
0.0130000000049506
0.0869999999950437
0.0999999999999943
0.0999999999999943
0.0999999999999943
0.0999999999999943
0.0999999999999943
0.0999999999999943
0.0999999999999943
0.0999999999999943
0.0999999999999943
0.00900000000501677
0.0909999999949775
0.0999999999999943
0.0999999999999943
0.0999999999999943
0.0999999999999943
0.0999999999999943
0.0999999999999943
0.0999999999999943
0.0999999999999943
0.0999999999999943
0.0290000000050838
0.0709999999949105
0.0999999999999943
0.0999999999999943
0.0999999999999943
0.0999999999999943
0.0999999999999943
0.0999999999999943
0.0999999999999943
0.0999999999999943
0.0999999999999943
0.0490000000051509
0.0509999999948434
0.0999999999999943
0.0999999999999943
0.0999999999999943
0.0999999999999943
0.0999999999999943
0.0999999999999943
0.0999999999999943
0.0999999999999943
0.0999999999999943
0.0590000000051987
0.0409999999947956
0.0999999999999943
0.0999999999999943
0.0999999999999943
0.0999999999999943
0.0999999999999943
0.0999999999999943
0.0999999999999943
0.0999999999999943
0.0999999999999943
0.0590000000052555
0.0409999999947388
0.0999999999999943
0.0999999999999943
0.0999999999999943
0.0999999999999943
0.0999999999999943
0.0999999999999943
0.0999999999999943
0.0999999999999943
0.0999999999999943
0.0690000000053033
0.0309999999946911
0.0999999999999943
0.0999999999999943
0.0999999999999943
0.0999999999999943
0.0999999999999943
0.0999999999999943
0.0999999999999943
0.0999999999999943
0.0999999999999943
0.0890000000053703
0.010999999994624
0.0999999999999943
0.0999999999999943
0.0999999999999943
0.0999999999999943
0.0999999999999943
0.0999999999999943
0.0999999999999943
0.0999999999999943
0.0999999999999943
0.0890000000054272
0.0109999999945671
0.0999999999999943
0.0999999999999943
0.0999999999999943
0.0999999999999943
0.0999999999999943
0.0999999999999943
0.0999999999999943
0.0999999999999943
0.0999999999999943
0.089000000005484
0.0109999999945103
0.0999999999999943
0.0999999999999943
0.0999999999999943
0.0999999999999943
0.0999999999999943
0.0999999999999943
0.0999999999999943
0.0999999999999943
0.0999999999999943
0.0999999999999943
0.00900000000555679
0.0909999999944375
0.0999999999999943
0.0999999999999943
0.0999999999999943
0.0999999999999943
0.0999999999999943
0.0999999999999943
0.0999999999999943
0.0999999999999943
0.0999999999999943
0.0190000000056045
0.0809999999943898
0.0999999999999943
0.0999999999999943
0.0999999999999943
0.0999999999999943
0.0999999999999943
0.0999999999999943
0.0999999999999943
0.0999999999999943
0.0999999999999943
0.0490000000056625
0.0509999999943318
0.0999999999999943
0.0999999999999943
0.0999999999999943
0.0999999999999943
0.0999999999999943
0.0999999999999943
0.0999999999999943
0.0999999999999943
0.0999999999999943
0.0890000000057114
0.0109999999942829
0.0999999999999943
0.0999999999999943
0.0999999999999943
0.0999999999999943
0.0999999999999943
0.0999999999999943
0.0999999999999943
0.0999999999999943
0.0999999999999943
0.0999999999999943
0.029000000005766
0.0709999999942283
0.0999999999999943
0.0999999999999943
0.0999999999999943
0.0999999999999943
0.0999999999999943
0.0999999999999943
0.0999999999999943
0.0999999999999943
0.0999999999999943
0.049000000005833
0.0509999999941613
0.0999999999999943
0.0999999999999943
0.0999999999999943
0.0999999999999943
0.0999999999999943
0.0999999999999943
0.0999999999999943
0.0999999999999943
0.0999999999999943
0.0890000000058819
0.0109999999941124
0.0999999999999943
0.0999999999999943
0.0999999999999943
0.0999999999999943
0.0999999999999943
0.0999999999999943
0.0999999999999943
0.0999999999999943
0.0999999999999943
0.0999999999999943
0.0290000000059365
0.0709999999940578
0.0999999999999943
0.0999999999999943
0.0999999999999943
0.0999999999999943
0.0999999999999943
0.0999999999999943
0.0999999999999943
0.0999999999999943
0.0999999999999943
0.0590000000059945
0.0409999999939998
0.0999999999999943
0.0999999999999943
0.0999999999999943
0.0999999999999943
0.0999999999999943
0.0999999999999943
0.0999999999999943
0.0999999999999943
0.0999999999999943
0.0790000000060616
0.0209999999939328
0.0999999999999943
0.0999999999999943
0.0999999999999943
0.0999999999999943
0.0999999999999943
0.0999999999999943
0.0999999999999943
0.0999999999999943
0.0999999999999943
0.0999999999999943
0.00900000000612522
0.0909999999938691
0.0999999999999943
0.0999999999999943
0.0999999999999943
0.0999999999999943
0.0999999999999943
0.0999999999999943
0.0999999999999943
0.0999999999999943
0.0999999999999943
0.0290000000061923
0.070999999993802
0.0999999999999943
0.0999999999999943
0.0999999999999943
0.0999999999999943
0.0999999999999943
0.0999999999999943
0.0999999999999943
0.0999999999999943
0.0999999999999943
0.03900000000624
0.0609999999937543
0.0999999999999943
0.0999999999999943
0.0999999999999943
0.0999999999999943
0.0999999999999943
0.0999999999999943
0.0999999999999943
0.0999999999999943
0.0999999999999943
0.069000000006298
0.0309999999936963
0.0999999999999943
0.0999999999999943
0.0999999999999943
0.0999999999999943
0.0999999999999943
0.0999999999999943
0.0999999999999943
0.0999999999999943
0.0999999999999943
0.0890000000063651
0.0109999999936292
0.0999999999999943
0.0999999999999943
0.0999999999999943
0.0999999999999943
0.0999999999999943
0.0999999999999943
0.0999999999999943
0.0999999999999943
0.0999999999999943
0.0990000000064128
0.000999999993581469
0.0999999999999943
0.0999999999999943
0.0999999999999943
0.0999999999999943
0.0999999999999943
0.0999999999999943
0.0999999999999943
0.0999999999999943
0.0999999999999943
0.0999999999999943
0.00900000000646628
0.090999999993528
0.0999999999999943
0.0999999999999943
0.0999999999999943
0.0999999999999943
0.0999999999999943
0.0999999999999943
0.0999999999999943
0.0999999999999943
0.0999999999999943
0.019000000006514
0.0809999999934803
0.0999999999999943
0.0999999999999943
0.0999999999999943
0.0999999999999943
0.0999999999999943
0.0999999999999943
0.0999999999999943
0.0999999999999943
0.0999999999999943
0.0290000000065618
0.0709999999934325
0.0999999999999943
0.0999999999999943
0.0999999999999943
0.0999999999999943
0.0999999999999943
0.0999999999999943
0.0999999999999943
0.0999999999999943
0.0999999999999943
0.0490000000066289
0.0509999999933655
0.0999999999999943
0.0999999999999943
0.0999999999999943
0.0999999999999943
0.0999999999999943
0.0999999999999943
0.0999999999999943
0.0999999999999943
0.0999999999999943
0.0890000000066777
0.0109999999933166
0.0999999999999943
0.0999999999999943
0.0999999999999943
0.0999999999999943
0.0999999999999943
0.0999999999999943
0.0999999999999943
0.0999999999999943
0.0999999999999943
0.0999999999999943
0.0490000000067425
0.0509999999932518
0.0999999999999943
0.0999999999999943
0.0999999999999943
0.0999999999999943
0.0999999999999943
0.0999999999999943
0.0999999999999943
0.0999999999999943
0.0999999999999943
0.0790000000068005
0.0209999999931938
0.0999999999999943
0.0999999999999943
0.0999999999999943
0.0999999999999943
0.0999999999999943
0.0999999999999943
0.0999999999999943
0.0999999999999943
0.0999999999999943
0.0999999999999943
0.0190000000068551
0.0809999999931392
0.0999999999999943
0.0999999999999943
0.0999999999999943
0.0999999999999943
0.0999999999999943
0.0999999999999943
0.0999999999999943
0.0999999999999943
0.0999999999999943
0.0690000000069233
0.030999999993071
0.0999999999999943
0.0999999999999943
0.0999999999999943
0.0999999999999943
0.0999999999999943
0.0999999999999943
0.0999999999999943
0.0999999999999943
0.0999999999999943
0.0990000000069813
0.000999999993013034
0.0999999999999943
0.0999999999999943
0.0999999999999943
0.0999999999999943
0.0999999999999943
0.0999999999999943
0.0999999999999943
0.0999999999999943
0.0999999999999943
0.0999999999999943
0.00900000000703471
0.0909999999929596
0.0999999999999943
0.0999999999999943
0.0999999999999943
0.0999999999999943
0.0999999999999943
0.0999999999999943
0.0999999999999943
0.0999999999999943
0.0999999999999943
0.0390000000070927
0.0609999999929016
0.0999999999999943
0.0999999999999943
0.0999999999999943
0.0999999999999943
0.0999999999999943
0.0999999999999943
0.0999999999999943
0.0999999999999943
0.0999999999999943
0.0790000000071416
0.0209999999928527
0.0999999999999943
0.0999999999999943
0.0999999999999943
0.0999999999999943
0.0999999999999943
0.0999999999999943
0.0999999999999943
0.0999999999999943
0.0999999999999943
0.0999999999999943
0.00900000000720524
0.0909999999927891
0.0999999999999943
0.0999999999999943
0.0999999999999943
0.0999999999999943
0.0999999999999943
0.0999999999999943
0.0999999999999943
0.0999999999999943
0.0999999999999943
0.0490000000072541
0.0509999999927402
0.0999999999999943
0.0999999999999943
0.0999999999999943
0.0999999999999943
0.0999999999999943
0.0999999999999943
0.0999999999999943
0.0999999999999943
0.0999999999999943
0.0999999999999943
0.00900000000731893
0.0909999999926754
0.0999999999999943
0.0999999999999943
0.0999999999999943
0.0999999999999943
0.0999999999999943
0.0999999999999943
0.0999999999999943
0.0999999999999943
0.0999999999999943
0.0390000000073769
0.0609999999926174
0.0999999999999943
0.0999999999999943
0.0999999999999943
0.0999999999999943
0.0999999999999943
0.0999999999999943
0.0999999999999943
0.0999999999999943
0.0999999999999943
0.059000000007444
0.0409999999925503
0.0999999999999943
0.0999999999999943
0.0999999999999943
0.0999999999999943
0.0999999999999943
0.0999999999999943
0.0999999999999943
0.0999999999999943
0.0999999999999943
0.089000000007502
0.0109999999924923
0.0999999999999943
0.0999999999999943
0.0999999999999943
0.0999999999999943
0.0999999999999943
0.0999999999999943
0.0999999999999943
0.0999999999999943
0.0999999999999943
0.0999999999999943
0.00900000000757473
0.0909999999924196
0.0999999999999943
0.0999999999999943
0.0999999999999943
0.0999999999999943
0.0999999999999943
0.0999999999999943
0.0999999999999943
0.0999999999999943
0.0999999999999943
0.0190000000076225
0.0809999999923718
0.0999999999999943
0.0999999999999943
0.0999999999999943
0.0999999999999943
0.0999999999999943
0.0999999999999943
0.0999999999999943
0.0999999999999943
0.0999999999999943
0.0390000000076896
0.0609999999923048
0.0999999999999943
0.0999999999999943
0.0999999999999943
0.0999999999999943
0.0999999999999943
0.0999999999999943
0.0999999999999943
0.0999999999999943
0.0999999999999943
0.0690000000077475
0.0309999999922468
0.0999999999999943
0.0999999999999943
0.0999999999999943
0.0999999999999943
0.0999999999999943
0.0999999999999943
0.0999999999999943
0.0999999999999943
0.0999999999999943
0.0890000000078146
0.0109999999921797
0.0999999999999943
0.0999999999999943
0.0999999999999943
0.0999999999999943
0.0999999999999943
0.0999999999999943
0.0999999999999943
0.0999999999999943
0.0999999999999943
0.0990000000078624
0.000999999992131961
0.0999999999999943
0.0999999999999943
0.0999999999999943
0.0999999999999943
0.0999999999999943
0.0999999999999943
0.0999999999999943
0.0999999999999943
0.0999999999999943
0.0999999999999943
0.029000000007926
0.0709999999920683
0.0999999999999943
0.0999999999999943
0.0999999999999943
0.0999999999999943
0.0999999999999943
0.0999999999999943
0.0999999999999943
0.0999999999999943
0.0999999999999943
0.0690000000079749
0.0309999999920194
0.0999999999999943
0.0999999999999943
0.0999999999999943
0.0999999999999943
0.0999999999999943
0.0999999999999943
0.0999999999999943
0.0999999999999943
0.0999999999999943
0.0790000000080227
0.0209999999919717
0.0999999999999943
0.0999999999999943
0.0999999999999943
0.0999999999999943
0.0999999999999943
0.0999999999999943
0.0999999999999943
0.0999999999999943
0.0999999999999943
0.0890000000080704
0.0109999999919239
0.0999999999999943
0.0999999999999943
0.0999999999999943
0.0999999999999943
0.0999999999999943
0.0999999999999943
0.0999999999999943
0.0999999999999943
0.0999999999999943
0.0999999999999943
0.00900000000814316
0.0909999999918512
0.0999999999999943
0.0999999999999943
0.0999999999999943
0.0999999999999943
0.0999999999999943
0.0999999999999943
0.0999999999999943
0.0999999999999943
0.0999999999999943
0.0290000000082102
0.0709999999917841
0.0999999999999943
0.0999999999999943
0.0999999999999943
0.0999999999999943
0.0999999999999943
0.0999999999999943
0.0999999999999943
0.0999999999999943
0.0999999999999943
0.0490000000082773
0.050999999991717
0.0999999999999943
0.0999999999999943
0.0999999999999943
0.0999999999999943
0.0999999999999943
0.0999999999999943
0.0999999999999943
0.0999999999999943
0.0999999999999943
0.0890000000083262
0.0109999999916681
0.0999999999999943
0.0999999999999943
0.0999999999999943
0.0999999999999943
0.0999999999999943
0.0999999999999943
0.0999999999999943
0.0999999999999943
0.0999999999999943
0.0999999999999943
0.0190000000083899
0.0809999999916045
0.0999999999999943
0.0999999999999943
0.0999999999999943
0.0999999999999943
0.0999999999999943
0.0999999999999943
0.0999999999999943
0.0999999999999943
0.0999999999999943
0.0190000000084467
0.0809999999915476
0.0999999999999943
0.0999999999999943
0.0999999999999943
0.0999999999999943
0.0999999999999943
0.0999999999999943
0.0999999999999943
0.0999999999999943
0.0999999999999943
0.0490000000085047
0.0509999999914896
0.0999999999999943
0.0999999999999943
0.0999999999999943
0.0999999999999943
0.0999999999999943
0.0999999999999943
0.0999999999999943
0.0999999999999943
0.0999999999999943
0.0990000000085729
0.000999999991421419
0.0999999999999943
0.0999999999999943
0.0999999999999943
0.0999999999999943
0.0999999999999943
0.0999999999999943
0.0999999999999943
0.0999999999999943
0.0999999999999943
0.0999999999999943
0.0290000000086366
0.0709999999913578
0.0999999999999943
0.0999999999999943
0.0999999999999943
0.0999999999999943
0.0999999999999943
0.0999999999999943
0.0999999999999943
0.0999999999999943
0.0999999999999943
0.0590000000086945
0.0409999999912998
0.0999999999999943
0.0999999999999943
0.0999999999999943
0.0999999999999943
0.0999999999999943
0.0999999999999943
0.0999999999999943
0.0999999999999943
0.0999999999999943
0.0990000000087434
0.000999999991250888
0.0999999999999943
0.0999999999999943
0.0999999999999943
0.0999999999999943
0.0999999999999943
0.0999999999999943
0.0999999999999943
0.0999999999999943
0.0999999999999943
0.0999999999999943
0.0190000000088162
0.0809999999911781
0.0999999999999943
0.0999999999999943
0.0999999999999943
0.0999999999999943
0.0999999999999943
0.0999999999999943
0.0999999999999943
0.0999999999999943
0.0999999999999943
0.0290000000088639
0.0709999999911304
0.0999999999999943
0.0999999999999943
0.0999999999999943
0.0999999999999943
0.0999999999999943
0.0999999999999943
0.0999999999999943
0.0999999999999943
0.0999999999999943
0.0590000000089219
0.0409999999910724
0.0999999999999943
0.0999999999999943
0.0999999999999943
0.0999999999999943
0.0999999999999943
0.0999999999999943
0.0999999999999943
0.0999999999999943
0.0999999999999943
0.0590000000089788
0.0409999999910156
0.0999999999999943
0.0999999999999943
0.0999999999999943
0.0999999999999943
0.0999999999999943
0.0999999999999943
0.0999999999999943
0.0999999999999943
0.0999999999999943
0.0390000000090254
0.0609999999909689
0.0999999999999943
0.0999999999999943
0.0999999999999943
0.0999999999999943
0.0999999999999943
0.0999999999999943
0.0999999999999943
0.0999999999999943
0.0980000000090797
0.0019999999909146
0.0999999999999943
0.0999999999999943
0.0999999999999943
0.0999999999999943
0.0999999999999943
0.0999999999999943
0.0999999999999943
0.0999999999999943
0.0999999999999943
0.0370000000091295
0.0629999999908648
0.0999999999999943
0.0999999999999943
0.0999999999999943
0.0999999999999943
0.0999999999999943
0.0999999999999943
0.0999999999999943
0.0999999999999943
0.055000000009187
0.0449999999908073
0.0999999999999943
0.0999999999999943
0.0999999999999943
0.0999999999999943
0.0999999999999943
0.0999999999999943
0.0999999999999943
0.0999999999999943
0.0530000000092343
0.04699999999076
0.0999999999999943
0.0999999999999943
0.0999999999999943
0.0999999999999943
0.0999999999999943
0.0999999999999943
0.0999999999999943
0.0999999999999943
0.030000000009295
0.0699999999906993
0.0999999999999943
0.0999999999999943
0.0999999999999943
0.0999999999999943
0.0999999999999943
0.0999999999999943
0.0999999999999943
0.0870000000093398
0.0129999999906545
0.0999999999999943
0.0999999999999943
0.0999999999999943
0.0999999999999943
0.0999999999999943
0.0999999999999943
0.0999999999999943
0.0999999999999943
0.0230000000094037
0.0769999999905906
0.0999999999999943
0.0999999999999943
0.0999999999999943
0.0999999999999943
0.0999999999999943
0.0999999999999943
0.0999999999999943
0.0670000000094433
0.032999999990551
0.0999999999999943
0.0999999999999943
0.0999999999999943
0.0999999999999943
0.0999999999999943
0.0999999999999943
0.0999999999999943
0.0830000000094913
0.0169999999905031
0.0999999999999943
0.0999999999999943
0.0999999999999943
0.0999999999999943
0.0999999999999943
0.0999999999999943
0.0999999999999943
0.0999999999999943
0.0630000000095379
0.0369999999904564
0.0999999999999943
0.0999999999999943
0.0999999999999943
0.0999999999999943
0.0999999999999943
0.0999999999999943
0.0999999999999943
0.0999999999999943
0.0999999999999943
0.0270000000095934
0.072999999990401
0.0999999999999943
0.0999999999999943
0.0999999999999943
0.0999999999999943
0.0999999999999943
0.0999999999999943
0.0999999999999943
0.0999999999999943
0.0999999999999943
0.0370000000096411
0.0629999999903532
0.0999999999999943
0.0999999999999943
0.0999999999999943
0.0999999999999943
0.0999999999999943
0.0999999999999943
0.0999999999999943
0.0999999999999943
0.0999999999999943
0.07700000000969
0.0229999999903043
0.0999999999999943
0.0999999999999943
0.0999999999999943
0.0999999999999943
0.0999999999999943
0.0999999999999943
0.0999999999999943
0.0999999999999943
0.0999999999999943
0.0999999999999943
0.0670000000097559
0.0329999999902384
0.0999999999999943
0.0999999999999943
0.0999999999999943
0.0999999999999943
0.0999999999999943
0.0999999999999943
0.0999999999999943
0.0999999999999943
0.0999999999999943
0.0999999999999943
0.0570000000098219
0.0429999999901725
0.0999999999999943
0.0999999999999943
0.0999999999999943
0.0999999999999943
0.0999999999999943
0.0999999999999943
0.0999999999999943
0.0999999999999943
0.0999999999999943
0.0999999999999943
0.0370000000098969
0.0629999999900974
0.0999999999999943
0.0999999999999943
0.0999999999999943
0.0999999999999943
0.0999999999999943
0.0999999999999943
0.0999999999999943
0.0999999999999943
0.0999999999999943
0.0999999999999943
0.0370000000099537
0.0629999999900406
0.0999999999999943
0.0999999999999943
0.0999999999999943
0.0999999999999943
0.0999999999999943
0.0999999999999943
0.0999999999999943
0.0999999999999943
0.0999999999999943
0.0999999999999943
0.0170000000100288
0.0829999999899655
0.0999999999999943
0.0999999999999943
0.0999999999999943
0.0999999999999943
0.0999999999999943
0.0999999999999943
0.0999999999999943
0.0999999999999943
0.0999999999999943
0.0570000000100777
0.0429999999899167
0.0999999999999943
0.0999999999999943
0.0999999999999943
0.0999999999999943
0.0999999999999943
0.0999999999999943
0.0999999999999943
0.0999999999999943
0.0999999999999943
0.0770000000101447
0.0229999999898496
0.0999999999999943
0.0999999999999943
0.0999999999999943
0.0999999999999943
0.0999999999999943
0.0999999999999943
0.0999999999999943
0.0999999999999943
0.0999999999999943
0.0870000000101925
0.0129999999898018
0.0999999999999943
0.0999999999999943
0.0999999999999943
0.0999999999999943
0.0999999999999943
0.0999999999999943
0.0999999999999943
0.0999999999999943
0.0999999999999943
0.0830000000102586
0.0169999999897357
0.0999999999999943
0.0999999999999943
0.0999999999999943
0.0999999999999943
0.0999999999999943
0.0999999999999943
0.0999999999999943
0.0999999999999943
0.0999999999999943
0.0510000000103048
0.0489999999896895
0.0999999999999943
0.0999999999999943
0.0999999999999943
0.0999999999999943
0.0999999999999943
0.0999999999999943
0.0999999999999943
0.0999999999999943
0.0999999999999943
0.0150000000103603
0.084999999989634
0.0999999999999943
0.0999999999999943
0.0999999999999943
0.0999999999999943
0.0999999999999943
0.0999999999999943
0.0999999999999943
0.0999999999999943
0.0750000000104194
0.0249999999895749
0.0999999999999943
0.0999999999999943
0.0999999999999943
0.100000000000023
0.100000000000023
0.100000000000023
0.100000000000023
0.100000000000023
0.100000000000023
0.0510000000103332
0.0489999999896895
0.100000000000023
0.100000000000023
0.100000000000023
0.100000000000023
0.100000000000023
0.100000000000023
0.100000000000023
0.100000000000023
0.100000000000023
0.0350000000100863
0.0649999999899364
0.100000000000023
0.100000000000023
0.100000000000023
0.100000000000023
0.100000000000023
0.100000000000023
0.100000000000023
0.100000000000023
0.100000000000023
0.0190000000098394
0.0809999999901834
0.100000000000023
0.100000000000023
0.100000000000023
0.100000000000023
0.100000000000023
0.100000000000023
0.100000000000023
0.100000000000023
0.100000000000023
0.00700000000961154
0.0929999999904112
0.100000000000023
0.100000000000023
0.100000000000023
0.100000000000023
0.100000000000023
0.100000000000023
0.100000000000023
0.100000000000023
0.100000000000023
0.027000000009366
0.0729999999906568
0.100000000000023
0.100000000000023
0.100000000000023
0.100000000000023
0.100000000000023
0.100000000000023
0.100000000000023
0.100000000000023
0.100000000000023
0.0670000000091591
0.0329999999908637
0.100000000000023
0.100000000000023
0.100000000000023
0.100000000000023
0.100000000000023
0.100000000000023
0.100000000000023
0.100000000000023
0.100000000000023
0.0970000000089044
0.00299999999111833
0.100000000000023
0.100000000000023
0.100000000000023
0.100000000000023
0.100000000000023
0.100000000000023
0.100000000000023
0.100000000000023
0.100000000000023
0.100000000000023
0.0370000000086748
0.062999999991348
0.100000000000023
0.100000000000023
0.100000000000023
0.100000000000023
0.100000000000023
0.100000000000023
0.100000000000023
0.100000000000023
0.100000000000023
0.100000000000023
0.00700000000841783
0.0929999999916049
0.100000000000023
0.100000000000023
0.100000000000023
0.100000000000023
0.100000000000023
0.100000000000023
0.100000000000023
0.100000000000023
0.100000000000023
0.0870000000081745
0.0129999999918482
0.100000000000023
0.100000000000023
0.100000000000023
0.100000000000023
0.100000000000023
0.100000000000023
0.100000000000023
0.100000000000023
0.100000000000023
0.100000000000023
0.0470000000079267
0.052999999992096
0.100000000000023
0.100000000000023
0.100000000000023
0.100000000000023
0.100000000000023
0.100000000000023
0.100000000000023
0.100000000000023
0.100000000000023
0.0870000000077198
0.0129999999923029
0.100000000000023
0.100000000000023
0.100000000000023
0.100000000000023
0.100000000000023
0.100000000000023
0.100000000000023
0.100000000000023
0.100000000000023
0.100000000000023
0.037000000007481
0.0629999999925417
0.100000000000023
0.100000000000023
0.100000000000023
0.100000000000023
0.100000000000023
0.100000000000023
0.100000000000023
0.100000000000023
0.100000000000023
0.0670000000072264
0.0329999999927963
0.100000000000023
0.100000000000023
0.100000000000023
0.100000000000023
0.100000000000023
0.100000000000023
0.100000000000023
0.100000000000023
0.100000000000023
0.0630000000069799
0.0369999999930428
0.100000000000023
0.100000000000023
0.100000000000023
0.100000000000023
0.100000000000023
0.100000000000023
0.100000000000023
0.100000000000023
0.100000000000023
0.0590000000067334
0.0409999999932893
0.100000000000023
0.100000000000023
0.100000000000023
0.100000000000023
0.100000000000023
0.100000000000023
0.100000000000023
0.100000000000023
0.100000000000023
0.0590000000065061
0.0409999999935167
0.100000000000023
0.100000000000023
0.100000000000023
0.100000000000023
0.100000000000023
0.100000000000023
0.100000000000023
0.100000000000023
0.100000000000023
0.0690000000062696
0.0309999999937531
0.100000000000023
0.100000000000023
0.100000000000023
0.100000000000023
0.100000000000023
0.100000000000023
0.100000000000023
0.100000000000023
0.100000000000023
0.0410000000060222
0.0589999999940005
0.100000000000023
0.100000000000023
0.100000000000023
0.100000000000023
0.100000000000023
0.100000000000023
0.100000000000023
0.100000000000023
0.100000000000023
0.0130000000057748
0.0869999999942479
0.100000000000023
0.100000000000023
0.100000000000023
0.100000000000023
0.100000000000023
0.100000000000023
0.100000000000023
0.100000000000023
0.100000000000023
0.0230000000055384
0.0769999999944844
0.100000000000023
0.100000000000023
0.100000000000023
0.100000000000023
0.100000000000023
0.100000000000023
0.100000000000023
0.100000000000023
0.100000000000023
0.0430000000052928
0.0569999999947299
0.100000000000023
0.100000000000023
0.100000000000023
0.100000000000023
0.100000000000023
0.100000000000023
0.100000000000023
0.100000000000023
0.100000000000023
0.0630000000050472
0.0369999999949755
0.100000000000023
0.100000000000023
0.100000000000023
0.100000000000023
0.100000000000023
0.100000000000023
0.100000000000023
0.100000000000023
0.100000000000023
0.0630000000048199
0.0369999999952029
0.100000000000023
0.100000000000023
0.100000000000023
0.100000000000023
0.100000000000023
0.100000000000023
0.100000000000023
0.100000000000023
0.100000000000023
0.0630000000045925
0.0369999999954302
0.100000000000023
0.100000000000023
0.100000000000023
0.100000000000023
0.100000000000023
0.100000000000023
0.100000000000023
0.100000000000023
0.100000000000023
0.0830000000043469
0.0169999999956758
0.100000000000023
0.100000000000023
0.100000000000023
0.100000000000023
0.100000000000023
0.100000000000023
0.100000000000023
0.100000000000023
0.100000000000023
0.0830000000041196
0.0169999999959032
0.100000000000023
0.100000000000023
0.100000000000023
0.100000000000023
0.100000000000023
0.100000000000023
0.100000000000023
0.100000000000023
0.100000000000023
0.0830000000038922
0.0169999999961306
0.100000000000023
0.100000000000023
0.100000000000023
0.100000000000023
0.100000000000023
0.100000000000023
0.100000000000023
0.100000000000023
0.100000000000023
0.100000000000023
0.00300000000362388
0.0969999999963989
0.100000000000023
0.100000000000023
0.100000000000023
0.100000000000023
0.100000000000023
0.100000000000023
0.100000000000023
0.100000000000023
0.100000000000023
0.0230000000033783
0.0769999999966444
0.100000000000023
0.100000000000023
0.100000000000023
0.100000000000023
0.100000000000023
0.100000000000023
0.100000000000023
0.100000000000023
0.100000000000023
0.0230000000031509
0.0769999999968718
0.100000000000023
0.100000000000023
0.100000000000023
0.100000000000023
0.100000000000023
0.100000000000023
0.100000000000023
0.100000000000023
0.100000000000023
0.063000000002944
0.0369999999970787
0.100000000000023
0.100000000000023
0.100000000000023
0.100000000000023
0.100000000000023
0.100000000000023
0.100000000000023
0.100000000000023
0.100000000000023
0.100000000000023
0.00300000000271439
0.0969999999973084
0.100000000000023
0.100000000000023
0.100000000000023
0.100000000000023
0.100000000000023
0.100000000000023
0.100000000000023
0.100000000000023
0.100000000000023
0.0130000000024779
0.0869999999975448
0.100000000000023
0.100000000000023
0.100000000000023
0.100000000000023
0.100000000000023
0.100000000000023
0.100000000000023
0.100000000000023
0.100000000000023
0.0330000000022324
0.0669999999977904
0.100000000000023
0.100000000000023
0.100000000000023
0.100000000000023
0.100000000000023
0.100000000000023
0.100000000000023
0.100000000000023
0.100000000000023
0.0530000000019868
0.0469999999980359
0.100000000000023
0.100000000000023
0.100000000000023
0.100000000000023
0.100000000000023
0.100000000000023
0.100000000000023
0.100000000000023
0.100000000000023
0.0930000000017799
0.00699999999824286
0.100000000000023
0.100000000000023
0.100000000000023
0.100000000000023
0.100000000000023
0.100000000000023
0.100000000000023
0.100000000000023
0.100000000000023
0.100000000000023
0.0130000000015116
0.0869999999985112
0.100000000000023
0.100000000000023
0.100000000000023
0.100000000000023
0.100000000000023
0.100000000000023
0.100000000000023
0.100000000000023
0.100000000000023
0.0730000000012865
0.0269999999987363
0.100000000000023
0.100000000000023
0.100000000000023
0.100000000000023
0.100000000000023
0.100000000000023
0.100000000000023
0.100000000000023
0.100000000000023
0.100000000000023
0.0330000000010386
0.0669999999989841
0.100000000000023
0.100000000000023
0.100000000000023
0.100000000000023
0.100000000000023
0.100000000000023
0.100000000000023
0.100000000000023
0.100000000000023
0.0730000000008317
0.026999999999191
0.100000000000023
0.100000000000023
0.100000000000023
0.100000000000023
0.100000000000023
0.100000000000023
0.100000000000023
0.100000000000023
0.100000000000023
0.100000000000023
0.023000000000593
0.0769999999994297
0.100000000000023
0.100000000000023
0.100000000000023
0.100000000000023
0.100000000000023
0.100000000000023
0.100000000000023
0.100000000000023
0.100000000000023
0.0930000000003588
0.00699999999966394
0.100000000000023
0.100000000000023
0.100000000000023
0.100000000000023
0.100000000000023
0.100000000000023
0.100000000000023
0.100000000000023
0.100000000000023
0.100000000000023
0.0730000000000928
0.02699999999993
0.100000000000023
0.100000000000023
0.100000000000023
0.100000000000023
0.100000000000023
0.100000000000023
0.100000000000023
0.100000000000023
0.100000000000023
0.100000000000023
0.022999999999854
0.0770000000001687
0.100000000000023
0.100000000000023
0.100000000000023
0.100000000000023
0.100000000000023
0.100000000000023
0.100000000000023
0.100000000000023
0.100000000000023
0.0829999999996289
0.0170000000003938
0.100000000000023
0.100000000000023
0.100000000000023
0.100000000000023
0.100000000000023
0.100000000000023
0.100000000000023
0.100000000000023
0.100000000000023
0.100000000000023
0.00899999999938927
0.0910000000006335
0.100000000000023
0.100000000000023
0.100000000000023
0.100000000000023
0.100000000000023
0.100000000000023
0.100000000000023
0.100000000000023
0.100000000000023
0.0469999999991728
0.0530000000008499
0.100000000000023
0.100000000000023
0.100000000000023
0.100000000000023
0.100000000000023
0.100000000000023
0.100000000000023
0.100000000000023
0.100000000000023
0.0809999999989373
0.0190000000010855
0.100000000000023
0.100000000000023
0.100000000000023
0.100000000000023
0.100000000000023
0.100000000000023
0.100000000000023
0.100000000000023
0.100000000000023
0.0889999999986912
0.0110000000013315
0.100000000000023
0.100000000000023
0.100000000000023
0.100000000000023
0.100000000000023
0.100000000000023
0.100000000000023
0.100000000000023
0.100000000000023
0.0909999999984734
0.00900000000154932
0.100000000000023
0.100000000000023
0.100000000000023
0.100000000000023
0.100000000000023
0.100000000000023
0.100000000000023
0.100000000000023
0.100000000000023
0.100000000000023
0.0129999999982147
0.0870000000018081
0.100000000000023
0.100000000000023
0.100000000000023
0.100000000000023
0.100000000000023
0.100000000000023
0.100000000000023
0.100000000000023
0.100000000000023
0.05699999999797
1.04399999999998
1.04399999999998
NaN
NaN
NaN
NaN
NaN
NaN
NaN
NaN
NaN
NaN
NaN
NaN
NaN
NaN
NaN
NaN
NaN
NaN
NaN
NaN
NaN
NaN
NaN
NaN
NaN
NaN
NaN
NaN
NaN
NaN
NaN
NaN
NaN
NaN
NaN
NaN
NaN
NaN
NaN
NaN
NaN
NaN
NaN
NaN
