0.196
0.4
0.236
0.164
0.4
0.288
0.112
0.4
0.358000000000001
0.0419999999999994
0.4
0.4
0.0120000000000005
0.388
0.4
0.0659999999999998
0.334000000000001
0.4
0.117999999999999
0.282000000000001
0.4
0.161999999999999
0.238000000000001
0.4
0.185999999999998
0.214000000000002
0.4
0.201999999999998
0.198000000000002
0.4
0.183999999999997
0.216000000000003
0.4
0.171999999999997
0.228000000000003
0.4
0.143999999999997
0.256000000000004
0.4
0.169999999999996
0.230000000000004
0.4
0.183999999999996
0.216000000000005
0.4
0.223999999999995
0.176000000000005
0.4
0.281999999999995
0.118000000000006
0.4
0.373999999999993
0.0260000000000069
0.4
0.4
0.0699999999999932
0.330000000000007
0.399999999999999
0.145999999999994
0.254000000000005
0.399999999999999
0.209999999999997
0.190000000000001
0.399999999999999
0.236000000000001
0.163999999999998
0.399999999999999
0.234000000000002
0.165999999999997
0.399999999999999
0.266000000000005
0.133999999999993
0.399999999999999
0.270000000000007
0.129999999999992
0.399999999999999
0.30800000000001
0.0919999999999881
0.399999999999999
0.344000000000012
0.0559999999999867
0.399999999999999
0.378000000000014
0.0219999999999843
0.399999999999999
0.399999999999999
0.0400000000000169
0.359999999999982
0.399999999999999
0.100000000000019
0.299999999999979
0.399999999999999
0.178000000000022
0.221999999999976
0.399999999999999
0.216000000000026
0.183999999999973
0.399999999999999
0.246000000000027
0.153999999999971
0.399999999999999
0.230000000000029
0.16999999999997
0.399999999999999
0.282000000000032
0.117999999999967
0.399999999999999
0.328000000000035
0.0719999999999636
0.399999999999999
0.399999999999999
0.00600000000003931
0.393999999999959
0.399999999999999
0.0840000000000423
0.315999999999956
0.399999999999999
0.148000000000046
0.251999999999953
0.399999999999999
0.196000000000048
0.203999999999951
0.399999999999999
0.18600000000005
0.213999999999949
0.399999999999999
0.176000000000052
0.223999999999947
0.399999999999999
0.172000000000054
0.227999999999945
0.399999999999999
0.218000000000053
0.181999999999945
0.399999999999999
0.266000000000055
0.133999999999943
0.399999999999999
0.34600000000006
0.0539999999999381
0.399999999999999
0.399999999999999
0.00400000000006173
0.395999999999937
0.399999999999999
0.0500000000000611
0.349999999999937
0.399999999999999
0.054000000000066
0.345999999999933
0.399999999999999
0.102000000000068
0.297999999999931
0.399999999999999
0.10400000000007
0.295999999999928
0.399999999999999
0.126000000000076
0.273999999999923
0.399999999999999
0.154000000000082
0.245999999999917
0.399999999999999
0.186000000000085
0.213999999999913
0.399999999999999
0.19600000000009
0.203999999999908
0.399999999999999
0.200000000000095
0.199999999999903
0.399999999999999
0.170000000000101
0.229999999999897
0.399999999999999
0.138000000000105
0.261999999999894
0.399999999999999
0.114000000000111
0.285999999999888
0.399999999999999
0.120000000000111
0.279999999999887
0.399999999999999
0.140000000000114
0.259999999999884
0.399999999999999
0.172000000000118
0.227999999999881
0.399999999999999
0.204000000000121
0.195999999999877
0.399999999999999
0.234000000000123
0.165999999999876
0.399999999999999
0.254000000000126
0.145999999999873
0.399999999999999
0.274000000000129
0.12599999999987
0.399999999999999
0.296000000000134
0.103999999999864
0.399999999999999
0.348000000000134
0.0519999999998646
0.399999999999999
0.399999999999999
0.00800000000013767
0.391999999999861
0.399999999999999
0.054000000000137
0.345999999999862
0.399999999999999
0.100000000000136
0.299999999999862
0.399999999999999
0.154000000000138
0.24599999999986
0.399999999999999
0.192000000000142
0.207999999999856
0.399999999999999
0.220000000000148
0.179999999999851
0.399999999999999
0.242000000000154
0.157999999999845
0.399999999999999
0.262000000000157
0.137999999999842
0.399999999999999
0.270000000000167
0.129999999999839
0.400000000000006
0.242000000000161
0.157999999999845
0.400000000000006
0.20400000000015
0.195999999999856
0.400000000000006
0.168000000000134
0.231999999999871
0.400000000000006
0.180000000000121
0.219999999999885
0.400000000000006
0.206000000000103
0.193999999999903
0.400000000000006
0.290000000000092
0.109999999999914
0.400000000000006
0.384000000000086
0.0159999999999201
0.400000000000006
0.400000000000006
0.0800000000000693
0.319999999999936
0.400000000000006
0.162000000000063
0.237999999999943
0.400000000000006
0.216000000000051
0.183999999999955
0.400000000000006
0.270000000000039
0.129999999999967
0.400000000000006
0.320000000000022
0.0799999999999841
0.400000000000006
0.310000000000016
0.0899999999999892
0.400000000000006
0.300000000000011
0.0999999999999943
0.400000000000006
0.262
0.138000000000005
0.400000000000006
0.217999999999989
0.182000000000016
0.400000000000006
0.165999999999983
0.234000000000023
0.400000000000006
0.163999999999973
0.236000000000033
0.400000000000006
0.19999999999996
0.200000000000045
0.400000000000006
0.285999999999945
0.114000000000061
0.400000000000006
0.369999999999933
0.0300000000000722
0.400000000000006
0.400000000000006
0.0539999999999168
0.346000000000089
0.400000000000006
0.113999999999905
0.286000000000101
0.400000000000006
0.123999999999896
0.27600000000011
0.400000000000006
0.123999999999882
0.276000000000124
0.400000000000006
0.119999999999877
0.280000000000129
0.400000000000006
0.0939999999998662
0.306000000000139
0.400000000000006
0.0599999999998602
0.340000000000146
0.400000000000006
0.0699999999998511
0.330000000000155
0.400000000000006
0.0759999999998371
0.324000000000169
0.400000000000006
0.103999999999829
0.296000000000177
0.400000000000006
0.151999999999816
0.248000000000189
0.400000000000006
0.201999999999799
0.198000000000206
0.400000000000006
0.221999999999781
0.178000000000225
0.400000000000006
0.203999999999766
0.19600000000024
0.400000000000006
0.15599999999975
0.244000000000256
0.400000000000006
0.109999999999744
0.290000000000262
0.400000000000006
0.0579999999997369
0.342000000000269
0.400000000000006
0.039999999999722
0.360000000000284
0.400000000000006
0.0359999999997171
0.364000000000289
0.400000000000006
0.0499999999996987
0.350000000000307
0.400000000000006
0.0599999999996896
0.340000000000316
0.400000000000006
0.0659999999996757
0.33400000000033
0.400000000000006
0.0719999999996617
0.328000000000344
0.400000000000006
0.0819999999996526
0.318000000000353
0.400000000000006
0.099999999999639
0.300000000000367
0.400000000000006
0.10999999999963
0.290000000000376
0.400000000000006
0.10799999999962
0.292000000000385
0.400000000000006
0.0979999999996153
0.30200000000039
0.400000000000006
0.0799999999996004
0.320000000000405
0.400000000000006
0.0659999999995904
0.334000000000415
0.400000000000006
0.0559999999995853
0.34400000000042
0.400000000000006
0.0599999999995759
0.34000000000043
0.400000000000006
0.0539999999995615
0.346000000000444
0.400000000000006
0.0459999999995517
0.354000000000454
0.400000000000006
0.0319999999995417
0.368000000000464
0.400000000000006
0.0139999999995268
0.386000000000479
0.383999999999517
0.0160000000004885
0.400000000000006
0.367999999999512
0.0320000000004939
0.400000000000006
0.345999999999506
0.0540000000004994
0.400000000000006
0.325999999999496
0.0740000000005097
0.400000000000006
0.30399999999949
0.0960000000005152
0.400000000000006
0.263999999999484
0.136000000000521
0.400000000000006
0.221999999999468
0.178000000000537
0.400000000000006
0.169999999999462
0.230000000000544
0.400000000000006
0.165999999999457
0.234000000000549
0.400000000000006
0.151999999999447
0.248000000000559
0.400000000000006
0.193999999999434
0.206000000000572
0.400000000000006
0.229999999999421
0.170000000000584
0.400000000000006
0.293999999999414
0.106000000000591
0.400000000000006
0.353999999999402
0.0460000000006033
0.400000000000006
0.400000000000006
0.00199999999938427
0.398000000000621
0.400000000000006
0.0539999999993768
0.346000000000629
0.400000000000006
0.0519999999993672
0.348000000000638
0.400000000000006
0.0339999999993523
0.366000000000653
0.385999999999342
0.0140000000006637
0.400000000000006
0.337999999999326
0.0620000000006797
0.400000000000006
0.279999999999319
0.120000000000687
0.400000000000006
0.241999999999308
0.158000000000698
0.400000000000006
0.239999999999299
0.160000000000707
0.400000000000006
0.213999999999288
0.186000000000718
0.400000000000006
0.213999999999288
0.186000000000718
0.400000000000006
0.211999999999279
0.188000000000727
0.400000000000006
0.195999999999259
0.204000000000747
0.400000000000006
0.149999999999238
0.250000000000767
0.400000000000006
0.133999999999219
0.266000000000787
0.400000000000006
0.0919999999992172
0.308000000000789
0.400000000000006
0.0919999999992172
0.308000000000789
0.400000000000006
0.0739999999992165
0.326000000000789
0.400000000000006
0.0759999999991976
0.324000000000808
0.400000000000006
0.0939999999991983
0.306000000000807
0.400000000000006
0.123999999999199
0.276000000000806
0.400000000000006
0.143999999999181
0.256000000000824
0.400000000000006
0.149999999999181
0.250000000000824
0.400000000000006
0.159999999999172
0.240000000000833
0.400000000000006
0.181999999999164
0.218000000000842
0.400000000000006
0.211999999999165
0.188000000000841
0.400000000000006
0.263999999999157
0.136000000000848
0.400000000000006
0.30999999999915
0.0900000000008561
0.400000000000006
0.375999999999152
0.0240000000008536
0.400000000000006
0.400000000000006
0.0699999999991405
0.330000000000865
0.400000000000006
0.119999999999123
0.280000000000882
0.400000000000006
0.165999999999116
0.23400000000089
0.400000000000006
0.157999999999106
0.2420000000009
0.400000000000006
0.151999999999106
0.2480000000009
0.400000000000006
0.183999999999088
0.216000000000918
0.400000000000006
0.187999999999079
0.212000000000927
0.400000000000006
0.199999999999079
0.200000000000927
0.400000000000006
0.247999999999081
0.152000000000925
0.400000000000006
0.305999999999074
0.094000000000932
0.400000000000006
0.359999999999076
0.04000000000093
0.400000000000006
0.400000000000006
0.00399999999905276
0.396000000000953
0.400000000000006
0.0559999999990453
0.34400000000096
0.400000000000006
0.113999999999038
0.286000000000968
0.400000000000006
0.193999999999022
0.206000000000984
0.400000000000006
0.253999999999024
0.146000000000981
0.400000000000006
0.291999999999007
0.108000000000999
0.400000000000006
0.261999999999006
0.138000000001
0.400000000000006
0.241999999998995
0.15800000000101
0.400000000000006
0.265999999998996
0.134000000001009
0.400000000000006
0.293999999998988
0.106000000001018
0.400000000000006
0.295999999998969
0.104000000001037
0.400000000000006
0.31799999999896
0.0820000000010452
0.400000000000006
0.351999999998952
0.0480000000010534
0.400000000000006
0.393999999998954
0.00600000000105183
0.400000000000006
0.400000000000006
0.04199999999895
0.358000000001056
0.400000000000006
0.103999999998933
0.296000000001072
0.400000000000006
0.123999999998915
0.27600000000109
0.400000000000006
0.111999999998915
0.288000000001091
0.400000000000006
0.127999999998906
0.2720000000011
0.400000000000006
0.0799999999989041
0.320000000001102
0.400000000000006
0.0359999999988929
0.364000000001113
0.365999999998877
0.0340000000011287
0.400000000000006
0.311999999998875
0.0880000000011307
0.400000000000006
0.263999999998873
0.136000000001133
0.400000000000006
0.239999999998872
0.160000000001133
0.400000000000006
0.243999999998863
0.156000000001143
0.400000000000006
0.249999999998863
0.150000000001143
0.400000000000006
0.247999999998854
0.152000000001152
0.400000000000006
0.245999999998844
0.154000000001162
0.400000000000006
0.229999999998824
0.170000000001181
0.400000000000006
0.177999999998804
0.222000000001202
0.400000000000006
0.143999999998783
0.256000000001222
0.400000000000006
0.0959999999987815
0.304000000001224
0.400000000000006
0.093999999998772
0.306000000001234
0.400000000000006
0.0739999999987617
0.326000000001244
0.400000000000006
0.0579999999987422
0.342000000001264
0.400000000000006
0.013999999998731
0.386000000001275
0.375999999998726
0.0240000000012799
0.400000000000006
0.375999999998726
0.0240000000012799
0.400000000000006
0.357999999998725
0.0420000000012806
0.400000000000006
0.353999999998706
0.0460000000012997
0.400000000000006
0.351999999998696
0.0480000000013092
0.400000000000006
0.337999999998686
0.0620000000013192
0.400000000000006
0.291999999998666
0.10800000000134
0.400000000000006
0.287999999998647
0.112000000001359
0.400000000000006
0.239999999998645
0.160000000001361
0.400000000000006
0.189999999998633
0.210000000001372
0.400000000000006
0.141999999998632
0.258000000001374
0.400000000000006
0.0739999999986196
0.326000000001386
0.400000000000006
0.0519999999985998
0.348000000001406
0.400000000000006
0.0279999999985989
0.372000000001407
0.399999999998585
1.4210854715202e-12
0.400000000000006
0.391999999998575
0.00800000000143086
0.400000000000006
0.379999999998574
0.0200000000014313
0.400000000000006
0.35099999999855
0.0490000000014561
0.400000000000006
0.304999999998529
0.0950000000014768
0.400000000000006
0.250999999998527
0.149000000001479
0.400000000000006
0.208999999998525
0.19100000000148
0.400000000000006
0.190999999998525
0.209000000001481
0.400000000000006
0.172999999998524
0.227000000001482
0.400000000000006
0.180999999998505
0.2190000000015
0.400000000000006
0.196999999998496
0.203000000001509
0.400000000000006
0.170999999998486
0.22900000000152
0.400000000000006
0.140999999998485
0.259000000001521
0.400000000000006
0.106999999998465
0.293000000001541
0.400000000000006
0.090999999998445
0.309000000001561
0.400000000000006
0.090999999998445
0.309000000001561
0.400000000000006
0.108999999998446
0.29100000000156
0.400000000000006
0.112999999998436
0.287000000001569
0.400000000000006
0.160999999998438
0.239000000001568
0.400000000000006
0.190999999998439
0.209000000001566
0.400000000000006
0.210999999998421
0.189000000001585
0.400000000000006
0.184999999998411
0.215000000001595
0.400000000000006
0.179999999998387
0.220000000001619
0.400000000000006
0.174999999998363
0.225000000001643
0.400000000000006
0.172999999998353
0.227000000001652
0.400000000000006
0.192999999998335
0.207000000001671
0.400000000000006
0.200999999998317
0.199000000001689
0.400000000000006
0.218999999998317
0.181000000001688
0.400000000000006
0.218999999998317
0.181000000001688
0.400000000000006
0.200999999998317
0.199000000001689
0.400000000000006
0.212999999998317
0.187000000001689
0.400000000000006
0.226999999998299
0.173000000001707
0.400000000000006
0.24899999999829
0.151000000001716
0.400000000000006
0.266999999998291
0.133000000001715
0.400000000000006
0.24299999999829
0.157000000001716
0.400000000000006
0.22899999999828
0.171000000001726
0.400000000000006
0.244999999998271
0.155000000001735
0.400000000000006
0.254999999998262
0.145000000001744
0.400000000000006
0.264999999998253
0.135000000001753
0.400000000000006
0.282999999998253
0.117000000001752
0.400000000000006
0.302999999998235
0.0970000000017706
0.400000000000006
0.306999999998226
0.0930000000017799
0.400000000000006
0.278999999998206
0.1210000000018
0.400000000000006
0.242999999998204
0.157000000001801
0.400000000000006
0.186999999998193
0.213000000001813
0.400000000000006
0.130999999998181
0.269000000001824
0.400000000000006
0.128999999998172
0.271000000001834
0.400000000000006
0.130999999998153
0.269000000001853
0.400000000000006
0.156999999998135
0.243000000001871
0.400000000000006
0.212999999998118
0.187000000001888
0.400000000000006
0.270999999998111
0.129000000001895
0.400000000000006
0.320999999998094
0.079000000001912
0.400000000000006
0.358999999998076
0.0410000000019295
0.400000000000006
0.336999999998056
0.0630000000019493
0.400000000000006
0.314999999998037
0.0850000000019691
0.400000000000006
0.284999999998035
0.11500000000197
0.400000000000006
0.278999999998035
0.12100000000197
0.400000000000006
0.258999999998025
0.141000000001981
0.400000000000006
0.234999999998024
0.165000000001982
0.400000000000006
0.170999999998003
0.229000000002003
0.400000000000006
0.154999999997983
0.245000000002022
0.400000000000006
0.124999999997982
0.275000000002024
0.400000000000006
0.0549999999979605
0.345000000002045
0.400000000000006
0.0629999999979418
0.337000000002064
0.400000000000006
0.0789999999979329
0.321000000002073
0.400000000000006
0.0969999999979336
0.303000000002072
0.400000000000006
0.0969999999979336
0.303000000002072
0.400000000000006
0.0629999999979134
0.337000000002092
0.400000000000006
0.0729999999979043
0.327000000002101
0.400000000000006
0.0929999999978861
0.30700000000212
0.400000000000006
0.134999999997888
0.265000000002118
0.400000000000006
0.18699999999788
0.213000000002125
0.400000000000006
0.280999999997874
0.119000000002131
0.400000000000006
0.342999999997858
0.057000000002148
0.400000000000006
0.38899999999785
0.0110000000021557
0.400000000000006
0.400000000000006
0.0209999999978265
0.379000000002179
0.400000000000006
0.0489999999978181
0.351000000002159
0.399999999999977
0.0949999999978672
0.30500000000211
0.399999999999977
0.112999999997896
0.287000000002081
0.399999999999977
0.0949999999979241
0.305000000002053
0.399999999999977
0.07099999999798
0.329000000001997
0.399999999999977
0.0509999999979982
0.349000000001979
0.399999999999977
0.0689999999980273
0.33100000000195
0.399999999999977
0.074999999998056
0.325000000001921
0.399999999999977
0.0849999999981037
0.315000000001874
0.399999999999977
0.110999999998171
0.289000000001806
0.399999999999977
0.120999999998219
0.279000000001759
0.399999999999977
0.0989999999982842
0.301000000001693
0.399999999999977
0.0889999999983502
0.311000000001627
0.399999999999977
0.128999999998371
0.271000000001607
0.399999999999977
0.166999999998438
0.233000000001539
0.399999999999977
0.192999999998506
0.207000000001472
0.399999999999977
0.214999999998554
0.185000000001423
0.399999999999977
0.242999999998574
0.157000000001403
0.399999999999977
0.210999999998592
0.189000000001386
0.399999999999977
0.192999999998619
0.207000000001358
0.399999999999977
0.188999999998657
0.21100000000132
0.399999999999977
0.174999999998704
0.225000000001273
0.399999999999977
0.16499999999877
0.235000000001207
0.399999999999977
0.154999999998836
0.245000000001141
0.399999999999977
0.134999999998854
0.265000000001123
0.399999999999977
0.0889999999989186
0.311000000001059
0.399999999999977
0.0569999999989363
0.343000000001041
0.399999999999977
0.0589999999990027
0.341000000000975
0.399999999999977
0.02899999999903
0.371000000000947
0.399999999999977
0.0289999999990869
0.37100000000089
0.399999999999977
0.0289999999991437
0.371000000000834
0.399999999999977
0.0309999999992101
0.369000000000767
0.399999999999977
0.0329999999992765
0.367000000000701
0.390999999999281
0.00900000000069667
0.399999999999977
0.348999999999307
0.0510000000006698
0.399999999999977
0.348999999999364
0.051000000000613
0.399999999999977
0.328999999999382
0.0710000000005948
0.399999999999977
0.32699999999943
0.0730000000005475
0.399999999999977
0.338999999999487
0.0610000000004902
0.399999999999977
0.354999999999507
0.0450000000004707
0.399999999999977
0.362999999999545
0.0370000000004325
0.399999999999977
0.366999999999564
0.0330000000004134
0.399999999999977
0.3269999999996
0.073000000000377
0.399999999999977
0.292999999999665
0.107000000000312
0.399999999999977
0.282999999999731
0.117000000000246
0.399999999999977
0.250999999999749
0.149000000000228
0.399999999999977
0.298999999999808
0.10100000000017
0.399999999999977
0.296999999999855
0.103000000000122
0.399999999999977
0.324999999999875
0.0750000000001023
0.399999999999977
0.348999999999933
0.0510000000000446
0.399999999999977
0.390999999999963
0.00900000000001455
0.399999999999977
0.399999999999977
0.0110000000000241
0.388999999999953
0.377000000000066
0.0229999999999109
0.399999999999977
0.383000000000095
0.0169999999998822
0.399999999999977
0.389000000000124
0.0109999999998536
0.399999999999977
0.395000000000152
0.00499999999982492
0.399999999999977
0.399999999999977
0.00100000000020373
0.398999999999774
0.399999999999977
0.00700000000023238
NaN
NaN
NaN
NaN
NaN
NaN
NaN
NaN
NaN
NaN
NaN
NaN
NaN
NaN
NaN
NaN
NaN
NaN
NaN
NaN
NaN
NaN
NaN
NaN
NaN
NaN
NaN
NaN
NaN
NaN
NaN
NaN
NaN
NaN
NaN
NaN
NaN
NaN
NaN
NaN
NaN
NaN
NaN
NaN
NaN
NaN
NaN
NaN
NaN
NaN
NaN
NaN
NaN
NaN
NaN
NaN
NaN
NaN
NaN
NaN
NaN
NaN
NaN
NaN
NaN
NaN
NaN
NaN
NaN
NaN
NaN
NaN
NaN
NaN
NaN
NaN
NaN
NaN
NaN
NaN
NaN
NaN
NaN
NaN
NaN
NaN
NaN
NaN
NaN
NaN
NaN
NaN
NaN
NaN
NaN
NaN
NaN
NaN
NaN
NaN
NaN
NaN
NaN
NaN
NaN
NaN
NaN
NaN
NaN
NaN
NaN
NaN
NaN
NaN
NaN
NaN
NaN
NaN
NaN
NaN
NaN
NaN
NaN
NaN
NaN
NaN
NaN
NaN
NaN
NaN
NaN
NaN
NaN
NaN
NaN
NaN
NaN
NaN
NaN
NaN
NaN
NaN
NaN
NaN
NaN
NaN
NaN
NaN
NaN
NaN
NaN
NaN
NaN
NaN
NaN
NaN
NaN
NaN
NaN
NaN
NaN
NaN
NaN
NaN
NaN
NaN
NaN
NaN
NaN
NaN
NaN
NaN
NaN
NaN
NaN
NaN
NaN
NaN
NaN
NaN
NaN
NaN
NaN
NaN
NaN
NaN
NaN
NaN
NaN
NaN
NaN
NaN
NaN
NaN
NaN
NaN
NaN
NaN
NaN
NaN
NaN
NaN
NaN
NaN
NaN
NaN
NaN
NaN
NaN
NaN
NaN
NaN
NaN
NaN
NaN
NaN
NaN
NaN
NaN
NaN
NaN
NaN
NaN
NaN
NaN
NaN
NaN
NaN
NaN
NaN
NaN
NaN
NaN
NaN
NaN
NaN
NaN
NaN
NaN
NaN
NaN
NaN
NaN
NaN
NaN
NaN
NaN
NaN
NaN
NaN
NaN
NaN
NaN
NaN
NaN
NaN
NaN
NaN
NaN
NaN
NaN
NaN
NaN
NaN
NaN
NaN
NaN
NaN
NaN
NaN
NaN
NaN
NaN
NaN
NaN
NaN
NaN
NaN
NaN
NaN
NaN
NaN
NaN
NaN
NaN
NaN
NaN
NaN
NaN
NaN
NaN
NaN
NaN
NaN
NaN
NaN
NaN
NaN
NaN
NaN
NaN
NaN
NaN
NaN
NaN
NaN
NaN
NaN
NaN
NaN
NaN
NaN
NaN
NaN
NaN
NaN
NaN
NaN
NaN
NaN
NaN
NaN
NaN
NaN
NaN
NaN
NaN
NaN
NaN
NaN
NaN
NaN
NaN
NaN
NaN
NaN
NaN
NaN
NaN
NaN
NaN
NaN
NaN
NaN
NaN
NaN
NaN
NaN
NaN
NaN
NaN
NaN
NaN
NaN
NaN
NaN
NaN
NaN
NaN
NaN
NaN
NaN
NaN
NaN
NaN
NaN
NaN
NaN
NaN
NaN
NaN
NaN
NaN
NaN
NaN
NaN
NaN
NaN
NaN
NaN
NaN
NaN
NaN
NaN
NaN
NaN
NaN
NaN
NaN
NaN
NaN
NaN
NaN
NaN
NaN
NaN
NaN
NaN
NaN
NaN
NaN
NaN
NaN
NaN
NaN
NaN
NaN
NaN
NaN
NaN
NaN
NaN
NaN
NaN
NaN
NaN
NaN
NaN
NaN
NaN
NaN
NaN
NaN
NaN
NaN
NaN
NaN
NaN
NaN
NaN
NaN
NaN
NaN
NaN
NaN
NaN
NaN
NaN
NaN
NaN
NaN
NaN
NaN
NaN
NaN
NaN
NaN
NaN
NaN
NaN
NaN
NaN
NaN
NaN
NaN
NaN
NaN
NaN
NaN
NaN
NaN
NaN
NaN
NaN
NaN
NaN
NaN
NaN
NaN
NaN
NaN
NaN
NaN
NaN
NaN
NaN
NaN
NaN
NaN
NaN
NaN
NaN
NaN
NaN
NaN
NaN
NaN
NaN
NaN
NaN
NaN
NaN
NaN
NaN
NaN
NaN
NaN
NaN
NaN
NaN
NaN
NaN
NaN
NaN
NaN
NaN
NaN
NaN
NaN
NaN
NaN
NaN
NaN
NaN
NaN
NaN
NaN
NaN
NaN
NaN
NaN
NaN
NaN
NaN
NaN
NaN
NaN
NaN
NaN
NaN
NaN
NaN
NaN
NaN
NaN
NaN
NaN
NaN
NaN
NaN
NaN
NaN
NaN
NaN
NaN
NaN
NaN
NaN
NaN
NaN
NaN
NaN
NaN
NaN
NaN
NaN
NaN
NaN
NaN
NaN
NaN
NaN
NaN
NaN
NaN
NaN
NaN
NaN
NaN
NaN
NaN
NaN
NaN
NaN
NaN
NaN
NaN
NaN
NaN
NaN
NaN
NaN
NaN
NaN
NaN
NaN
NaN
NaN
NaN
NaN
NaN
NaN
NaN
NaN
NaN
NaN
NaN
NaN
NaN
NaN
NaN
NaN
NaN
NaN
NaN
NaN
NaN
NaN
NaN
NaN
NaN
NaN
NaN
NaN
NaN
NaN
NaN
NaN
NaN
NaN
NaN
NaN
NaN
NaN
NaN
NaN
NaN
NaN
NaN
NaN
NaN
NaN
NaN
NaN
NaN
NaN
NaN
NaN
NaN
NaN
NaN
NaN
NaN
NaN
NaN
NaN
NaN
NaN
NaN
NaN
NaN
NaN
NaN
NaN
NaN
NaN
NaN
NaN
NaN
NaN
NaN
NaN
NaN
NaN
NaN
NaN
NaN
NaN
NaN
NaN
NaN
NaN
NaN
NaN
NaN
NaN
NaN
NaN
NaN
NaN
NaN
NaN
NaN
NaN
NaN
NaN
NaN
NaN
NaN
NaN
NaN
NaN
NaN
NaN
NaN
NaN
NaN
NaN
NaN
NaN
NaN
NaN
NaN
NaN
NaN
NaN
NaN
NaN
NaN
NaN
NaN
NaN
NaN
NaN
NaN
NaN
NaN
NaN
NaN
NaN
NaN
NaN
NaN
NaN
NaN
NaN
NaN
NaN
NaN
NaN
NaN
NaN
NaN
NaN
NaN
NaN
NaN
NaN
NaN
NaN
NaN
NaN
NaN
NaN
NaN
NaN
NaN
NaN
NaN
NaN
NaN
NaN
NaN
NaN
NaN
NaN
NaN
NaN
NaN
NaN
NaN
NaN
NaN
NaN
NaN
NaN
NaN
NaN
NaN
NaN
NaN
NaN
NaN
NaN
NaN
NaN
NaN
NaN
NaN
NaN
NaN
NaN
NaN
NaN
NaN
NaN
NaN
NaN
NaN
NaN
NaN
NaN
NaN
NaN
NaN
NaN
NaN
NaN
NaN
NaN
NaN
NaN
NaN
NaN
NaN
NaN
NaN
NaN
NaN
NaN
NaN
NaN
NaN
NaN
NaN
NaN
NaN
NaN
NaN
NaN
NaN
NaN
NaN
NaN
NaN
NaN
NaN
NaN
NaN
NaN
NaN
NaN
NaN
NaN
NaN
NaN
NaN
NaN
NaN
NaN
NaN
NaN
NaN
NaN
NaN
NaN
NaN
NaN
NaN
NaN
NaN
NaN
NaN
NaN
NaN
NaN
NaN
NaN
NaN
NaN
NaN
NaN
NaN
NaN
NaN
NaN
NaN
NaN
NaN
NaN
NaN
NaN
NaN
NaN
NaN
NaN
NaN
NaN
NaN
NaN
NaN
NaN
NaN
NaN
NaN
NaN
NaN
NaN
NaN
NaN
NaN
NaN
NaN
NaN
NaN
NaN
NaN
NaN
NaN
NaN
NaN
NaN
NaN
NaN
NaN
NaN
NaN
NaN
NaN
NaN
NaN
NaN
NaN
NaN
NaN
NaN
NaN
NaN
NaN
NaN
NaN
NaN
NaN
NaN
NaN
NaN
NaN
NaN
NaN
NaN
NaN
NaN
NaN
NaN
NaN
NaN
NaN
NaN
NaN
NaN
NaN
NaN
NaN
NaN
NaN
NaN
NaN
NaN
NaN
NaN
NaN
NaN
NaN
NaN
NaN
NaN
NaN
NaN
NaN
NaN
NaN
NaN
NaN
NaN
NaN
NaN
NaN
NaN
NaN
NaN
NaN
NaN
NaN
NaN
NaN
NaN
NaN
NaN
NaN
NaN
NaN
NaN
NaN
NaN
NaN
NaN
NaN
NaN
NaN
NaN
NaN
NaN
NaN
NaN
NaN
NaN
NaN
NaN
NaN
NaN
NaN
NaN
NaN
NaN
NaN
NaN
NaN
NaN
NaN
NaN
NaN
NaN
NaN
NaN
NaN
NaN
NaN
NaN
NaN
NaN
NaN
NaN
NaN
NaN
NaN
NaN
NaN
NaN
NaN
NaN
NaN
NaN
NaN
NaN
NaN
NaN
NaN
NaN
NaN
NaN
NaN
NaN
NaN
NaN
NaN
NaN
NaN
NaN
NaN
NaN
NaN
NaN
NaN
NaN
NaN
NaN
NaN
NaN
NaN
NaN
NaN
NaN
NaN
NaN
NaN
NaN
NaN
NaN
NaN
NaN
NaN
NaN
NaN
NaN
NaN
NaN
NaN
NaN
NaN
NaN
NaN
NaN
NaN
NaN
NaN
NaN
NaN
NaN
NaN
NaN
NaN
NaN
NaN
NaN
NaN
NaN
NaN
NaN
NaN
NaN
NaN
NaN
NaN
NaN
NaN
NaN
NaN
NaN
NaN
NaN
NaN
NaN
NaN
NaN
NaN
NaN
NaN
NaN
NaN
NaN
NaN
NaN
NaN
NaN
NaN
NaN
NaN
NaN
NaN
NaN
NaN
NaN
NaN
NaN
NaN
NaN
NaN
NaN
NaN
NaN
NaN
NaN
NaN
NaN
NaN
NaN
NaN
NaN
NaN
NaN
NaN
NaN
NaN
NaN
NaN
NaN
NaN
NaN
NaN
NaN
NaN
NaN
NaN
NaN
NaN
NaN
NaN
NaN
NaN
NaN
NaN
NaN
NaN
NaN
NaN
NaN
NaN
NaN
NaN
NaN
NaN
NaN
NaN
NaN
NaN
NaN
NaN
NaN
NaN
NaN
NaN
NaN
NaN
NaN
NaN
NaN
NaN
NaN
NaN
NaN
NaN
NaN
NaN
NaN
NaN
NaN
NaN
NaN
NaN
NaN
NaN
NaN
NaN
NaN
NaN
NaN
NaN
NaN
NaN
NaN
NaN
NaN
NaN
NaN
NaN
NaN
NaN
NaN
NaN
NaN
NaN
NaN
NaN
NaN
NaN
NaN
NaN
NaN
NaN
NaN
NaN
NaN
NaN
NaN
NaN
NaN
NaN
NaN
NaN
NaN
NaN
NaN
NaN
NaN
NaN
NaN
NaN
NaN
NaN
NaN
NaN
NaN
NaN
NaN
NaN
NaN
NaN
NaN
NaN
NaN
NaN
NaN
NaN
NaN
NaN
NaN
NaN
NaN
NaN
NaN
NaN
NaN
NaN
NaN
NaN
NaN
NaN
NaN
NaN
NaN
NaN
NaN
NaN
NaN
NaN
NaN
NaN
NaN
NaN
NaN
NaN
NaN
NaN
NaN
NaN
NaN
NaN
NaN
NaN
NaN
NaN
NaN
NaN
NaN
NaN
NaN
NaN
NaN
NaN
NaN
NaN
NaN
NaN
NaN
NaN
NaN
NaN
NaN
NaN
NaN
NaN
NaN
NaN
NaN
NaN
NaN
NaN
NaN
NaN
NaN
NaN
NaN
NaN
NaN
NaN
NaN
NaN
NaN
NaN
NaN
NaN
NaN
NaN
NaN
NaN
NaN
NaN
NaN
NaN
NaN
NaN
NaN
NaN
NaN
NaN
NaN
NaN
NaN
NaN
NaN
NaN
NaN
NaN
NaN
NaN
NaN
NaN
NaN
NaN
NaN
NaN
NaN
NaN
NaN
NaN
NaN
NaN
NaN
NaN
NaN
NaN
NaN
NaN
NaN
NaN
NaN
NaN
NaN
NaN
NaN
NaN
NaN
NaN
NaN
NaN
NaN
NaN
NaN
NaN
NaN
NaN
NaN
NaN
NaN
NaN
NaN
NaN
NaN
NaN
NaN
NaN
NaN
NaN
NaN
NaN
NaN
NaN
NaN
NaN
NaN
NaN
NaN
NaN
NaN
NaN
NaN
NaN
NaN
NaN
NaN
NaN
NaN
NaN
NaN
NaN
NaN
NaN
NaN
NaN
NaN
NaN
NaN
NaN
NaN
NaN
NaN
NaN
NaN
NaN
NaN
NaN
NaN
NaN
NaN
NaN
NaN
NaN
NaN
NaN
NaN
NaN
NaN
NaN
NaN
NaN
NaN
NaN
NaN
NaN
NaN
NaN
NaN
NaN
NaN
NaN
NaN
NaN
NaN
NaN
NaN
NaN
NaN
NaN
NaN
NaN
NaN
NaN
NaN
NaN
NaN
NaN
NaN
NaN
NaN
NaN
NaN
NaN
NaN
NaN
NaN
NaN
NaN
NaN
NaN
NaN
NaN
NaN
NaN
NaN
NaN
NaN
NaN
NaN
NaN
NaN
NaN
NaN
NaN
NaN
NaN
NaN
NaN
NaN
NaN
NaN
NaN
NaN
NaN
NaN
NaN
NaN
NaN
NaN
NaN
NaN
NaN
NaN
NaN
NaN
NaN
NaN
NaN
NaN
NaN
NaN
NaN
NaN
NaN
NaN
NaN
NaN
NaN
NaN
NaN
NaN
NaN
NaN
NaN
NaN
NaN
NaN
NaN
NaN
NaN
NaN
NaN
NaN
NaN
NaN
NaN
NaN
NaN
NaN
NaN
NaN
NaN
NaN
NaN
NaN
NaN
NaN
NaN
NaN
NaN
NaN
NaN
NaN
NaN
NaN
NaN
NaN
NaN
NaN
NaN
NaN
NaN
NaN
NaN
NaN
NaN
NaN
NaN
NaN
NaN
NaN
NaN
NaN
NaN
NaN
NaN
NaN
NaN
NaN
NaN
NaN
NaN
NaN
NaN
NaN
NaN
NaN
NaN
NaN
NaN
NaN
NaN
NaN
NaN
NaN
NaN
NaN
NaN
NaN
NaN
NaN
NaN
NaN
NaN
NaN
NaN
NaN
NaN
NaN
NaN
NaN
NaN
NaN
NaN
NaN
NaN
NaN
NaN
NaN
NaN
NaN
NaN
NaN
NaN
NaN
NaN
NaN
NaN
NaN
NaN
NaN
NaN
NaN
NaN
NaN
NaN
NaN
NaN
NaN
NaN
NaN
NaN
NaN
NaN
NaN
NaN
NaN
NaN
NaN
NaN
NaN
NaN
NaN
NaN
NaN
NaN
NaN
NaN
NaN
NaN
NaN
NaN
NaN
NaN
NaN
NaN
NaN
NaN
NaN
NaN
NaN
NaN
NaN
NaN
NaN
NaN
NaN
NaN
NaN
NaN
NaN
NaN
NaN
NaN
NaN
NaN
NaN
NaN
NaN
NaN
NaN
NaN
NaN
NaN
NaN
NaN
NaN
NaN
NaN
NaN
NaN
NaN
NaN
NaN
NaN
NaN
NaN
NaN
NaN
NaN
NaN
NaN
NaN
NaN
NaN
NaN
NaN
NaN
NaN
NaN
NaN
NaN
NaN
NaN
NaN
NaN
NaN
NaN
NaN
NaN
NaN
NaN
NaN
NaN
NaN
NaN
NaN
NaN
NaN
NaN
NaN
NaN
NaN
NaN
NaN
NaN
NaN
NaN
NaN
NaN
NaN
NaN
NaN
NaN
NaN
NaN
NaN
NaN
NaN
NaN
NaN
NaN
NaN
NaN
NaN
NaN
NaN
NaN
NaN
NaN
NaN
NaN
NaN
NaN
NaN
NaN
NaN
NaN
NaN
NaN
NaN
NaN
NaN
NaN
NaN
NaN
NaN
NaN
NaN
NaN
NaN
NaN
NaN
NaN
NaN
NaN
NaN
NaN
NaN
NaN
NaN
NaN
NaN
NaN
NaN
NaN
NaN
NaN
NaN
NaN
NaN
NaN
NaN
NaN
NaN
NaN
NaN
NaN
NaN
NaN
NaN
NaN
NaN
NaN
NaN
NaN
NaN
NaN
NaN
NaN
NaN
NaN
NaN
NaN
NaN
NaN
NaN
NaN
NaN
NaN
NaN
NaN
NaN
NaN
NaN
NaN
NaN
NaN
NaN
NaN
NaN
NaN
NaN
NaN
NaN
NaN
NaN
NaN
NaN
NaN
NaN
NaN
NaN
NaN
NaN
NaN
NaN
NaN
NaN
NaN
NaN
NaN
NaN
NaN
NaN
NaN
NaN
NaN
NaN
NaN
NaN
NaN
NaN
NaN
NaN
NaN
NaN
NaN
NaN
NaN
NaN
NaN
NaN
NaN
NaN
NaN
NaN
NaN
NaN
NaN
NaN
NaN
NaN
NaN
NaN
NaN
NaN
NaN
NaN
NaN
NaN
NaN
NaN
NaN
NaN
NaN
NaN
NaN
NaN
NaN
NaN
NaN
NaN
NaN
NaN
NaN
NaN
NaN
NaN
NaN
NaN
NaN
NaN
NaN
NaN
NaN
NaN
NaN
NaN
NaN
NaN
NaN
NaN
NaN
NaN
NaN
NaN
NaN
NaN
NaN
NaN
NaN
NaN
NaN
NaN
NaN
NaN
NaN
NaN
NaN
NaN
NaN
NaN
NaN
NaN
NaN
NaN
NaN
NaN
NaN
NaN
NaN
NaN
NaN
NaN
NaN
NaN
NaN
NaN
NaN
NaN
NaN
NaN
NaN
NaN
NaN
NaN
NaN
NaN
NaN
NaN
NaN
NaN
NaN
NaN
NaN
NaN
NaN
NaN
NaN
NaN
NaN
NaN
NaN
NaN
NaN
NaN
NaN
NaN
NaN
NaN
NaN
NaN
NaN
NaN
NaN
NaN
NaN
NaN
NaN
NaN
NaN
NaN
NaN
NaN
NaN
NaN
NaN
NaN
NaN
NaN
NaN
NaN
NaN
NaN
NaN
NaN
NaN
NaN
NaN
NaN
NaN
NaN
NaN
NaN
NaN
NaN
NaN
NaN
NaN
NaN
NaN
NaN
NaN
NaN
NaN
NaN
NaN
NaN
NaN
NaN
NaN
NaN
NaN
NaN
NaN
NaN
NaN
NaN
NaN
NaN
NaN
NaN
NaN
NaN
NaN
NaN
NaN
NaN
NaN
NaN
NaN
NaN
NaN
NaN
NaN
NaN
NaN
NaN
NaN
NaN
NaN
NaN
NaN
NaN
NaN
NaN
NaN
NaN
NaN
NaN
NaN
NaN
NaN
NaN
NaN
NaN
NaN
NaN
NaN
NaN
NaN
NaN
NaN
NaN
NaN
NaN
NaN
NaN
NaN
NaN
NaN
NaN
NaN
NaN
NaN
NaN
NaN
NaN
NaN
NaN
NaN
NaN
NaN
NaN
NaN
NaN
NaN
NaN
NaN
NaN
NaN
NaN
NaN
NaN
NaN
NaN
NaN
NaN
NaN
NaN
NaN
NaN
NaN
NaN
NaN
NaN
NaN
NaN
NaN
NaN
NaN
NaN
NaN
NaN
NaN
NaN
NaN
NaN
NaN
NaN
NaN
NaN
NaN
NaN
NaN
NaN
NaN
NaN
NaN
NaN
NaN
NaN
NaN
NaN
NaN
NaN
NaN
NaN
NaN
NaN
NaN
NaN
NaN
NaN
NaN
NaN
NaN
NaN
NaN
NaN
NaN
NaN
NaN
NaN
NaN
NaN
NaN
NaN
NaN
NaN
NaN
NaN
NaN
NaN
NaN
NaN
NaN
NaN
NaN
NaN
NaN
NaN
NaN
NaN
NaN
NaN
NaN
NaN
NaN
NaN
NaN
NaN
NaN
NaN
NaN
NaN
NaN
NaN
NaN
NaN
NaN
NaN
NaN
NaN
NaN
NaN
NaN
NaN
NaN
NaN
NaN
NaN
NaN
NaN
NaN
NaN
NaN
NaN
NaN
NaN
NaN
NaN
NaN
NaN
NaN
NaN
NaN
NaN
