0.264
0.1
0.1
0.1
0.1
0.0639999999999996
0.0360000000000005
0.1
0.1
0.1
0.1
0.1
0.1
0.0839999999999992
0.0160000000000009
0.1
0.1
0.1
0.1
0.1
0.1
0.0959999999999983
0.00400000000000178
0.1
0.1
0.1
0.1
0.1
0.1
0.0999999999999974
0
0.1
0.1
0.1
0.1
0.0999999999999996
0.0999999999999996
0.0919999999999979
0.00800000000000178
0.0999999999999996
0.0999999999999996
0.0999999999999996
0.0999999999999996
0.0999999999999996
0.0999999999999996
0.0999999999999996
0.00400000000000045
0.0959999999999992
0.0999999999999996
0.0999999999999996
0.0999999999999996
0.0999999999999996
0.0999999999999996
0.0999999999999996
0.0999999999999996
0.0100000000000033
0.0899999999999963
0.0999999999999996
0.0999999999999996
0.0999999999999996
0.0999999999999996
0.0999999999999996
0.0999999999999996
0.0999999999999996
0.0999999999999996
0.0200000000000067
0.079999999999993
0.0999999999999996
0.0999999999999996
0.0999999999999996
0.0999999999999996
0.0999999999999996
0.0999999999999996
0.0999999999999996
0.0900000000000096
0.00999999999999002
0.0999999999999996
0.0999999999999996
0.0999999999999996
0.0999999999999996
0.100000000000001
0.0999999999999996
0.0999999999999996
0.0999999999999996
0.0860000000000127
0.0139999999999869
0.0999999999999996
0.0999999999999996
0.0999999999999996
0.0999999999999996
0.0999999999999996
0.0999999999999996
0.0999999999999996
0.0999999999999996
0.0940000000000154
0.00599999999998424
0.0999999999999996
0.0999999999999996
0.0999999999999996
0.0999999999999996
0.0999999999999996
0.0999999999999996
0.0999999999999996
0.0999999999999996
0.0780000000000189
0.0219999999999807
0.0999999999999996
0.0999999999999996
0.0999999999999996
0.0999999999999996
0.0999999999999996
0.0999999999999996
0.0999999999999996
0.0999999999999996
0.050000000000022
0.0499999999999776
0.0999999999999996
0.0999999999999996
0.0999999999999996
0.0999999999999996
0.0999999999999996
0.0999999999999996
0.0999999999999996
0.0999999999999996
0.0200000000000244
0.0799999999999752
0.0999999999999996
0.0999999999999996
0.0999999999999996
0.0999999999999996
0.0999999999999996
0.0999999999999996
0.0999999999999996
0.0760000000000272
0.0239999999999725
0.0999999999999996
0.0999999999999996
0.0999999999999996
0.0999999999999996
0.0999999999999996
0.0999999999999996
0.0999999999999996
0.0999999999999996
0.00200000000003087
0.0979999999999688
0.0999999999999996
0.0999999999999996
0.0999999999999996
0.0999999999999996
0.0999999999999996
0.0999999999999996
0.0999999999999996
3.37507799486048e-14
0.0999999999999659
0.0999999999999996
0.0999999999999996
0.0999999999999996
0.0999999999999996
0.0999999999999996
0.0999999999999996
0.0720000000000365
0.0279999999999632
0.0999999999999996
0.0999999999999996
0.0999999999999996
0.0999999999999996
0.0999999999999996
0.0999999999999996
0.0999999999999996
0.0260000000000389
0.0739999999999625
0.100000000000001
0.100000000000001
0.100000000000001
0.100000000000001
0.100000000000001
0.100000000000001
0.100000000000001
0.0260000000000282
0.0739999999999732
0.100000000000001
0.100000000000001
0.100000000000001
0.100000000000001
0.100000000000001
0.100000000000001
0.100000000000001
0.0200000000000173
0.0799999999999841
0.100000000000001
0.100000000000001
0.100000000000001
0.100000000000001
0.100000000000001
0.100000000000001
0.100000000000001
0.0320000000000071
0.0679999999999943
0.100000000000001
0.100000000000001
0.100000000000001
0.100000000000001
0.100000000000001
0.100000000000001
0.100000000000001
0.0299999999999976
0.0700000000000038
0.100000000000001
0.100000000000001
0.100000000000001
0.100000000000001
0.100000000000001
0.100000000000001
0.100000000000001
0.0139999999999851
0.0860000000000163
0.100000000000001
0.100000000000001
0.100000000000001
0.100000000000001
0.100000000000001
0.100000000000001
0.100000000000001
0.00399999999997291
0.0960000000000285
0.100000000000001
0.100000000000001
0.100000000000001
0.100000000000001
0.100000000000001
0.100000000000001
0.0939999999999621
0.00600000000003931
0.100000000000001
0.100000000000001
0.100000000000001
0.100000000000001
0.100000000000001
0.100000000000001
0.100000000000001
0.100000000000001
0.0179999999999509
0.0820000000000505
0.100000000000001
0.100000000000001
0.100000000000001
0.100000000000001
0.100000000000001
0.100000000000001
0.100000000000001
0.0259999999999394
0.074000000000062
0.100000000000001
0.100000000000001
0.100000000000001
0.100000000000001
0.100000000000001
0.100000000000001
0.100000000000001
0.031999999999929
0.0680000000000724
0.100000000000001
0.100000000000001
0.100000000000001
0.100000000000001
0.100000000000001
0.100000000000001
0.100000000000001
0.00199999999991718
0.0980000000000842
0.100000000000001
0.100000000000001
0.100000000000001
0.100000000000001
0.100000000000001
0.100000000000001
0.0919999999999064
0.00800000000009504
0.100000000000001
0.100000000000001
0.100000000000001
0.100000000000001
0.100000000000001
0.100000000000001
0.100000000000001
0.0599999999998957
0.0400000000001057
0.100000000000001
0.100000000000001
0.100000000000001
0.100000000000001
0.100000000000001
0.100000000000001
0.100000000000001
0.0139999999998857
0.0860000000001158
0.100000000000001
0.100000000000001
0.100000000000001
0.100000000000001
0.100000000000001
0.100000000000001
0.045999999999875
0.0540000000001264
0.100000000000001
0.100000000000001
0.100000000000001
0.100000000000001
0.100000000000001
0.100000000000001
0.100000000000001
0.0159999999998632
0.0840000000001382
0.100000000000001
0.100000000000001
0.100000000000001
0.100000000000001
0.100000000000001
0.100000000000001
0.100000000000001
0.00399999999985212
0.0960000000001493
0.100000000000001
0.100000000000001
0.100000000000001
0.100000000000001
0.100000000000001
0.100000000000001
0.100000000000001
0.00399999999984146
0.09600000000016
0.100000000000001
0.100000000000001
0.100000000000001
0.100000000000001
0.100000000000001
0.100000000000001
0.100000000000001
0.0059999999998297
0.0940000000001717
0.100000000000001
0.100000000000001
0.100000000000001
0.100000000000001
0.100000000000001
0.100000000000001
0.100000000000001
0.0239999999998197
0.0760000000001817
0.0999999999999979
0.100000000000001
0.100000000000001
0.100000000000001
0.100000000000001
0.100000000000001
0.100000000000001
0.0319999999998117
0.0680000000001897
0.100000000000001
0.100000000000001
0.100000000000001
0.100000000000001
0.100000000000001
0.100000000000001
0.100000000000001
0.00599999999980128
0.0940000000002001
0.100000000000001
0.100000000000001
0.100000000000001
0.100000000000001
0.100000000000001
0.100000000000001
0.073999999999792
0.0260000000002094
0.100000000000001
0.100000000000001
0.100000000000001
0.100000000000001
0.100000000000001
0.100000000000001
0.100000000000001
0.0519999999997793
0.0480000000002221
0.100000000000001
0.100000000000001
0.100000000000001
0.100000000000001
0.100000000000001
0.100000000000001
0.100000000000001
0.0379999999997693
0.0620000000002321
0.100000000000001
0.100000000000001
0.100000000000001
0.100000000000001
0.100000000000001
0.100000000000001
0.100000000000001
0.0559999999997558
0.0440000000002456
0.100000000000001
0.100000000000001
0.100000000000001
0.100000000000001
0.100000000000001
0.100000000000001
0.100000000000001
0.0699999999997445
0.0300000000002569
0.100000000000001
0.100000000000001
0.100000000000001
0.100000000000001
0.100000000000001
0.100000000000001
0.100000000000001
0.0799999999997354
0.020000000000266
0.100000000000001
0.100000000000001
0.100000000000001
0.100000000000001
0.100000000000001
0.100000000000001
0.100000000000001
0.0599999999997252
0.0400000000002763
0.100000000000001
0.100000000000001
0.100000000000001
0.100000000000001
0.100000000000001
0.100000000000001
0.100000000000001
0.0359999999997171
0.0640000000002843
0.100000000000001
0.100000000000001
0.100000000000001
0.100000000000001
0.100000000000001
0.100000000000001
0.100000000000001
0.00799999999970424
0.0920000000002972
0.100000000000001
0.100000000000001
0.100000000000001
0.100000000000001
0.100000000000001
0.100000000000001
0.0619999999996921
0.0380000000003093
0.100000000000001
0.100000000000001
0.100000000000001
0.100000000000001
0.100000000000001
0.100000000000001
0.0899999999996837
0.0100000000003178
0.100000000000001
0.100000000000001
0.100000000000001
0.100000000000001
0.100000000000001
0.100000000000001
0.100000000000001
0.0179999999996738
0.0820000000003276
0.100000000000001
0.100000000000001
0.100000000000001
0.100000000000001
0.100000000000001
0.100000000000001
0.0459999999996654
0.054000000000336
0.100000000000001
0.100000000000001
0.100000000000001
0.100000000000001
0.100000000000001
0.100000000000001
0.100000000000001
0.0119999999996523
0.0880000000003491
0.100000000000001
0.100000000000001
0.100000000000001
0.100000000000001
0.100000000000001
0.100000000000001
0.089999999999641
0.0100000000003604
0.100000000000001
0.100000000000001
0.100000000000001
0.100000000000001
0.100000000000001
0.100000000000001
0.100000000000001
0.0839999999996266
0.0160000000003748
0.100000000000001
0.100000000000001
0.100000000000001
0.100000000000001
0.100000000000001
0.100000000000001
0.100000000000001
0.100000000000001
0.00399999999961409
0.0960000000003873
0.100000000000001
0.100000000000001
0.100000000000001
0.100000000000001
0.100000000000001
0.100000000000001
0.100000000000001
0.0279999999996008
0.0720000000004006
0.100000000000001
0.100000000000001
0.100000000000001
0.100000000000001
0.100000000000001
0.100000000000001
0.100000000000001
0.0539999999995899
0.0460000000004115
0.100000000000001
0.100000000000001
0.100000000000001
0.100000000000001
0.100000000000001
0.100000000000001
0.100000000000001
0.0619999999995784
0.038000000000423
0.100000000000001
0.100000000000001
0.100000000000001
0.100000000000001
0.100000000000001
0.100000000000001
0.100000000000001
0.0279999999995653
0.0720000000004362
0.100000000000001
0.100000000000001
0.100000000000001
0.100000000000001
0.100000000000001
0.100000000000001
0.0799999999995578
0.0200000000004437
0.100000000000001
0.100000000000001
0.100000000000001
0.100000000000001
0.100000000000001
0.100000000000001
0.100000000000001
0.0179999999995459
0.0820000000004555
0.100000000000001
0.100000000000001
0.100000000000001
0.100000000000001
0.100000000000001
0.100000000000001
0.0619999999995358
0.0380000000004657
0.100000000000001
0.100000000000001
0.100000000000001
0.100000000000001
0.100000000000001
0.100000000000001
0.100000000000001
0.0219999999995224
0.078000000000479
0.100000000000001
0.100000000000001
0.100000000000001
0.100000000000001
0.100000000000001
0.100000000000001
0.100000000000001
0.0199999999995129
0.0800000000004886
0.100000000000001
0.100000000000001
0.100000000000001
0.100000000000001
0.100000000000001
0.100000000000001
0.100000000000001
0.0159999999995009
0.0840000000005006
0.100000000000001
0.100000000000001
0.100000000000001
0.100000000000001
0.100000000000001
0.100000000000001
0.0779999999994914
0.0220000000005101
0.100000000000001
0.100000000000001
0.100000000000001
0.100000000000001
0.100000000000001
0.100000000000001
0.100000000000001
0.0479999999994831
0.0520000000005183
0.100000000000001
0.100000000000001
0.100000000000001
0.100000000000001
0.100000000000001
0.100000000000001
0.0919999999994729
0.00800000000052847
0.100000000000001
0.100000000000001
0.100000000000001
0.100000000000001
0.100000000000001
0.100000000000001
0.100000000000001
0.0519999999994596
0.0480000000005418
0.100000000000001
0.100000000000001
0.100000000000001
0.100000000000001
0.100000000000001
0.100000000000001
0.100000000000001
0.00199999999944822
0.0980000000005532
0.100000000000001
0.100000000000001
0.100000000000001
0.100000000000001
0.100000000000001
0.100000000000001
0.0399999999994378
0.0600000000005636
0.100000000000001
0.100000000000001
0.100000000000001
0.100000000000001
0.100000000000001
0.100000000000001
0.0699999999994247
0.0300000000005767
0.100000000000001
0.100000000000001
0.100000000000001
0.100000000000001
0.100000000000001
0.100000000000001
0.0859999999994159
0.0140000000005855
0.100000000000001
0.100000000000001
0.100000000000001
0.100000000000001
0.100000000000001
0.100000000000001
0.091999999999409
0.00800000000059242
0.100000000000001
0.100000000000001
0.100000000000001
0.100000000000001
0.100000000000001
0.100000000000001
0.0839999999993992
0.0160000000006022
0.100000000000001
0.100000000000001
0.100000000000001
0.100000000000001
0.100000000000001
0.100000000000001
0.0799999999993872
0.0200000000006142
0.100000000000001
0.100000000000001
0.100000000000001
0.100000000000001
0.100000000000001
0.100000000000001
0.0919999999993806
0.00800000000062084
0.100000000000001
0.100000000000001
0.100000000000001
0.100000000000001
0.100000000000001
0.100000000000001
0.100000000000001
0.0539999999993697
0.0460000000006318
0.0999999999999943
0.0999999999999943
0.0999999999999943
0.0999999999999943
0.0999999999999943
0.0999999999999943
0.0999999999999943
0.0339999999994092
0.0660000000005851
0.0999999999999943
0.0999999999999943
0.0999999999999943
0.0999999999999943
0.0999999999999943
0.0999999999999943
0.0999999999999943
0.0459999999994523
0.0540000000005421
0.0999999999999943
0.0999999999999943
0.0999999999999943
0.0999999999999943
0.0999999999999943
0.0999999999999943
0.0999999999999943
0.0619999999995002
0.0380000000004941
0.0999999999999943
0.0999999999999943
0.0999999999999943
0.0999999999999943
0.0999999999999943
0.0999999999999943
0.0999999999999943
0.0759999999995387
0.0240000000004557
0.0999999999999943
0.0999999999999943
0.0999999999999943
0.0999999999999943
0.0999999999999943
0.0999999999999943
0.0999999999999943
0.0599999999995902
0.0400000000004042
0.0999999999999943
0.0999999999999943
0.0999999999999943
0.0999999999999943
0.0999999999999943
0.0999999999999943
0.0999999999999943
0.0399999999996368
0.0600000000003575
0.0999999999999943
0.0999999999999943
0.0999999999999943
0.0999999999999943
0.0999999999999943
0.0999999999999943
0.0959999999996768
0.00400000000031753
0.0999999999999943
0.0999999999999943
0.0999999999999943
0.0999999999999943
0.0999999999999943
0.0999999999999943
0.0999999999999943
0.039999999999722
0.0600000000002723
0.0999999999999943
0.0999999999999943
0.0999999999999943
0.0999999999999943
0.0999999999999943
0.0999999999999943
0.0639999999997656
0.0360000000002287
0.0999999999999943
0.0999999999999943
0.0999999999999943
0.0999999999999943
0.0999999999999943
0.0999999999999943
0.0719999999998038
0.0280000000001905
0.0999999999999943
0.0999999999999943
0.0999999999999943
0.0999999999999943
0.0999999999999943
0.0999999999999943
0.0699999999998369
0.0300000000001575
0.0999999999999943
0.0999999999999943
0.0999999999999943
0.0999999999999943
0.0999999999999943
0.0999999999999943
0.0699999999998795
0.0300000000001148
0.0999999999999943
0.0999999999999943
0.0999999999999943
0.0999999999999943
0.0999999999999943
0.0999999999999943
0.0739999999999128
0.0260000000000815
0.0999999999999943
0.0999999999999943
0.0999999999999943
0.0999999999999943
0.0999999999999943
0.0999999999999943
0.0919999999999561
0.0080000000000382
0.0999999999999943
0.0999999999999943
0.0999999999999943
0.0999999999999943
0.0999999999999943
0.0999999999999943
0.0919999999999987
0.00799999999999557
0.0999999999999943
0.0999999999999943
0.0999999999999943
0.0999999999999943
0.0999999999999943
0.0999999999999943
0.0780000000000456
0.0219999999999487
0.0999999999999943
0.0999999999999943
0.0999999999999943
0.0999999999999943
0.0999999999999943
0.0999999999999943
0.072000000000088
0.0279999999999063
0.0999999999999943
0.0999999999999943
0.0999999999999943
0.0999999999999943
0.0999999999999943
0.0999999999999943
0.0999999999999943
1.27897692436818e-13
0.0999999999998664
0.0999999999999943
0.0999999999999943
0.0999999999999943
0.0999999999999943
0.0999999999999943
0.0999999999999943
0.0360000000001719
0.0639999999998224
0.0999999999999943
0.0999999999999943
0.0999999999999943
0.0999999999999943
0.0999999999999943
0.0999999999999943
0.0780000000002161
0.0219999999997782
0.0999999999999943
0.0999999999999943
0.0999999999999943
0.0999999999999943
0.0999999999999943
0.0999999999999943
0.0999999999999943
0.0260000000002663
0.0739999999997281
0.0999999999999943
0.0999999999999943
0.0999999999999943
0.0999999999999943
0.0999999999999943
0.0999999999999943
0.0999999999999943
0.0100000000003178
0.0899999999996766
0.0999999999999943
0.0999999999999943
0.0999999999999943
0.0999999999999943
0.0999999999999943
0.0999999999999943
0.0560000000003527
0.0439999999996417
0.0999999999999943
0.0999999999999943
0.0999999999999943
0.0999999999999943
0.0999999999999943
0.0999999999999943
0.0999999999999943
0.0200000000003939
0.0799999999996004
0.0999999999999943
0.0999999999999943
0.0999999999999943
0.0999999999999943
0.0999999999999943
0.0999999999999943
0.0660000000004288
0.0339999999995655
0.0999999999999943
0.0999999999999943
0.0999999999999943
0.0999999999999943
0.0999999999999943
0.0999999999999943
0.0999999999999943
0.00800000000047874
0.0919999999995156
0.0999999999999943
0.0999999999999943
0.0999999999999943
0.0999999999999943
0.0999999999999943
0.0999999999999943
0.0340000000005176
0.0659999999994767
0.0999999999999943
0.0999999999999943
0.0999999999999943
0.0999999999999943
0.0999999999999943
0.0999999999999943
0.0380000000005509
0.0619999999994434
0.0999999999999943
0.0999999999999943
0.0999999999999943
0.0999999999999943
0.0999999999999943
0.0999999999999943
0.0460000000005891
0.0539999999994052
0.0999999999999943
0.0999999999999943
0.0999999999999943
0.0999999999999943
0.0999999999999943
0.0999999999999943
0.038000000000622
0.0619999999993723
0.0999999999999943
0.0999999999999943
0.0999999999999943
0.0999999999999943
0.0999999999999943
0.0999999999999943
0.016000000000659
0.0839999999993353
0.0999999999999943
0.0999999999999943
0.0999999999999943
0.0999999999999943
0.0999999999999943
0.0860000000006949
0.0139999999992995
0.0999999999999943
0.0999999999999943
0.0999999999999943
0.0999999999999943
0.0999999999999943
0.0999999999999943
0.0420000000007406
0.0579999999992538
0.0999999999999943
0.0999999999999943
0.0999999999999943
0.0999999999999943
0.0999999999999943
0.0999999999999943
0.0140000000007774
0.0859999999992169
0.0999999999999943
0.0999999999999943
0.0999999999999943
0.0999999999999943
0.0999999999999943
0.0920000000008088
0.00799999999918555
0.0999999999999943
0.0999999999999943
0.0999999999999943
0.0999999999999943
0.0999999999999943
0.0999999999999943
0.0999999999999943
0.0320000000008491
0.0679999999991452
0.0999999999999943
0.0999999999999943
0.0999999999999943
0.0999999999999943
0.0999999999999943
0.0999999999999943
0.0999999999999943
0.018000000000896
0.0819999999990983
0.0999999999999943
0.0999999999999943
0.0999999999999943
0.0999999999999943
0.0999999999999943
0.0999999999999943
0.0999999999999943
0.0260000000009484
0.0739999999990459
0.0999999999999943
0.0999999999999943
0.0999999999999943
0.0999999999999943
0.0999999999999943
0.0999999999999943
0.0999999999999943
0.0280000000010006
0.0719999999989938
0.0999999999999943
0.0999999999999943
0.0999999999999943
0.0999999999999943
0.0999999999999943
0.0999999999999943
0.0999999999999943
0.0180000000010523
0.081999999998942
0.0999999999999943
0.0999999999999943
0.0999999999999943
0.0999999999999943
0.0999999999999943
0.0999999999999943
0.0520000000010867
0.0479999999989076
0.0999999999999943
0.0999999999999943
0.0999999999999943
0.0999999999999943
0.0999999999999943
0.0999999999999943
0.0999999999999943
0.030000000001138
0.0699999999988563
0.0999999999999943
0.0999999999999943
0.0999999999999943
0.0999999999999943
0.0999999999999943
0.0999999999999943
0.0900000000011829
0.0099999999988114
0.0999999999999943
0.0999999999999943
0.0999999999999943
0.0999999999999943
0.0999999999999943
0.0999999999999943
0.0999999999999943
0.0520000000012288
0.0479999999987655
0.0999999999999943
0.0999999999999943
0.0999999999999943
0.0999999999999943
0.0999999999999943
0.0999999999999943
0.0999999999999943
0.00800000000127454
0.0919999999987198
0.0999999999999943
0.0999999999999943
0.0999999999999943
0.0999999999999943
0.0999999999999943
0.0999999999999943
0.056000000001319
0.0439999999986753
0.0999999999999943
0.0999999999999943
0.0999999999999943
0.0999999999999943
0.0999999999999943
0.0999999999999943
0.0999999999999943
0.00400000000136913
0.0959999999986252
0.0999999999999943
0.0999999999999943
0.0999999999999943
0.0999999999999943
0.0999999999999943
0.0999999999999943
0.0360000000014082
0.0639999999985861
0.0999999999999943
0.0999999999999943
0.0999999999999943
0.0999999999999943
0.0999999999999943
0.0999999999999943
0.0580000000014422
0.0419999999985521
0.0999999999999943
0.0999999999999943
0.0999999999999943
0.0999999999999943
0.0999999999999943
0.0999999999999943
0.0600000000014802
0.0399999999985141
0.0999999999999943
0.0999999999999943
0.0999999999999943
0.0999999999999943
0.0999999999999943
0.0999999999999943
0.0620000000015182
0.0379999999984761
0.0999999999999943
0.0999999999999943
0.0999999999999943
0.0999999999999943
0.0999999999999943
0.0999999999999943
0.0720000000015517
0.0279999999984426
0.0999999999999943
0.0999999999999943
0.0999999999999943
0.0999999999999943
0.0999999999999943
0.0999999999999943
0.0680000000015895
0.0319999999984049
0.0999999999999943
0.0999999999999943
0.0999999999999943
0.0999999999999943
0.0999999999999943
0.0999999999999943
0.0999999999999943
0.038000000001631
0.0619999999983634
0.0999999999999943
0.0999999999999943
0.0999999999999943
0.0999999999999943
0.0999999999999943
0.0999999999999943
0.0960000000016663
0.00399999999832801
0.0999999999999943
0.0999999999999943
0.0999999999999943
0.0999999999999943
0.0999999999999943
0.0999999999999943
0.0999999999999943
0.032000000001716
0.0679999999982783
0.0999999999999943
0.0999999999999943
0.0999999999999943
0.0999999999999943
0.0999999999999943
0.0999999999999943
0.0720000000017507
0.0279999999982437
0.0999999999999943
0.0999999999999943
0.0999999999999943
0.0999999999999943
0.0999999999999943
0.0999999999999943
0.0999999999999943
0.0300000000017917
0.0699999999982026
0.0999999999999943
0.0999999999999943
0.0999999999999943
0.0999999999999943
0.0999999999999943
0.0999999999999943
0.068000000001831
0.0319999999981633
0.0999999999999943
0.0999999999999943
0.0999999999999943
0.0999999999999943
0.0999999999999943
0.0999999999999943
0.0999999999999943
0.00400000000188072
0.0959999999981136
0.0999999999999943
0.0999999999999943
0.0999999999999943
0.0999999999999943
0.0999999999999943
0.0999999999999943
0.022000000001924
0.0779999999980703
0.0999999999999943
0.0999999999999943
0.0999999999999943
0.0999999999999943
0.0999999999999943
0.0999999999999943
0.0300000000019622
0.0699999999980321
0.0999999999999943
0.0999999999999943
0.0999999999999943
0.0999999999999943
0.0999999999999943
0.0999999999999943
0.0340000000019955
0.0659999999979988
0.0999999999999943
0.0999999999999943
0.0999999999999943
0.0999999999999943
0.0999999999999943
0.0999999999999943
0.0440000000020291
0.0559999999979652
0.0999999999999943
0.0999999999999943
0.0999999999999943
0.0999999999999943
0.0999999999999943
0.0999999999999943
0.0740000000020729
0.0259999999979215
0.0999999999999943
0.0999999999999943
0.0999999999999943
0.0999999999999943
0.0999999999999943
0.0999999999999943
0.0999999999999943
0.0440000000021143
0.05599999999788
0.0999999999999943
0.0999999999999943
0.0999999999999943
0.0999999999999943
0.0999999999999943
0.0999999999999943
0.0999999999999943
0.0360000000021614
0.0639999999978329
0.0999999999999943
0.0999999999999943
0.0999999999999943
0.0999999999999943
0.0999999999999943
0.0999999999999943
0.0999999999999943
0.0380000000022136
0.0619999999977807
0.0999999999999943
0.0999999999999943
0.0999999999999943
0.0999999999999943
0.0999999999999943
0.0999999999999943
0.0999999999999943
0.0400000000022658
0.0599999999977285
0.0999999999999943
0.0999999999999943
0.0999999999999943
0.0999999999999943
0.0999999999999943
0.0999999999999943
0.0999999999999943
0.0100000000023073
0.089999999997687
0.0999999999999943
0.0999999999999943
0.0999999999999943
0.0999999999999943
0.0999999999999943
0.0999999999999943
0.0720000000023475
0.0279999999976468
0.0999999999999943
0.0999999999999943
0.0999999999999943
0.0999999999999943
0.0999999999999943
0.0999999999999943
0.0999999999999943
0.0180000000023881
0.0819999999976062
0.0999999999999943
0.0999999999999943
0.0999999999999943
0.0999999999999943
0.0999999999999943
0.0999999999999943
0.0500000000024272
0.0499999999975671
0.0999999999999943
0.0999999999999943
0.0999999999999943
0.0999999999999943
0.0999999999999943
0.0999999999999943
0.0740000000024708
0.0259999999975236
0.0999999999999943
0.0999999999999943
0.0999999999999943
0.0999999999999943
0.0999999999999943
0.0999999999999943
0.0700000000025085
0.0299999999974858
0.0999999999999943
0.0999999999999943
0.0999999999999943
0.0999999999999943
0.0999999999999943
0.0999999999999943
0.0640000000025509
0.0359999999974434
0.0999999999999943
0.0999999999999943
0.0999999999999943
0.0999999999999943
0.0999999999999943
0.0999999999999943
0.0540000000025884
0.0459999999974059
0.0999999999999943
0.0999999999999943
0.0999999999999943
0.0999999999999943
0.0999999999999943
0.0999999999999943
0.0620000000026266
0.0379999999973677
0.0999999999999943
0.0999999999999943
0.0999999999999943
0.0999999999999943
0.0999999999999943
0.0999999999999943
0.0999999999999943
0.0220000000026772
0.0779999999973171
0.0999999999999943
0.0999999999999943
0.0999999999999943
0.0999999999999943
0.0999999999999943
0.0999999999999943
0.0800000000027126
0.0199999999972817
0.0999999999999943
0.0999999999999943
0.0999999999999943
0.0999999999999943
0.0999999999999943
0.0999999999999943
0.0999999999999943
0.0520000000027636
0.0479999999972307
0.0999999999999943
0.0999999999999943
0.0999999999999943
0.0999999999999943
0.0999999999999943
0.0999999999999943
0.0999999999999943
0.00200000000280909
0.0979999999971852
0.0999999999999943
0.0999999999999943
0.0999999999999943
0.0999999999999943
0.0999999999999943
0.0999999999999943
0.0360000000028435
0.0639999999971508
0.0999999999999943
0.0999999999999943
0.0999999999999943
0.0999999999999943
0.0999999999999943
0.0999999999999943
0.0600000000028871
0.0399999999971072
0.0999999999999943
0.0999999999999943
0.0999999999999943
0.0999999999999943
0.0999999999999943
0.0999999999999943
0.0780000000029304
0.0219999999970639
0.0999999999999943
0.0999999999999943
0.0999999999999943
0.0999999999999943
0.0999999999999943
0.0999999999999943
0.0999999999999943
2.97006863547722e-12
0.0999999999970242
0.0999999999999943
0.0999999999999943
0.0999999999999943
0.0999999999999943
0.0999999999999943
0.100000000000009
0.0240000000029852
0.0759999999970091
0.0999999999999943
0.0999999999999943
0.0999999999999943
0.0999999999999943
0.0999999999999943
0.0999999999999943
0.0660000000030152
0.0339999999969791
0.0999999999999943
0.0999999999999943
0.0999999999999943
0.0999999999999943
0.0999999999999943
0.0999999999999943
0.0999999999999943
0.0080000000030509
0.0919999999969434
0.0999999999999943
0.0999999999999943
0.0999999999999943
0.0999999999999943
0.0999999999999943
0.0999999999999943
0.0440000000030807
0.0559999999969136
0.0999999999999943
0.0999999999999943
0.0999999999999943
0.0999999999999943
0.0999999999999943
0.0999999999999943
0.0900000000031298
0.00999999999686452
0.0999999999999943
0.0999999999999943
0.0999999999999943
0.0999999999999943
0.0999999999999943
0.0999999999999943
0.0999999999999943
0.0140000000031648
0.0859999999968295
0.0999999999999943
0.0999999999999943
0.0999999999999943
0.0999999999999943
0.0999999999999943
0.0999999999999943
0.0540000000032137
0.0459999999967806
0.0999999999999943
0.0999999999999943
0.0999999999999943
0.0999999999999943
0.0999999999999943
0.0999999999999943
0.0880000000032624
0.011999999996732
0.0999999999999943
0.0999999999999943
0.0999999999999943
0.0999999999999943
0.0999999999999943
0.0999999999999943
0.0999999999999943
0.0140000000033069
0.0859999999966874
0.0999999999999943
0.0999999999999943
0.0999999999999943
0.0999999999999943
0.0999999999999943
0.0999999999999943
0.046000000003346
0.0539999999966483
0.0999999999999943
0.0999999999999943
0.0999999999999943
0.0999999999999943
0.0999999999999943
0.0999999999999943
0.0760000000033756
0.0239999999966187
0.0999999999999943
0.0999999999999943
0.0999999999999943
0.0999999999999943
0.0999999999999943
0.0999999999999943
0.0999999999999943
0.00200000000342015
0.0979999999965742
0.0999999999999943
0.0999999999999943
0.0999999999999943
0.0999999999999943
0.0999999999999943
0.0999999999999943
0.0260000000034495
0.0739999999965448
0.0999999999999943
0.0999999999999943
0.0999999999999943
0.0999999999999943
0.0999999999999943
0.0999999999999943
0.0460000000034881
0.0539999999965062
0.0999999999999943
0.0999999999999943
0.0999999999999943
0.0999999999999943
0.0999999999999943
0.0999999999999943
0.0480000000035261
0.0519999999964682
0.0999999999999943
0.0999999999999943
0.0999999999999943
0.0999999999999943
0.0999999999999943
0.0999999999999943
0.0520000000035736
0.0479999999964207
0.0999999999999943
0.0999999999999943
0.0999999999999943
0.0999999999999943
0.0999999999999943
0.0999999999999943
0.0620000000036214
0.0379999999963729
0.0999999999999943
0.0999999999999943
0.0999999999999943
0.0999999999999943
0.0999999999999943
0.0999999999999943
0.0980000000036512
0.00199999999634315
0.0999999999999943
0.0999999999999943
0.0999999999999943
0.0999999999999943
0.0999999999999943
0.0999999999999943
0.0999999999999943
0.0920000000037078
0.00799999999628653
0.0999999999999943
0.0999999999999943
0.0999999999999943
0.0999999999999943
0.0999999999999943
0.0999999999999943
0.0999999999999943
0.0820000000037453
0.017999999996249
0.0999999999999943
0.0999999999999943
0.0999999999999943
0.0999999999999943
0.0999999999999943
0.0999999999999943
0.0999999999999943
0.0999999999999943
0.00200000000378964
0.0979999999962047
0.0999999999999943
0.0999999999999943
0.0999999999999943
0.0999999999999943
0.0999999999999943
0.0999999999999943
0.0999999999999943
0.054000000003839
0.0459999999961553
0.0999999999999943
0.0999999999999943
0.0999999999999943
0.0999999999999943
0.0999999999999943
0.0999999999999943
0.0999999999999943
0.0999999999999943
0.0160000000038849
0.0839999999961094
0.0999999999999943
0.0999999999999943
0.0999999999999943
0.0999999999999943
0.0999999999999943
0.0999999999999943
0.0999999999999943
0.069000000003939
0.0309999999960553
0.0999999999999943
0.0999999999999943
0.0999999999999943
0.0999999999999943
0.0999999999999943
0.0999999999999943
0.0999999999999943
0.0999999999999943
0.00300000000399336
0.096999999996001
0.0999999999999943
0.0999999999999943
0.0999999999999943
0.0999999999999943
0.0999999999999943
0.0999999999999943
0.0999999999999943
0.0180000000040366
0.0819999999959578
0.0999999999999943
0.0999999999999943
0.0999999999999943
0.0999999999999943
0.0999999999999943
0.0999999999999943
0.0999999999999943
0.0220000000040841
0.0779999999959102
0.0999999999999943
0.0999999999999943
0.0999999999999943
0.0999999999999943
0.0999999999999943
0.0999999999999943
0.0999999999999943
0.0160000000041407
0.0839999999958536
0.0999999999999943
0.0999999999999943
0.0999999999999943
0.0999999999999943
0.0999999999999943
0.0999999999999943
0.0760000000041714
0.0239999999958229
0.0999999999999943
0.0999999999999943
0.0999999999999943
0.0999999999999943
0.0999999999999943
0.0999999999999943
0.0999999999999943
0.056000000004218
0.0439999999957763
0.0999999999999943
0.0999999999999943
0.0999999999999943
0.0999999999999943
0.0999999999999943
0.0999999999999943
0.0940000000042573
0.00599999999573697
0.0999999999999943
0.0999999999999943
0.0999999999999943
0.0999999999999943
0.0999999999999943
0.0999999999999943
0.0999999999999943
0.0220000000043115
0.0779999999956829
0.0999999999999943
0.0999999999999943
0.0999999999999943
0.0999999999999943
0.0999999999999943
0.0999999999999943
0.0400000000043406
0.0599999999956538
0.0999999999999943
0.0999999999999943
0.0999999999999943
0.0999999999999943
0.0999999999999943
0.0999999999999943
0.054000000004379
0.0459999999956153
0.0999999999999943
0.0999999999999943
0.0999999999999943
0.0999999999999943
0.0999999999999943
0.0999999999999943
0.0660000000044079
0.0339999999955864
0.0999999999999943
0.0999999999999943
0.0999999999999943
0.0999999999999943
0.0999999999999943
0.0999999999999943
0.0740000000044461
0.0259999999955483
0.0999999999999943
0.0999999999999943
0.0999999999999943
0.0999999999999943
0.0999999999999943
0.0999999999999943
0.0780000000044936
0.0219999999955007
0.0999999999999943
0.0999999999999943
0.0999999999999943
0.0999999999999943
0.0999999999999943
0.0999999999999943
0.0700000000045407
0.0299999999954537
0.0999999999999943
0.0999999999999943
0.0999999999999943
0.0999999999999943
0.0999999999999943
0.0999999999999943
0.0660000000045784
0.0339999999954159
0.0999999999999943
0.0999999999999943
0.0999999999999943
0.0999999999999943
0.0999999999999943
0.0999999999999943
0.072000000004607
0.0279999999953873
0.0999999999999943
0.0999999999999943
0.0999999999999943
0.0999999999999943
0.0999999999999943
0.0999999999999943
0.0760000000046546
0.0239999999953397
0.0999999999999943
0.0999999999999943
0.0999999999999943
0.0999999999999943
0.0999999999999943
0.0999999999999943
0.0960000000046932
0.0039999999953011
0.0999999999999943
0.0999999999999943
0.0999999999999943
0.0999999999999943
0.0999999999999943
0.0999999999999943
0.0940000000047405
0.0059999999952538
0.0999999999999943
0.0999999999999943
0.0999999999999943
0.0999999999999943
0.0999999999999943
0.0999999999999943
0.0999999999999943
0.0240000000047758
0.0759999999952186
0.0999999999999943
0.0999999999999943
0.0999999999999943
0.0999999999999943
0.0999999999999943
0.0999999999999943
0.0400000000048237
0.0599999999951706
0.0999999999999943
0.0999999999999943
0.0999999999999943
0.0999999999999943
0.0999999999999943
0.0999999999999943
0.0500000000048715
0.0499999999951228
0.0999999999999943
0.0999999999999943
0.0999999999999943
0.0999999999999943
0.0999999999999943
0.0999999999999943
0.0580000000049097
0.0419999999950846
0.0999999999999943
0.0999999999999943
0.0999999999999943
0.0999999999999943
0.0999999999999943
0.0999999999999943
0.0540000000049474
0.0459999999950469
0.0999999999999943
0.0999999999999943
0.0999999999999943
0.0999999999999943
0.0999999999999943
0.0999999999999943
0.0460000000049945
0.0539999999949998
0.0999999999999943
0.0999999999999943
0.0999999999999943
0.0999999999999943
0.0999999999999943
0.0999999999999943
0.0280000000050222
0.0719999999949721
0.0999999999999943
0.0999999999999943
0.0999999999999943
0.0999999999999943
0.0999999999999943
0.0999999999999943
0.00200000000506861
0.0979999999949257
0.0999999999999943
0.0999999999999943
0.0999999999999943
0.0999999999999943
0.0999999999999943
0.0999999999999943
5.11590769747272e-12
0.0999999999948784
0.0999999999999943
0.0999999999999943
0.0999999999999943
0.0999999999999943
0.0999999999999943
0.0980000000051575
0.0019999999948368
0.0999999999999943
0.0999999999999943
0.0999999999999943
0.0999999999999943
0.0999999999999943
0.0999999999999943
0.088000000005195
0.0119999999947993
0.0999999999999943
0.0999999999999943
0.0999999999999943
0.0999999999999943
0.0999999999999943
0.0999999999999943
0.0780000000052326
0.0219999999947618
0.0999999999999943
0.0999999999999943
0.0999999999999943
0.0999999999999943
0.0999999999999943
0.0999999999999943
0.0580000000052792
0.0419999999947152
0.0999999999999943
0.0999999999999943
0.0999999999999943
0.0999999999999943
0.0999999999999943
0.0999999999999943
0.0460000000053071
0.0539999999946872
0.0999999999999943
0.0999999999999943
0.0999999999999943
0.0999999999999943
0.0999999999999943
0.0999999999999943
0.0380000000053542
0.0619999999946401
0.0999999999999943
0.0999999999999943
0.0999999999999943
0.0999999999999943
0.0999999999999943
0.0999999999999943
0.0420000000054017
0.0579999999945926
0.0999999999999943
0.0999999999999943
0.0999999999999943
0.0999999999999943
0.0999999999999943
0.0999999999999943
0.0860000000054413
0.013999999994553
0.0999999999999943
0.0999999999999943
0.0999999999999943
0.0999999999999943
0.0999999999999943
0.0999999999999943
0.0940000000054795
0.00599999999451484
0.0999999999999943
0.0999999999999943
0.0999999999999943
0.0999999999999943
0.0999999999999943
0.0999999999999943
0.0999999999999943
0.0640000000055352
0.0359999999944591
0.0999999999999943
0.0999999999999943
0.0999999999999943
0.0999999999999943
0.0999999999999943
0.0999999999999943
0.0999999999999943
0.0260000000055811
0.0739999999944132
0.0999999999999943
0.0999999999999943
0.0999999999999943
0.0999999999999943
0.0999999999999943
0.0999999999999943
0.0620000000056109
0.0379999999943834
0.0999999999999943
0.0999999999999943
0.0999999999999943
0.0999999999999943
0.0999999999999943
0.0999999999999943
0.0920000000056405
0.00799999999435386
0.0999999999999943
0.0999999999999943
0.0999999999999943
0.0999999999999943
0.0999999999999943
0.0999999999999943
0.0999999999999943
0.032000000005695
0.0679999999942993
0.0999999999999943
0.0999999999999943
0.0999999999999943
0.0999999999999943
0.0999999999999943
0.0999999999999943
0.0820000000057348
0.0179999999942595
0.0999999999999943
0.0999999999999943
0.0999999999999943
0.0999999999999943
0.0999999999999943
0.0999999999999943
0.0999999999999943
0.0180000000057703
0.081999999994224
0.0999999999999943
0.0999999999999943
0.0999999999999943
0.0999999999999943
0.0999999999999943
0.0999999999999943
0.0560000000058096
0.0439999999941847
0.0999999999999943
0.0999999999999943
0.0999999999999943
0.0999999999999943
0.0999999999999943
0.0999999999999943
0.0980000000058396
0.00199999999415468
0.0999999999999943
0.0999999999999943
0.0999999999999943
0.0999999999999943
0.0999999999999943
0.0999999999999943
0.0999999999999943
0.0460000000058756
0.0539999999941188
0.0999999999999943
0.0999999999999943
0.0999999999999943
0.0999999999999943
0.0999999999999943
0.0999999999999943
0.0800000000059242
0.0199999999940701
0.0999999999999943
0.0999999999999943
0.0999999999999943
0.0999999999999943
0.0999999999999943
0.0999999999999943
0.0999999999999943
0.0280000000059601
0.0719999999940342
0.0999999999999943
0.0999999999999943
0.0999999999999943
0.0999999999999943
0.0999999999999943
0.0999999999999943
0.0999999999999943
0.0200000000060072
0.0799999999939871
0.0999999999999943
0.0999999999999943
0.0999999999999943
0.0999999999999943
0.0999999999999943
0.0999999999999943
0.0960000000060575
0.00399999999393685
0.0999999999999943
0.0999999999999943
0.0999999999999943
0.0999999999999943
0.0999999999999943
0.0999999999999943
0.0999999999999943
0.0520000000061032
0.0479999999938912
0.0999999999999943
0.0999999999999943
0.0999999999999943
0.0999999999999943
0.0999999999999943
0.0999999999999943
0.0999999999999943
0.00800000000614887
0.0919999999938454
0.0999999999999943
0.0999999999999943
0.0999999999999943
0.0999999999999943
0.0999999999999943
0.0999999999999943
0.0480000000061978
0.0519999999937966
0.0999999999999943
0.0999999999999943
0.0999999999999943
0.0999999999999943
0.0999999999999943
0.0999999999999943
0.0820000000062464
0.0179999999937479
0.0999999999999943
0.0999999999999943
0.0999999999999943
0.0999999999999943
0.0999999999999943
0.0999999999999943
0.0999999999999943
0.0140000000062912
0.0859999999937031
0.0999999999999943
0.0999999999999943
0.0999999999999943
0.0999999999999943
0.0999999999999943
0.0999999999999943
0.050000000006321
0.0499999999936733
0.0999999999999943
0.0999999999999943
0.0999999999999943
0.0999999999999943
0.0999999999999943
0.0999999999999943
0.0980000000063512
0.00199999999364309
0.0999999999999943
0.0999999999999943
0.0999999999999943
0.0999999999999943
0.0999999999999943
0.0999999999999943
0.0999999999999943
0.0820000000063885
0.0179999999936058
0.0999999999999943
0.0999999999999943
0.0999999999999943
0.0999999999999943
0.0999999999999943
0.0999999999999943
0.0999999999999943
0.0440000000064344
0.0559999999935599
0.0999999999999943
0.0999999999999943
0.0999999999999943
0.0999999999999943
0.0999999999999943
0.0999999999999943
0.0999999999999943
0.0020000000064897
0.0979999999935046
0.0999999999999943
0.0999999999999943
0.0999999999999943
0.0999999999999943
0.0999999999999943
0.0999999999999943
0.0940000000065311
0.00599999999346323
0.0999999999999943
0.0999999999999943
0.0999999999999943
0.0999999999999943
0.0999999999999943
0.0999999999999943
0.0999999999999943
0.0360000000065668
0.0639999999934275
0.0999999999999943
0.0999999999999943
0.0999999999999943
0.0999999999999943
0.0999999999999943
0.0999999999999943
0.0740000000066061
0.0259999999933882
0.0999999999999943
0.0999999999999943
0.0999999999999943
0.0999999999999943
0.0999999999999943
0.0999999999999943
0.0999999999999943
0.00400000000664136
0.095999999993353
0.0999999999999943
0.0999999999999943
0.0999999999999943
0.0999999999999943
0.0999999999999943
0.0999999999999943
0.0320000000066898
0.0679999999933045
0.0999999999999943
0.0999999999999943
0.0999999999999943
0.0999999999999943
0.0999999999999943
0.0999999999999943
0.0520000000067284
0.0479999999932659
0.0999999999999943
0.0999999999999943
0.0999999999999943
0.0999999999999943
0.0999999999999943
0.0999999999999943
0.0900000000067678
0.00999999999322654
0.0999999999999943
0.0999999999999943
0.0999999999999943
0.0999999999999943
0.0999999999999943
0.0999999999999943
0.0999999999999943
0.0280000000068128
0.0719999999931815
0.0999999999999943
0.0999999999999943
0.0999999999999943
0.0999999999999943
0.0999999999999943
0.0999999999999943
0.0999999999999943
6.84963197272737e-12
0.0999999999931447
0.0999999999999943
0.0999999999999943
0.0999999999999943
0.0999999999999943
0.0999999999999943
0.0999999999999943
0.0260000000068885
0.0739999999931058
0.0999999999999943
0.0999999999999943
0.0999999999999943
0.0999999999999943
0.0999999999999943
0.0999999999999943
0.0600000000069372
0.0399999999930571
0.0999999999999943
0.0999999999999943
0.0999999999999943
0.0999999999999943
0.0999999999999943
0.0999999999999943
0.0800000000069758
0.0199999999930185
0.0999999999999943
0.0999999999999943
0.0999999999999943
0.0999999999999943
0.0999999999999943
0.0999999999999943
0.0860000000070045
0.0139999999929898
0.0999999999999943
0.0999999999999943
0.0999999999999943
0.0999999999999943
0.0999999999999943
0.0999999999999943
0.090000000007052
0.00999999999294232
0.0999999999999943
0.0999999999999943
0.0999999999999943
0.0999999999999943
0.0999999999999943
0.0999999999999943
0.0999999999999943
0.00800000000708678
0.0919999999929075
0.0999999999999943
0.0999999999999943
0.0999999999999943
0.0999999999999943
0.0999999999999943
0.0999999999999943
0.0340000000071257
0.0659999999928687
0.0999999999999943
0.0999999999999943
0.0999999999999943
0.0999999999999943
0.0999999999999943
0.0999999999999943
0.0620000000071741
0.0379999999928202
0.0999999999999943
0.0999999999999943
0.0999999999999943
0.0999999999999943
0.0999999999999943
0.0999999999999943
0.0999999999999943
0.0420000000072207
0.0579999999927736
0.0999999999999943
0.0999999999999943
0.0999999999999943
0.0999999999999943
0.0999999999999943
0.0999999999999943
0.0999999999999943
0.0100000000072669
0.0899999999927275
0.0999999999999943
0.0999999999999943
0.0999999999999943
0.0999999999999943
0.0999999999999943
0.0999999999999943
0.0520000000072969
0.0479999999926974
0.0999999999999943
0.0999999999999943
0.0999999999999943
0.0999999999999943
0.0999999999999943
0.0999999999999943
0.0920000000073458
0.00799999999264855
0.0999999999999943
0.0999999999999943
0.0999999999999943
0.0999999999999943
0.0999999999999943
0.0999999999999943
0.0999999999999943
0.0140000000073996
0.0859999999925947
0.0999999999999943
0.0999999999999943
0.0999999999999943
0.0999999999999943
0.0999999999999943
0.0999999999999943
0.0460000000074388
0.0539999999925556
0.0999999999999943
0.0999999999999943
0.0999999999999943
0.0999999999999943
0.0999999999999943
0.0999999999999943
0.0999999999999943
0.0180000000074756
0.0819999999925187
0.0999999999999943
0.0999999999999943
0.0999999999999943
0.0999999999999943
0.0999999999999943
0.0999999999999943
0.0940000000075258
0.00599999999246847
0.0999999999999943
0.0999999999999943
0.0999999999999943
0.0999999999999943
0.0999999999999943
0.0999999999999943
0.0999999999999943
0.0320000000075709
0.0679999999924235
0.0999999999999943
0.0999999999999943
0.0999999999999943
0.0999999999999943
0.0999999999999943
0.0999999999999943
0.0880000000076109
0.0119999999923834
0.0999999999999943
0.0999999999999943
0.0999999999999943
0.0999999999999943
0.0999999999999943
0.0999999999999943
0.0999999999999943
0.0340000000076657
0.0659999999923286
0.0999999999999943
0.0999999999999943
0.0999999999999943
0.0999999999999943
0.0999999999999943
0.0999999999999943
0.058000000007695
0.0419999999922993
0.0999999999999943
0.0999999999999943
0.0999999999999943
0.0999999999999943
0.0999999999999943
0.0999999999999943
0.0880000000077246
0.0119999999922697
0.0999999999999943
0.0999999999999943
0.0999999999999943
0.0999999999999943
0.0999999999999943
0.0999999999999943
0.0999999999999943
0.0100000000077785
0.0899999999922159
0.0999999999999943
0.0999999999999943
0.0999999999999943
0.0999999999999943
0.0999999999999943
0.0999999999999943
0.0480000000078178
0.0519999999921765
0.0999999999999943
0.0999999999999943
0.0999999999999943
0.0999999999999943
0.0999999999999943
0.0999999999999943
0.0980000000078576
0.00199999999213674
0.0999999999999943
0.0999999999999943
0.0999999999999943
0.0999999999999943
0.0999999999999943
0.0999999999999943
0.0999999999999943
0.0760000000078946
0.0239999999920997
0.0999999999999943
0.0999999999999943
0.0999999999999943
0.0999999999999943
0.0999999999999943
0.0999999999999943
0.0999999999999943
0.0300000000079308
0.0699999999920635
0.0999999999999943
0.0999999999999943
0.0999999999999943
0.0999999999999943
0.0999999999999943
0.0999999999999943
0.0999999999999943
0.0160000000079776
0.0839999999920167
0.0999999999999943
0.0999999999999943
0.0999999999999943
0.0999999999999943
0.0999999999999943
0.0999999999999943
0.0640000000080079
0.0359999999919864
0.0999999999999943
0.0999999999999943
0.0999999999999943
0.0999999999999943
0.0999999999999943
0.0999999999999943
0.0999999999999943
0.0120000000080438
0.0879999999919505
0.0999999999999943
0.0999999999999943
0.0999999999999943
0.0999999999999943
0.0999999999999943
0.0999999999999943
0.0540000000080738
0.0459999999919205
0.0999999999999943
0.0999999999999943
0.0999999999999943
0.0999999999999943
0.0999999999999943
0.0999999999999943
0.0820000000081222
0.0179999999918721
0.0999999999999943
0.0999999999999943
0.0999999999999943
0.0999999999999943
0.0999999999999943
0.0999999999999943
0.0860000000081698
0.0139999999918246
0.0999999999999943
0.0999999999999943
0.0999999999999943
0.0999999999999943
0.0999999999999943
0.0999999999999943
0.0820000000082075
0.0179999999917868
0.0999999999999943
0.0999999999999943
0.0999999999999943
0.0999999999999943
0.0999999999999943
0.0999999999999943
0.0740000000082546
0.0259999999917397
0.0999999999999943
0.0999999999999943
0.0999999999999943
0.0999999999999943
0.0999999999999943
0.0999999999999943
0.0680000000082828
0.0319999999917115
0.0999999999999943
0.0999999999999943
0.0999999999999943
0.0999999999999943
0.0999999999999943
0.0999999999999943
0.062000000008311
0.0379999999916834
0.0999999999999943
0.0999999999999943
0.0999999999999943
0.0999999999999943
0.0999999999999943
0.0999999999999943
0.0880000000083498
0.0119999999916445
0.0999999999999943
0.0999999999999943
0.0999999999999943
0.0999999999999943
0.0999999999999943
0.0999999999999943
0.0999999999999943
0.0460000000084051
0.0539999999915892
0.0999999999999943
0.0999999999999943
0.0999999999999943
0.0999999999999943
0.0999999999999943
0.0999999999999943
0.0999999999999943
0.00600000000844148
0.0939999999915528
0.0999999999999943
0.0999999999999943
0.0999999999999943
0.0999999999999943
0.0999999999999943
0.0999999999999943
0.0400000000084901
0.0599999999915042
0.0999999999999943
0.0999999999999943
0.0999999999999943
0.0999999999999943
0.0999999999999943
0.0999999999999943
0.0999999999999943
0.0220000000085463
0.077999999991448
0.0999999999999943
0.0999999999999943
0.0999999999999943
0.0999999999999943
0.0999999999999943
0.0999999999999943
0.0480000000085852
0.0519999999914091
0.0999999999999943
0.0999999999999943
0.0999999999999943
0.0999999999999943
0.0999999999999943
0.0999999999999943
0.0880000000086341
0.0119999999913603
0.0999999999999943
0.0999999999999943
0.0999999999999943
0.0999999999999943
0.0999999999999943
0.0999999999999943
0.0999999999999943
0.00600000000866885
0.0939999999913255
0.0999999999999943
0.0999999999999943
0.0999999999999943
0.0999999999999943
0.0999999999999943
0.0999999999999943
0.0300000000086982
0.0699999999912961
0.0999999999999943
0.0999999999999943
0.0999999999999943
0.0999999999999943
0.0999999999999943
0.0999999999999943
0.0420000000087271
0.0579999999912673
0.0999999999999943
0.0999999999999943
0.0999999999999943
0.0999999999999943
0.0999999999999943
0.0999999999999943
0.058000000008775
0.0419999999912193
0.0999999999999943
0.0999999999999943
0.0999999999999943
0.0999999999999943
0.0999999999999943
0.0999999999999943
0.0999999999999943
0.020000000008821
0.0799999999911734
0.0999999999999943
0.0999999999999943
0.0999999999999943
0.0999999999999943
0.0999999999999943
0.0999999999999943
0.0540000000088696
0.0459999999911247
0.0999999999999943
0.0999999999999943
0.0999999999999943
0.0999999999999943
0.0999999999999943
0.0999999999999943
0.0999999999999943
0.0340000000089162
0.0659999999910781
0.0999999999999943
0.0999999999999943
0.0999999999999943
0.0999999999999943
0.0999999999999943
0.0999999999999943
0.0600000000089551
0.0399999999910392
0.0999999999999943
0.0999999999999943
0.0999999999999943
0.0999999999999943
0.0999999999999943
0.0999999999999943
0.0900000000089847
0.00999999999100964
0.0999999999999943
0.0999999999999943
0.0999999999999943
0.0999999999999943
0.0999999999999943
0.0999999999999943
0.0999999999999943
0.0120000000090386
0.0879999999909558
0.0999999999999943
0.0999999999999943
0.0999999999999943
0.0999999999999943
0.0999999999999943
0.0999999999999943
0.0300000000090677
0.0699999999909267
0.0999999999999943
0.0999999999999943
0.0999999999999943
0.0999999999999943
0.0999999999999943
0.0999999999999943
0.0640000000091163
0.035999999990878
0.0999999999999943
0.0999999999999943
0.0999999999999943
0.0999999999999943
0.0999999999999943
0.0999999999999943
0.0999999999999943
0.00200000000916134
0.097999999990833
0.0999999999999943
0.0999999999999943
0.0999999999999943
0.0999999999999943
0.0999999999999943
0.0999999999999943
0.0820000000092023
0.017999999990792
0.0999999999999943
0.0999999999999943
0.0999999999999943
0.0999999999999943
0.0999999999999943
0.0999999999999943
0.0999999999999943
0.0620000000092489
0.0379999999907454
0.0999999999999943
0.0999999999999943
0.0999999999999943
0.0999999999999943
0.0999999999999943
0.0999999999999943
0.0999999999999943
0.0200000000093041
0.0799999999906902
0.0999999999999943
0.0999999999999943
0.0999999999999943
0.0999999999999943
0.0999999999999943
0.0999999999999943
0.0920000000093353
0.00799999999065903
0.0999999999999943
0.0999999999999943
0.0999999999999943
0.0999999999999943
0.0999999999999943
0.0999999999999943
0.0999999999999943
0.0500000000093905
0.0499999999906038
0.0999999999999943
0.0999999999999943
0.0999999999999943
0.0999999999999943
0.0999999999999943
0.0999999999999943
0.0980000000094208
0.00199999999057354
0.0999999999999943
0.0999999999999943
0.0999999999999943
0.0999999999999943
0.0999999999999943
0.0999999999999943
0.0999999999999943
0.0260000000094749
0.0739999999905194
0.0999999999999943
0.0999999999999943
0.0999999999999943
0.0999999999999943
0.0999999999999943
0.0999999999999943
0.0300000000095224
0.0699999999904719
0.0999999999999943
0.0999999999999943
0.0999999999999943
0.0999999999999943
0.0999999999999943
0.0999999999999943
0.0440000000095608
0.0559999999904335
0.0999999999999943
0.0999999999999943
0.0999999999999943
0.0999999999999943
0.0999999999999943
0.0999999999999943
0.0580000000095993
0.0419999999903951
0.0999999999999943
0.0999999999999943
0.0999999999999943
0.0999999999999943
0.0999999999999943
0.0999999999999943
0.0780000000096379
0.0219999999903564
0.0999999999999943
0.0999999999999943
0.0999999999999943
0.0999999999999943
0.0999999999999943
0.0999999999999943
0.0999999999999943
0.0100000000096827
0.0899999999903116
0.0999999999999943
0.0999999999999943
0.0999999999999943
0.0999999999999943
0.0999999999999943
0.0999999999999943
0.0820000000097139
0.0179999999902805
0.0999999999999943
0.0999999999999943
0.0999999999999943
0.0999999999999943
0.0999999999999943
0.0999999999999943
0.0999999999999943
0.0260000000097591
0.0739999999902352
0.0999999999999943
0.0999999999999943
0.0999999999999943
0.0999999999999943
0.0999999999999943
0.0999999999999943
0.0700000000097987
0.0299999999901956
0.0999999999999943
0.0999999999999943
0.0999999999999943
0.0999999999999943
0.0999999999999943
0.0999999999999943
0.0999999999999943
0.0140000000098439
0.0859999999901504
0.0999999999999943
0.0999999999999943
0.0999999999999943
0.0999999999999943
0.0999999999999943
0.0999999999999943
0.0400000000098828
0.0599999999901115
0.0999999999999943
0.0999999999999943
0.0999999999999943
0.0999999999999943
0.0999999999999943
0.0999999999999943
0.0740000000099315
0.0259999999900629
0.0999999999999943
0.0999999999999943
0.0999999999999943
0.0999999999999943
0.0999999999999943
0.0999999999999943
0.0960000000099797
0.00399999999001466
0.0999999999999943
0.0999999999999943
0.0999999999999943
0.0999999999999943
0.0999999999999943
0.0999999999999943
0.0999999999999943
0.0260000000100149
0.0739999999899794
0.0999999999999943
0.0999999999999943
0.0999999999999943
0.0999999999999943
0.0999999999999943
0.0999999999999943
0.072000000010064
0.0279999999899303
0.0999999999999943
0.0999999999999943
0.0999999999999943
0.0999999999999943
0.0999999999999943
0.0999999999999943
0.0999999999999943
0.0520000000101106
0.0479999999898837
0.0999999999999943
0.0999999999999943
0.0999999999999943
0.0999999999999943
0.0999999999999943
0.0999999999999943
0.0960000000101502
0.00399999998984413
0.0999999999999943
0.0999999999999943
0.0999999999999943
0.0999999999999943
0.0999999999999943
0.0999999999999943
0.0999999999999943
0.0440000000101861
0.0559999999898082
0.0999999999999943
0.0999999999999943
0.100000000000023
0.100000000000023
0.100000000000023
0.100000000000023
0.100000000000023
0.00200000001007083
0.0979999999899519
0.100000000000023
0.100000000000023
0.100000000000023
0.100000000000023
0.100000000000023
0.100000000000023
0.0460000000099399
0.0539999999900829
0.100000000000023
0.100000000000023
0.100000000000023
0.100000000000023
0.100000000000023
0.100000000000023
0.0820000000097707
0.017999999990252
0.100000000000023
0.100000000000023
0.100000000000023
0.100000000000023
0.100000000000023
0.100000000000023
0.100000000000023
0.0180000000095788
0.0819999999904439
0.100000000000023
0.100000000000023
0.100000000000023
0.100000000000023
0.100000000000023
0.100000000000023
0.0520000000094001
0.0479999999906227
0.100000000000023
0.100000000000023
0.100000000000023
0.100000000000023
0.100000000000023
0.100000000000023
0.09200000000925
0.00799999999077272
0.100000000000023
0.100000000000023
0.100000000000023
0.100000000000023
0.100000000000023
0.100000000000023
0.100000000000023
0.0480000000090399
0.0519999999909828
0.100000000000023
0.100000000000023
0.100000000000023
0.100000000000023
0.100000000000023
0.100000000000023
0.0860000000088803
0.0139999999911424
0.100000000000023
0.100000000000023
0.100000000000023
0.100000000000023
0.100000000000023
0.100000000000023
0.100000000000023
0.0340000000086889
0.0659999999913339
0.100000000000023
0.100000000000023
0.100000000000023
0.100000000000023
0.100000000000023
0.100000000000023
0.0840000000085297
0.015999999991493
0.100000000000023
0.100000000000023
0.100000000000023
0.100000000000023
0.100000000000023
0.100000000000023
0.100000000000023
0.014000000008366
0.0859999999916568
0.100000000000023
0.100000000000023
0.100000000000023
0.100000000000023
0.100000000000023
0.100000000000023
0.0360000000081868
0.0639999999918359
0.100000000000023
0.100000000000023
0.100000000000023
0.100000000000023
0.100000000000023
0.100000000000023
0.0580000000080076
0.0419999999920151
0.100000000000023
0.100000000000023
0.100000000000023
0.100000000000023
0.100000000000023
0.100000000000023
0.0860000000078571
0.0139999999921656
0.100000000000023
0.100000000000023
0.100000000000023
0.100000000000023
0.100000000000023
0.100000000000023
0.100000000000023
0.0320000000076561
0.0679999999923666
0.100000000000023
0.100000000000023
0.100000000000023
0.100000000000023
0.100000000000023
0.100000000000023
0.100000000000023
0.0140000000074565
0.0859999999925662
0.100000000000023
0.100000000000023
0.100000000000023
0.100000000000023
0.100000000000023
0.100000000000023
0.0980000000072891
0.00199999999273359
0.100000000000023
0.100000000000023
0.100000000000023
0.100000000000023
0.100000000000023
0.100000000000023
0.100000000000023
0.100000000000023
7.105427357601e-12
0.0999999999929173
0.100000000000023
0.100000000000023
0.100000000000023
0.100000000000023
0.100000000000023
0.100000000000023
0.100000000000023
0.0160000000068976
0.0839999999931251
0.100000000000023
0.100000000000023
0.100000000000023
0.100000000000023
0.100000000000023
0.100000000000023
0.100000000000023
0.00200000000671707
0.0979999999933057
0.100000000000023
0.100000000000023
0.100000000000023
0.100000000000023
0.100000000000023
0.100000000000023
0.0740000000065493
0.0259999999934735
0.100000000000023
0.100000000000023
0.100000000000023
0.100000000000023
0.100000000000023
0.100000000000023
0.100000000000023
0.0300000000063392
0.0699999999936836
0.100000000000023
0.100000000000023
0.100000000000023
0.100000000000023
0.100000000000023
0.100000000000023
0.0640000000061605
0.0359999999938623
0.100000000000023
0.100000000000023
0.100000000000023
0.100000000000023
0.100000000000023
0.100000000000023
0.100000000000023
5.96855898038484e-12
0.0999999999940542
0.100000000000023
0.100000000000023
0.100000000000023
0.100000000000023
0.100000000000023
0.100000000000023
0.0320000000058371
0.0679999999941856
0.100000000000023
0.100000000000023
0.100000000000023
0.100000000000023
0.100000000000023
0.100000000000023
0.0740000000056966
0.0259999999943261
0.100000000000023
0.100000000000023
0.100000000000023
0.100000000000023
0.100000000000023
0.100000000000023
0.100000000000023
0.0140000000055238
0.0859999999944989
0.100000000000023
0.100000000000023
0.100000000000023
0.100000000000023
0.100000000000023
0.100000000000023
0.0620000000053551
0.0379999999946676
0.100000000000023
0.100000000000023
0.100000000000023
0.100000000000023
0.100000000000023
0.100000000000023
0.100000000000023
0.0140000000051828
0.08599999999484
0.100000000000023
0.100000000000023
0.100000000000023
0.100000000000023
0.100000000000023
0.100000000000023
0.0720000000050049
0.0279999999950178
0.100000000000023
0.100000000000023
0.100000000000023
0.100000000000023
0.100000000000023
0.100000000000023
0.100000000000023
0.0140000000048417
0.085999999995181
0.100000000000023
0.100000000000023
0.100000000000023
0.100000000000023
0.100000000000023
0.100000000000023
0.0440000000047007
0.055999999995322
0.100000000000023
0.100000000000023
0.100000000000023
0.100000000000023
0.100000000000023
0.100000000000023
0.0560000000045306
0.0439999999954921
0.100000000000023
0.100000000000023
0.100000000000023
0.100000000000023
0.100000000000023
0.100000000000023
0.0580000000043697
0.0419999999956531
0.100000000000023
0.100000000000023
0.100000000000023
0.100000000000023
0.100000000000023
0.100000000000023
0.0620000000042182
0.0379999999958045
0.100000000000023
0.100000000000023
0.100000000000023
0.100000000000023
0.100000000000023
0.100000000000023
0.0900000000040677
0.00999999999595502
0.100000000000023
0.100000000000023
0.100000000000023
0.100000000000023
0.100000000000023
0.100000000000023
0.100000000000023
0.0620000000038772
0.0379999999961456
0.100000000000023
0.100000000000023
0.100000000000023
0.100000000000023
0.100000000000023
0.100000000000023
0.100000000000023
0.0520000000037157
0.047999999996307
0.100000000000023
0.100000000000023
0.100000000000023
0.100000000000023
0.100000000000023
0.100000000000023
0.100000000000023
0.0520000000035452
0.0479999999964775
0.100000000000023
0.100000000000023
0.100000000000023
0.100000000000023
0.100000000000023
0.100000000000023
0.100000000000023
0.0580000000033465
0.0419999999966763
0.100000000000023
0.100000000000023
0.100000000000023
0.100000000000023
0.100000000000023
0.100000000000023
0.100000000000023
0.0300000000031559
0.0699999999968668
0.100000000000023
0.100000000000023
0.100000000000023
0.100000000000023
0.100000000000023
0.100000000000023
0.100000000000023
0.00200000000296541
0.0979999999970573
0.100000000000023
0.100000000000023
0.100000000000023
0.100000000000023
0.100000000000023
0.100000000000023
0.0620000000027972
0.0379999999972256
0.100000000000023
0.100000000000023
0.100000000000023
0.100000000000023
0.100000000000023
0.100000000000023
0.100000000000023
0.0240000000026157
0.075999999997407
0.100000000000023
0.100000000000023
0.100000000000023
0.100000000000023
0.100000000000023
0.100000000000023
0.0940000000024384
0.00599999999758438
0.100000000000023
0.100000000000023
0.100000000000023
0.100000000000023
0.100000000000023
0.100000000000023
0.100000000000023
0.0780000000022483
0.0219999999977745
0.100000000000023
0.100000000000023
0.100000000000023
0.100000000000023
0.100000000000023
0.100000000000023
0.100000000000023
0.0680000000020868
0.0319999999979359
0.100000000000023
0.100000000000023
0.100000000000023
0.100000000000023
0.100000000000023
0.100000000000023
0.100000000000023
0.0620000000018877
0.0379999999981351
0.100000000000023
0.100000000000023
0.100000000000023
0.100000000000023
0.100000000000023
0.100000000000023
0.100000000000023
0.0560000000016885
0.0439999999983343
0.100000000000023
0.100000000000023
0.100000000000023
0.100000000000023
0.100000000000023
0.100000000000023
0.100000000000023
0.0440000000015175
0.0559999999985052
0.100000000000023
0.100000000000023
0.100000000000023
0.100000000000023
0.100000000000023
0.100000000000023
0.100000000000023
0.0120000000013079
0.0879999999987149
0.100000000000023
0.100000000000023
0.100000000000023
0.100000000000023
0.100000000000023
0.100000000000023
0.0600000000011391
0.0399999999988836
0.100000000000023
0.100000000000023
0.100000000000023
0.100000000000023
0.100000000000023
0.100000000000023
0.0920000000010077
0.00799999999901502
0.100000000000023
0.100000000000023
0.100000000000023
0.100000000000023
0.100000000000023
0.100000000000023
0.100000000000023
0.0260000000008063
0.0739999999992165
0.100000000000023
0.100000000000023
0.100000000000023
0.100000000000023
0.100000000000023
0.100000000000023
0.0680000000006658
0.031999999999357
0.100000000000023
0.100000000000023
0.100000000000023
0.100000000000023
0.100000000000023
0.100000000000023
0.100000000000023
0.0360000000004561
0.0639999999995666
0.100000000000023
0.100000000000023
0.100000000000023
0.100000000000023
0.100000000000023
0.100000000000023
0.100000000000023
0.020000000000266
0.0799999999997567
0.100000000000023
0.100000000000023
0.100000000000023
0.100000000000023
0.100000000000023
0.100000000000023
0.100000000000023
0.00800000000009504
0.0919999999999277
0.100000000000023
0.100000000000023
0.100000000000023
0.100000000000023
0.100000000000023
0.100000000000023
0.0729999999999222
0.0270000000001005
0.100000000000023
0.100000000000023
0.100000000000023
0.100000000000023
0.100000000000023
0.100000000000023
0.100000000000023
0.014999999999759
0.0850000000002638
0.100000000000023
0.100000000000023
0.100000000000023
0.100000000000023
0.100000000000023
0.100000000000023
0.0569999999996185
0.0430000000004043
0.100000000000023
0.100000000000023
0.100000000000023
0.100000000000023
0.100000000000023
0.100000000000023
0.098999999999478
0.00100000000054479
0.100000000000023
0.100000000000023
0.100000000000023
0.100000000000023
0.100000000000023
0.100000000000023
0.100000000000023
0.0409999999993147
0.059000000000708
0.100000000000023
0.100000000000023
0.100000000000023
0.100000000000023
0.100000000000023
0.100000000000023
0.0829999999991742
