0.195
0.4
0.21
0.19
0.4
0.246
0.153999999999999
0.4
0.266
0.133999999999999
0.4
0.327
0.0729999999999995
0.4
0.33
0.0700000000000003
0.4
0.35
0.0500000000000007
0.4
0.322999999999999
0.0770000000000017
0.4
0.319999999999998
0.0800000000000027
0.4
0.330999999999998
0.0690000000000026
0.4
0.360999999999997
0.0390000000000033
0.4
0.4
0.0129999999999963
0.387000000000004
0.4
0.0589999999999957
0.341000000000005
0.4
0.100999999999996
0.299000000000005
0.4
0.136999999999995
0.263000000000005
0.4
0.141999999999994
0.258000000000006
0.4
0.167999999999994
0.232000000000006
0.4
0.174999999999994
0.225000000000007
0.4
0.202999999999992
0.197000000000008
0.4
0.201999999999991
0.198000000000008
0.399999999999999
0.196999999999996
0.203000000000003
0.399999999999999
0.171999999999997
0.228000000000002
0.399999999999999
0.161000000000001
0.238999999999997
0.399999999999999
0.195000000000004
0.204999999999995
0.399999999999999
0.223000000000006
0.176999999999992
0.399999999999999
0.329000000000008
0.0709999999999908
0.399999999999999
0.324000000000012
0.0759999999999863
0.399999999999999
0.399999999999999
0.0460000000000171
0.353999999999981
0.399999999999999
0.0160000000000196
0.383999999999979
0.399999999999999
0.0810000000000208
0.318999999999978
0.399999999999999
0.0490000000000244
0.350999999999974
0.399999999999999
0.0220000000000269
0.377999999999972
0.386000000000028
0.0139999999999709
0.399999999999999
0.377000000000031
0.0229999999999677
0.399999999999999
0.380000000000035
0.019999999999964
0.399999999999999
0.399999999999999
0.0470000000000397
0.352999999999959
0.399999999999999
0.0890000000000413
0.310999999999957
0.399999999999999
0.244000000000042
0.155999999999956
0.399999999999999
0.266000000000048
0.133999999999951
0.399999999999999
0.399999999999999
0.0170000000000528
0.382999999999946
0.377000000000052
0.0229999999999464
0.399999999999999
0.388000000000055
0.0119999999999436
0.399999999999999
0.369000000000057
0.030999999999942
0.399999999999999
0.381000000000057
0.0189999999999415
0.399999999999999
0.399999999999999
0.0170000000000599
0.382999999999939
0.399999999999999
0.0710000000000619
0.328999999999937
0.399999999999999
0.128000000000064
0.271999999999935
0.399999999999999
0.187000000000069
0.21299999999993
0.399999999999999
0.221000000000075
0.178999999999924
0.399999999999999
0.251000000000076
0.148999999999923
0.399999999999999
0.23400000000008
0.165999999999919
0.399999999999999
0.215000000000082
0.184999999999917
0.399999999999999
0.188000000000088
0.211999999999911
0.399999999999999
0.183000000000092
0.216999999999906
0.399999999999999
0.195000000000093
0.204999999999906
0.399999999999999
0.284000000000098
0.1159999999999
0.399999999999999
0.399999999999999
0.0150000000001
0.384999999999899
0.399999999999999
0.1400000000001
0.259999999999899
0.399999999999999
0.229000000000106
0.170999999999893
0.399999999999999
0.271000000000107
0.128999999999891
0.399999999999999
0.289000000000108
0.110999999999891
0.399999999999999
0.341000000000108
0.0589999999998909
0.399999999999999
0.377000000000109
0.0229999999998896
0.399999999999999
0.399999999999999
0.0770000000001119
0.322999999999887
0.399999999999999
0.0890000000001123
0.310999999999886
0.399999999999999
0.170000000000115
0.229999999999883
0.399999999999999
0.143000000000121
0.256999999999877
0.399999999999999
0.157000000000124
0.242999999999874
0.399999999999999
0.177000000000127
0.222999999999871
0.399999999999999
0.225000000000129
0.174999999999869
0.399999999999999
0.279000000000131
0.120999999999867
0.399999999999999
0.374000000000137
0.0259999999998612
0.399999999999999
0.390000000000143
0.0099999999998559
0.399999999999999
0.399999999999999
0.104000000000148
0.29599999999985
0.399999999999999
0.330000000000155
0.069999999999844
0.399999999999999
0.399999999999999
0.202000000000162
0.197999999999837
0.400000000000006
0.400000000000006
0.0420000000001579
0.357999999999848
0.400000000000006
0.158000000000143
0.241999999999862
0.400000000000006
0.124000000000137
0.275999999999868
0.400000000000006
0.127000000000123
0.272999999999882
0.400000000000006
0.132000000000119
0.267999999999887
0.400000000000006
0.240000000000109
0.159999999999897
0.400000000000006
0.400000000000006
0.0250000000000909
0.374999999999915
0.400000000000006
0.230000000000075
0.169999999999931
0.400000000000006
0.400000000000006
0.0220000000000624
0.377999999999943
0.400000000000006
0.193000000000055
0.206999999999951
0.400000000000006
0.344000000000037
0.055999999999969
0.400000000000006
0.400000000000006
0.0660000000000167
0.333999999999989
0.400000000000006
0.14500000000001
0.254999999999995
0.400000000000006
0.201999999999998
0.198000000000008
0.400000000000006
0.253999999999991
0.146000000000015
0.400000000000006
0.226999999999975
0.17300000000003
0.400000000000006
0.30999999999996
0.090000000000046
0.400000000000006
0.400000000000006
0.0809999999999462
0.319000000000059
0.400000000000006
0.271999999999935
0.128000000000071
0.400000000000006
0.400000000000006
0.0489999999999213
0.351000000000084
0.400000000000006
0.203999999999908
0.196000000000097
0.400000000000006
0.329999999999899
0.0700000000001069
0.400000000000006
0.400000000000006
0.0439999999998832
0.356000000000122
0.400000000000006
0.157999999999873
0.242000000000132
0.400000000000006
0.263999999999868
0.136000000000138
0.400000000000006
0.363999999999862
0.0360000000001435
0.400000000000006
0.400000000000006
0.059999999999846
0.34000000000016
0.400000000000006
0.13699999999983
0.263000000000176
0.400000000000006
0.217999999999819
0.182000000000187
0.400000000000006
0.300999999999803
0.0990000000002027
0.400000000000006
0.400000000000006
0.00499999999978229
0.395000000000223
0.400000000000006
0.114999999999768
0.285000000000238
0.400000000000006
0.234999999999758
0.165000000000248
0.400000000000006
0.360999999999748
0.0390000000002573
0.400000000000006
0.400000000000006
0.0949999999997289
0.305000000000277
0.400000000000006
0.216999999999715
0.183000000000291
0.400000000000006
0.316999999999709
0.0830000000002968
0.400000000000006
0.391999999999697
0.00800000000030821
0.400000000000006
0.400000000000006
0.074999999999676
0.32500000000033
0.400000000000006
0.16599999999967
0.234000000000336
0.400000000000006
0.271999999999665
0.128000000000341
0.400000000000006
0.377999999999659
0.0220000000003466
0.400000000000006
0.400000000000006
0.0739999999996428
0.326000000000363
0.400000000000006
0.171999999999628
0.228000000000378
0.400000000000006
0.285999999999618
0.114000000000388
0.400000000000006
0.400000000000006
0.0179999999996028
0.382000000000403
0.400000000000006
0.160999999999589
0.239000000000416
0.400000000000006
0.299999999999571
0.100000000000435
0.400000000000006
0.400000000000006
0.044999999999547
0.355000000000459
0.400000000000006
0.180999999999543
0.219000000000463
0.400000000000006
0.304999999999538
0.0950000000004678
0.400000000000006
0.400000000000006
0.000999999999521606
0.399000000000484
0.400000000000006
0.0779999999995056
0.3220000000005
0.400000000000006
0.158999999999494
0.241000000000511
0.400000000000006
0.233999999999483
0.166000000000523
0.400000000000006
0.291999999999476
0.10800000000053
0.400000000000006
0.329999999999458
0.0700000000005474
0.400000000000006
0.34999999999944
0.0500000000005656
0.400000000000006
0.361999999999426
0.0380000000005793
0.400000000000006
0.383999999999418
0.016000000000588
0.400000000000006
0.400000000000006
0.033999999999395
0.366000000000611
0.400000000000006
0.0989999999993785
0.301000000000627
0.400000000000006
0.191999999999368
0.208000000000638
0.400000000000006
0.239999999999355
0.16000000000065
0.400000000000006
0.318999999999349
0.0810000000006568
0.400000000000006
0.348999999999336
0.0510000000006698
0.400000000000006
0.388999999999328
0.0110000000006778
0.400000000000006
0.371999999999318
0.0280000000006879
0.400000000000006
0.344999999999303
0.0550000000007032
0.400000000000006
0.323999999999288
0.0760000000007182
0.400000000000006
0.330999999999278
0.0690000000007274
0.400000000000006
0.35699999999926
0.0430000000007453
0.400000000000006
0.400000000000006
0.000999999999237389
0.399000000000768
0.400000000000006
0.0369999999992388
0.363000000000767
0.400000000000006
0.082999999999231
0.317000000000775
0.400000000000006
0.112999999999232
0.287000000000774
0.400000000000006
0.156999999999215
0.243000000000791
0.400000000000006
0.163999999999191
0.236000000000814
0.400000000000006
0.179999999999183
0.220000000000823
0.400000000000006
0.166999999999177
0.233000000000828
0.400000000000006
0.163999999999163
0.236000000000843
0.400000000000006
0.185999999999154
0.214000000000851
0.400000000000006
0.244999999999152
0.155000000000854
0.400000000000006
0.303999999999149
0.0960000000008563
0.400000000000006
0.400000000000006
0.0239999999991198
0.376000000000886
0.400000000000006
0.0599999999991212
0.340000000000884
0.400000000000006
0.165999999999116
0.23400000000089
0.400000000000006
0.170999999999111
0.229000000000894
0.400000000000006
0.206999999999113
0.193000000000893
0.400000000000006
0.174999999999102
0.225000000000904
0.400000000000006
0.147999999999087
0.252000000000919
0.400000000000006
0.142999999999063
0.257000000000943
0.400000000000006
0.149999999999039
0.250000000000966
0.400000000000006
0.169999999999021
0.230000000000985
0.400000000000006
0.232999999999009
0.167000000000996
0.400000000000006
0.241999999998995
0.15800000000101
0.400000000000006
0.330999999998994
0.0690000000010116
0.400000000000006
0.31999999999897
0.0800000000010357
0.400000000000006
0.357999999998952
0.0420000000010532
0.400000000000006
0.346999999998928
0.0530000000010773
0.400000000000006
0.38699999999892
0.0130000000010853
0.400000000000006
0.400000000000006
0.0169999999989159
0.38300000000109
0.400000000000006
0.0859999999989043
0.314000000001101
0.400000000000006
0.111999999998886
0.288000000001119
0.400000000000006
0.159999999998888
0.240000000001118
0.400000000000006
0.144999999998873
0.255000000001132
0.400000000000006
0.137999999998868
0.262000000001137
0.400000000000006
0.161999999998869
0.238000000001136
0.400000000000006
0.193999999998852
0.206000000001154
0.400000000000006
0.258999999998849
0.141000000001156
0.400000000000006
0.286999999998841
0.113000000001165
0.400000000000006
0.377999999998821
0.0220000000011851
0.400000000000006
0.389999999998821
0.0100000000011846
0.400000000000006
0.400000000000006
0.0469999999988033
0.353000000001202
0.400000000000006
0.0219999999987976
0.378000000001208
0.400000000000006
0.0249999999987836
0.375000000001222
0.400000000000006
0.0389999999987651
0.361000000001241
0.400000000000006
0.103999999998763
0.296000000001243
0.400000000000006
0.147999999998746
0.25200000000126
0.400000000000006
0.279999999998722
0.120000000001284
0.400000000000006
0.291999999998723
0.108000000001283
0.400000000000006
0.400000000000006
0.0609999999986996
0.339000000001306
0.400000000000006
0.0419999999986942
0.358000000001311
0.400000000000006
0.139999999998679
0.260000000001327
0.400000000000006
0.110999999998654
0.289000000001352
0.400000000000006
0.109999999998649
0.290000000001356
0.400000000000006
0.114999999998645
0.285000000001361
0.400000000000006
0.150999999998646
0.249000000001359
0.400000000000006
0.184999999998638
0.215000000001368
0.400000000000006
0.273999999998637
0.126000000001369
0.400000000000006
0.334999999998615
0.0650000000013904
0.400000000000006
0.400000000000006
0.0299999999986085
0.370000000001397
0.400000000000006
0.0719999999986101
0.328000000001396
0.400000000000006
0.142999999998608
0.257000000001398
0.400000000000006
0.133999999998593
0.266000000001412
0.400000000000006
0.130999999998579
0.269000000001427
0.400000000000006
0.109999999998564
0.290000000001442
0.400000000000006
0.108999999998559
0.291000000001446
0.400000000000006
0.185999999998558
0.214000000001448
0.400000000000006
0.250999999998555
0.14900000000145
0.400000000000006
0.372999999998541
0.0270000000014647
0.400000000000006
0.400000000000006
0.00899999999853662
0.391000000001469
0.400000000000006
0.134999999998513
0.265000000001493
0.400000000000006
0.143999999998499
0.256000000001507
0.400000000000006
0.236999999998488
0.163000000001517
0.400000000000006
0.233999999998474
0.166000000001532
0.400000000000006
0.308999999998463
0.091000000001543
0.400000000000006
0.289999999998457
0.110000000001548
0.400000000000006
0.309999999998439
0.0900000000015666
0.400000000000006
0.275999999998419
0.124000000001587
0.400000000000006
0.231999999998408
0.168000000001598
0.400000000000006
0.206999999998402
0.193000000001604
0.400000000000006
0.328999999998388
0.071000000001618
0.400000000000006
0.331999999998374
0.0680000000016321
0.400000000000006
0.400000000000006
0.0709999999983495
0.329000000001656
0.400000000000006
0.0759999999983449
0.324000000001661
0.400000000000006
0.252999999998337
0.147000000001668
0.400000000000006
0.239999999998332
0.160000000001673
0.400000000000006
0.324999999998312
0.0750000000016939
0.400000000000006
0.303999999998297
0.0960000000017089
0.400000000000006
0.317999999998278
0.0820000000017274
0.400000000000006
0.324999999998255
0.0750000000017508
0.400000000000006
0.374999999998238
0.0250000000017678
0.400000000000006
0.400000000000006
0.0269999999982247
0.373000000001781
0.400000000000006
0.109999999998223
0.290000000001783
0.400000000000006
0.174999999998221
0.225000000001785
0.400000000000006
0.290999999998206
0.109000000001799
0.400000000000006
0.318999999998198
0.0810000000018078
0.400000000000006
0.400000000000006
0.0169999999981769
0.383000000001829
0.400000000000006
0.0219999999981724
0.378000000001833
0.400000000000006
0.0869999999981701
0.313000000001836
0.400000000000006
0.075999999998146
0.32400000000186
0.400000000000006
0.0729999999981317
0.327000000001874
0.400000000000006
0.0799999999981083
0.320000000001897
0.400000000000006
0.12199999999811
0.278000000001896
0.400000000000006
0.188999999998089
0.211000000001917
0.400000000000006
0.255999999998068
0.144000000001938
0.400000000000006
0.353999999998052
0.0460000000019534
0.400000000000006
0.399999999998045
1.96109795069788e-12
0.400000000000006
0.400000000000006
0.0479999999980407
0.352000000001965
0.400000000000006
0.0639999999980319
0.336000000001974
0.400000000000006
0.0999999999980332
0.300000000001972
0.400000000000006
0.125999999998015
0.27400000000199
0.400000000000006
0.186999999997994
0.213000000002012
0.400000000000006
0.230999999997977
0.169000000002029
0.400000000000006
0.297999999997955
0.10200000000205
0.400000000000006
0.323999999997937
0.0760000000020682
0.400000000000006
0.392999999997926
0.00700000000207979
0.400000000000006
0.379999999997921
0.020000000002085
0.400000000000006
0.391999999997921
0.00800000000208456
0.400000000000006
0.357999999997901
0.0420000000021048
0.400000000000006
0.323999999997881
0.076000000002125
0.400000000000006
0.304999999997875
0.0950000000021305
0.400000000000006
0.326999999997867
0.0730000000021391
0.400000000000006
0.360999999997858
0.0390000000021473
0.400000000000006
0.400000000000006
0.0749999999978286
0.325000000002177
0.400000000000006
0.0889999999978102
0.311000000002196
0.400000000000006
0.255999999997812
0.144000000002194
0.400000000000006
0.238999999997787
0.161000000002218
0.400000000000006
0.295999999997775
0.10400000000223
0.400000000000006
0.286999999997761
0.113000000002245
0.400000000000006
0.320999999997753
0.079000000002253
0.400000000000006
0.317999999997738
0.0820000000022674
0.400000000000006
0.35999999999774
0.0400000000022658
0.400000000000006
0.346999999997735
0.053000000002271
0.400000000000006
0.370999999997736
0.0290000000022701
0.400000000000006
0.375999999997731
0.0240000000022746
0.400000000000006
0.400000000000006
0.0139999999977078
0.386000000002298
0.400000000000006
0.0459999999976901
0.354000000002316
0.400000000000006
0.147999999997666
0.25200000000234
0.400000000000006
0.159999999997666
0.24000000000234
0.400000000000006
0.281999999997652
0.118000000002354
0.400000000000006
0.260999999997637
0.139000000002369
0.400000000000006
0.304999999997619
0.0950000000023863
0.400000000000006
0.295999999997605
0.104000000002401
0.400000000000006
0.331999999997606
0.0680000000023995
0.400000000000006
0.351999999997588
0.0480000000024177
0.400000000000006
0.400000000000006
0.00899999999757028
0.391000000002435
0.400000000000006
0.0309999999975616
0.369000000002444
0.400000000000006
0.066999999997563
0.333000000002443
0.400000000000006
0.0699999999975489
0.330000000002457
0.400000000000006
0.09999999999755
0.300000000002456
0.400000000000006
0.0809999999975446
0.319000000002461
0.400000000000006
0.0919999999975403
0.308000000002465
0.400000000000006
0.0729999999975348
0.327000000002471
0.399999999999977
0.0929999999975735
0.307000000002404
0.399999999999977
0.0979999999976258
0.302000000002351
0.399999999999977
0.133999999997684
0.266000000002293
0.399999999999977
0.114999999997735
0.285000000002242
0.399999999999977
0.105999999997778
0.2940000000022
0.399999999999977
0.117999999997835
0.282000000002142
0.399999999999977
0.159999999997865
0.240000000002112
0.399999999999977
0.181999999997913
0.218000000002064
0.399999999999977
0.279999999997983
0.120000000001994
0.399999999999977
0.282999999998026
0.117000000001951
0.399999999999977
0.399999999999977
0.00499999999811962
0.395000000001858
0.377999999998167
0.0220000000018103
0.399999999999977
0.399999999999977
0.0529999999982351
0.347000000001742
0.399999999999977
0.0259999999983052
0.374000000001672
0.399999999999977
0.0699999999983447
0.330000000001633
0.399999999999977
0.0299999999983811
0.370000000001596
0.399999999999977
0.0409999999984052
0.359000000001572
0.399999999999977
0.00899999999842294
0.391000000001554
0.399999999999977
0.019999999998447
0.38000000000153
0.399999999999977
0.0109999999984893
0.389000000001488
0.399999999999977
0.0609999999985575
0.33900000000142
0.399999999999977
0.0499999999985903
0.350000000001387
0.399999999999977
0.073999999998648
0.326000000001329
0.399999999999977
0.0609999999986712
0.339000000001306
0.399999999999977
0.0579999999987422
0.342000000001235
0.399999999999977
0.0839999999988095
0.316000000001168
0.399999999999977
0.0909999999988713
0.309000000001106
0.399999999999977
0.163999999998907
0.23600000000107
0.399999999999977
0.177999999998974
0.222000000001003
0.399999999999977
0.258999999998991
0.141000000000986
0.399999999999977
0.251999999999043
0.148000000000934
0.399999999999977
0.267999999999063
0.132000000000914
0.399999999999977
0.227999999999099
0.172000000000878
0.399999999999977
0.175999999999135
0.224000000000842
0.399999999999977
0.150999999999158
0.249000000000819
0.399999999999977
0.147999999999229
0.252000000000749
0.399999999999977
0.177999999999258
0.222000000000719
0.399999999999977
0.225999999999317
0.17400000000066
0.399999999999977
0.279999999999347
0.12000000000063
0.399999999999977
0.321999999999377
0.0780000000005998
0.399999999999977
0.380999999999403
0.0190000000005739
0.399999999999977
0.385999999999456
0.0140000000005216
0.399999999999977
0.399999999999977
0.0239999999995462
0.376000000000431
0.399999999999977
0.0129999999995789
0.387000000000398
0.399999999999977
0.00199999999961165
0.398000000000366
0.388999999999612
0.0110000000003652
0.399999999999977
0.395999999999674
0.00400000000030332
0.399999999999977
0.399999999999977
0.00699999999972079
0.393000000000256
0.399999999999977
0.0449999999997885
0.355000000000189
0.399999999999977
0.0709999999998558
0.329000000000121
0.399999999999977
0.13999999999993
0.260000000000048
0.399999999999977
0.165999999999997
0.23399999999998
0.399999999999977
0.216000000000065
0.183999999999912
0.399999999999977
0.225000000000136
0.174999999999841
0.399999999999977
0.261000000000195
0.138999999999783
0.399999999999977
0.258000000000266
0.141999999999712
0.399999999999977
0.255000000000337
0.144999999999641
0.399999999999977
0.234000000000378
0.165999999999599
0.399999999999977
0.200000000000443
0.199999999999534
0.399999999999977
0.166000000000508
NaN
NaN
NaN
NaN
NaN
NaN
NaN
NaN
NaN
NaN
NaN
NaN
NaN
NaN
NaN
NaN
NaN
NaN
NaN
NaN
NaN
NaN
NaN
NaN
NaN
NaN
NaN
NaN
NaN
NaN
NaN
NaN
NaN
NaN
NaN
NaN
NaN
NaN
NaN
NaN
NaN
NaN
NaN
NaN
NaN
NaN
NaN
NaN
NaN
NaN
NaN
NaN
NaN
NaN
NaN
NaN
NaN
NaN
NaN
NaN
NaN
NaN
NaN
NaN
NaN
NaN
NaN
NaN
NaN
NaN
NaN
NaN
NaN
NaN
NaN
NaN
NaN
NaN
NaN
NaN
NaN
NaN
NaN
NaN
NaN
NaN
NaN
NaN
NaN
NaN
NaN
NaN
NaN
NaN
NaN
NaN
NaN
NaN
NaN
NaN
NaN
NaN
NaN
NaN
NaN
NaN
NaN
NaN
NaN
NaN
NaN
NaN
NaN
NaN
NaN
NaN
NaN
NaN
NaN
NaN
NaN
NaN
NaN
NaN
NaN
NaN
NaN
NaN
NaN
NaN
NaN
NaN
NaN
NaN
NaN
NaN
NaN
NaN
NaN
NaN
NaN
NaN
NaN
NaN
NaN
NaN
NaN
NaN
NaN
NaN
NaN
NaN
NaN
NaN
NaN
NaN
NaN
NaN
NaN
NaN
NaN
NaN
NaN
NaN
NaN
NaN
NaN
NaN
NaN
NaN
NaN
NaN
NaN
NaN
NaN
NaN
NaN
NaN
NaN
NaN
NaN
NaN
NaN
NaN
NaN
NaN
NaN
NaN
NaN
NaN
NaN
NaN
NaN
NaN
NaN
NaN
NaN
NaN
NaN
NaN
NaN
NaN
NaN
NaN
NaN
NaN
NaN
NaN
NaN
NaN
NaN
NaN
NaN
NaN
NaN
NaN
NaN
NaN
NaN
NaN
NaN
NaN
NaN
NaN
NaN
NaN
NaN
NaN
NaN
NaN
NaN
NaN
NaN
NaN
NaN
NaN
NaN
NaN
NaN
NaN
NaN
NaN
NaN
NaN
NaN
NaN
NaN
NaN
NaN
NaN
NaN
NaN
NaN
NaN
NaN
NaN
NaN
NaN
NaN
NaN
NaN
NaN
NaN
NaN
NaN
NaN
NaN
NaN
NaN
NaN
NaN
NaN
NaN
NaN
NaN
NaN
NaN
NaN
NaN
NaN
NaN
NaN
NaN
NaN
NaN
NaN
NaN
NaN
NaN
NaN
NaN
NaN
NaN
NaN
NaN
NaN
NaN
NaN
NaN
NaN
NaN
NaN
NaN
NaN
NaN
NaN
NaN
NaN
NaN
NaN
NaN
NaN
NaN
NaN
NaN
NaN
NaN
NaN
NaN
NaN
NaN
NaN
NaN
NaN
NaN
NaN
NaN
NaN
NaN
NaN
NaN
NaN
NaN
NaN
NaN
NaN
NaN
NaN
NaN
NaN
NaN
NaN
NaN
NaN
NaN
NaN
NaN
NaN
NaN
NaN
NaN
NaN
NaN
NaN
NaN
NaN
NaN
NaN
NaN
NaN
NaN
NaN
NaN
NaN
NaN
NaN
NaN
NaN
NaN
NaN
NaN
NaN
NaN
NaN
NaN
NaN
NaN
NaN
NaN
NaN
NaN
NaN
NaN
NaN
NaN
NaN
NaN
NaN
NaN
NaN
NaN
NaN
NaN
NaN
NaN
NaN
NaN
NaN
NaN
NaN
NaN
NaN
NaN
NaN
NaN
NaN
NaN
NaN
NaN
NaN
NaN
NaN
NaN
NaN
NaN
NaN
NaN
NaN
NaN
NaN
NaN
NaN
NaN
NaN
NaN
NaN
NaN
NaN
NaN
NaN
NaN
NaN
NaN
NaN
NaN
NaN
NaN
NaN
NaN
NaN
NaN
NaN
NaN
NaN
NaN
NaN
NaN
NaN
NaN
NaN
NaN
NaN
NaN
NaN
NaN
NaN
NaN
NaN
NaN
NaN
NaN
NaN
NaN
NaN
NaN
NaN
NaN
NaN
NaN
NaN
NaN
NaN
NaN
NaN
NaN
NaN
NaN
NaN
NaN
NaN
NaN
NaN
NaN
NaN
NaN
NaN
NaN
NaN
NaN
NaN
NaN
NaN
NaN
NaN
NaN
NaN
NaN
NaN
NaN
NaN
NaN
NaN
NaN
NaN
NaN
NaN
NaN
NaN
NaN
NaN
NaN
NaN
NaN
NaN
NaN
NaN
NaN
NaN
NaN
NaN
NaN
NaN
NaN
NaN
NaN
NaN
NaN
NaN
NaN
NaN
NaN
NaN
NaN
NaN
NaN
NaN
NaN
NaN
NaN
NaN
NaN
NaN
NaN
NaN
NaN
NaN
NaN
NaN
NaN
NaN
NaN
NaN
NaN
NaN
NaN
NaN
NaN
NaN
NaN
NaN
NaN
NaN
NaN
NaN
NaN
NaN
NaN
NaN
NaN
NaN
NaN
NaN
NaN
NaN
NaN
NaN
NaN
NaN
NaN
NaN
NaN
NaN
NaN
NaN
NaN
NaN
NaN
NaN
NaN
NaN
NaN
NaN
NaN
NaN
NaN
NaN
NaN
NaN
NaN
NaN
NaN
NaN
NaN
NaN
NaN
NaN
NaN
NaN
NaN
NaN
NaN
NaN
NaN
NaN
NaN
NaN
NaN
NaN
NaN
NaN
NaN
NaN
NaN
NaN
NaN
NaN
NaN
NaN
NaN
NaN
NaN
NaN
NaN
NaN
NaN
NaN
NaN
NaN
NaN
NaN
NaN
NaN
NaN
NaN
NaN
NaN
NaN
NaN
NaN
NaN
NaN
NaN
NaN
NaN
NaN
NaN
NaN
NaN
NaN
NaN
NaN
NaN
NaN
NaN
NaN
NaN
NaN
NaN
NaN
NaN
NaN
NaN
NaN
NaN
NaN
NaN
NaN
NaN
NaN
NaN
NaN
NaN
NaN
NaN
NaN
NaN
NaN
NaN
NaN
NaN
NaN
NaN
NaN
NaN
NaN
NaN
NaN
NaN
NaN
NaN
NaN
NaN
NaN
NaN
NaN
NaN
NaN
NaN
NaN
NaN
NaN
NaN
NaN
NaN
NaN
NaN
NaN
NaN
NaN
NaN
NaN
NaN
NaN
NaN
NaN
NaN
NaN
NaN
NaN
NaN
NaN
NaN
NaN
NaN
NaN
NaN
NaN
NaN
NaN
NaN
NaN
NaN
NaN
NaN
NaN
NaN
NaN
NaN
NaN
NaN
NaN
NaN
NaN
NaN
NaN
NaN
NaN
NaN
NaN
NaN
NaN
NaN
NaN
NaN
NaN
NaN
NaN
NaN
NaN
NaN
NaN
NaN
NaN
NaN
NaN
NaN
NaN
NaN
NaN
NaN
NaN
NaN
NaN
NaN
NaN
NaN
NaN
NaN
NaN
NaN
NaN
NaN
NaN
NaN
NaN
NaN
NaN
NaN
NaN
NaN
NaN
NaN
NaN
NaN
NaN
NaN
NaN
NaN
NaN
NaN
NaN
NaN
NaN
NaN
NaN
NaN
NaN
NaN
NaN
NaN
NaN
NaN
NaN
NaN
NaN
NaN
NaN
NaN
NaN
NaN
NaN
NaN
NaN
NaN
NaN
NaN
NaN
NaN
NaN
NaN
NaN
NaN
NaN
NaN
NaN
NaN
NaN
NaN
NaN
NaN
NaN
NaN
NaN
NaN
NaN
NaN
NaN
NaN
NaN
NaN
NaN
NaN
NaN
NaN
NaN
NaN
NaN
NaN
NaN
NaN
NaN
NaN
NaN
NaN
NaN
NaN
NaN
NaN
NaN
NaN
NaN
NaN
NaN
NaN
NaN
NaN
NaN
NaN
NaN
NaN
NaN
NaN
NaN
NaN
NaN
NaN
NaN
NaN
NaN
NaN
NaN
NaN
NaN
NaN
NaN
NaN
NaN
NaN
NaN
NaN
NaN
NaN
NaN
NaN
NaN
NaN
NaN
NaN
NaN
NaN
NaN
NaN
NaN
NaN
NaN
NaN
NaN
NaN
NaN
NaN
NaN
NaN
NaN
NaN
NaN
NaN
NaN
NaN
NaN
NaN
NaN
NaN
NaN
NaN
NaN
NaN
NaN
NaN
NaN
NaN
NaN
NaN
NaN
NaN
NaN
NaN
NaN
NaN
NaN
NaN
NaN
NaN
NaN
NaN
NaN
NaN
NaN
NaN
NaN
NaN
NaN
NaN
NaN
NaN
NaN
NaN
NaN
NaN
NaN
NaN
NaN
NaN
NaN
NaN
NaN
NaN
NaN
NaN
NaN
NaN
NaN
NaN
NaN
NaN
NaN
NaN
NaN
NaN
NaN
NaN
NaN
NaN
NaN
NaN
NaN
NaN
NaN
NaN
NaN
NaN
NaN
NaN
NaN
NaN
NaN
NaN
NaN
NaN
NaN
NaN
NaN
NaN
NaN
NaN
NaN
NaN
NaN
NaN
NaN
NaN
NaN
NaN
NaN
NaN
NaN
NaN
NaN
NaN
NaN
NaN
NaN
NaN
NaN
NaN
NaN
NaN
NaN
NaN
NaN
NaN
NaN
NaN
NaN
NaN
NaN
NaN
NaN
NaN
NaN
NaN
NaN
NaN
NaN
NaN
NaN
NaN
NaN
NaN
NaN
NaN
NaN
NaN
NaN
NaN
NaN
NaN
NaN
NaN
NaN
NaN
NaN
NaN
NaN
NaN
NaN
NaN
NaN
NaN
NaN
NaN
NaN
NaN
NaN
NaN
NaN
NaN
NaN
NaN
NaN
NaN
NaN
NaN
NaN
NaN
NaN
NaN
NaN
NaN
NaN
NaN
NaN
NaN
NaN
NaN
NaN
NaN
NaN
NaN
NaN
NaN
NaN
NaN
NaN
NaN
NaN
NaN
NaN
NaN
NaN
NaN
NaN
NaN
NaN
NaN
NaN
NaN
NaN
NaN
NaN
NaN
NaN
NaN
NaN
NaN
NaN
NaN
NaN
NaN
NaN
NaN
NaN
NaN
NaN
NaN
NaN
NaN
NaN
NaN
NaN
NaN
NaN
NaN
NaN
NaN
NaN
NaN
NaN
NaN
NaN
NaN
NaN
NaN
NaN
NaN
NaN
NaN
NaN
NaN
NaN
NaN
NaN
NaN
NaN
NaN
NaN
NaN
NaN
NaN
NaN
NaN
NaN
NaN
NaN
NaN
NaN
NaN
NaN
NaN
NaN
NaN
NaN
NaN
NaN
NaN
NaN
NaN
NaN
NaN
NaN
NaN
NaN
NaN
NaN
NaN
NaN
NaN
NaN
NaN
NaN
NaN
NaN
NaN
NaN
NaN
NaN
NaN
NaN
NaN
NaN
NaN
NaN
NaN
NaN
NaN
NaN
NaN
NaN
NaN
NaN
NaN
NaN
NaN
NaN
NaN
NaN
NaN
NaN
NaN
NaN
NaN
NaN
NaN
NaN
NaN
NaN
NaN
NaN
NaN
NaN
NaN
NaN
NaN
NaN
NaN
NaN
NaN
NaN
NaN
NaN
NaN
NaN
NaN
NaN
NaN
NaN
NaN
NaN
NaN
NaN
NaN
NaN
NaN
NaN
NaN
NaN
NaN
NaN
NaN
NaN
NaN
NaN
NaN
NaN
NaN
NaN
NaN
NaN
NaN
NaN
NaN
NaN
NaN
NaN
NaN
NaN
NaN
NaN
NaN
NaN
NaN
NaN
NaN
NaN
NaN
NaN
NaN
NaN
NaN
NaN
NaN
NaN
NaN
NaN
NaN
NaN
NaN
NaN
NaN
NaN
NaN
NaN
NaN
NaN
NaN
NaN
NaN
NaN
NaN
NaN
NaN
NaN
NaN
NaN
NaN
NaN
NaN
NaN
NaN
NaN
NaN
NaN
NaN
NaN
NaN
NaN
NaN
NaN
NaN
NaN
NaN
NaN
NaN
NaN
NaN
NaN
NaN
NaN
NaN
NaN
NaN
NaN
NaN
NaN
NaN
NaN
NaN
NaN
NaN
NaN
NaN
NaN
NaN
NaN
NaN
NaN
NaN
NaN
NaN
NaN
NaN
NaN
NaN
NaN
NaN
NaN
NaN
NaN
NaN
NaN
NaN
NaN
NaN
NaN
NaN
NaN
NaN
NaN
NaN
NaN
NaN
NaN
NaN
NaN
NaN
NaN
NaN
NaN
NaN
NaN
NaN
NaN
NaN
NaN
NaN
NaN
NaN
NaN
NaN
NaN
NaN
NaN
NaN
NaN
NaN
NaN
NaN
NaN
NaN
NaN
NaN
NaN
NaN
NaN
NaN
NaN
NaN
NaN
NaN
NaN
NaN
NaN
NaN
NaN
NaN
NaN
NaN
NaN
NaN
NaN
NaN
NaN
NaN
NaN
NaN
NaN
NaN
NaN
NaN
NaN
NaN
NaN
NaN
NaN
NaN
NaN
NaN
NaN
NaN
NaN
NaN
NaN
NaN
NaN
NaN
NaN
NaN
NaN
NaN
NaN
NaN
NaN
NaN
NaN
NaN
NaN
NaN
NaN
NaN
NaN
NaN
NaN
NaN
NaN
NaN
NaN
NaN
NaN
NaN
NaN
NaN
NaN
NaN
NaN
NaN
NaN
NaN
NaN
NaN
NaN
NaN
NaN
NaN
NaN
NaN
NaN
NaN
NaN
NaN
NaN
NaN
NaN
NaN
NaN
NaN
NaN
NaN
NaN
NaN
NaN
NaN
NaN
NaN
NaN
NaN
NaN
NaN
NaN
NaN
NaN
NaN
NaN
NaN
NaN
NaN
NaN
NaN
NaN
NaN
NaN
NaN
NaN
NaN
NaN
NaN
NaN
NaN
NaN
NaN
NaN
NaN
NaN
NaN
NaN
NaN
NaN
NaN
NaN
NaN
NaN
NaN
NaN
NaN
NaN
NaN
NaN
NaN
NaN
NaN
NaN
NaN
NaN
NaN
NaN
NaN
NaN
NaN
NaN
NaN
NaN
NaN
NaN
NaN
NaN
NaN
NaN
NaN
NaN
NaN
NaN
NaN
NaN
NaN
NaN
NaN
NaN
NaN
NaN
NaN
NaN
NaN
NaN
NaN
NaN
NaN
NaN
NaN
NaN
NaN
NaN
NaN
NaN
NaN
NaN
NaN
NaN
NaN
NaN
NaN
NaN
NaN
NaN
NaN
NaN
NaN
NaN
NaN
NaN
NaN
NaN
NaN
NaN
NaN
NaN
NaN
NaN
NaN
NaN
NaN
NaN
NaN
NaN
NaN
NaN
NaN
NaN
NaN
NaN
NaN
NaN
NaN
NaN
NaN
NaN
NaN
NaN
NaN
NaN
NaN
NaN
NaN
NaN
NaN
NaN
NaN
NaN
NaN
NaN
NaN
NaN
NaN
NaN
NaN
NaN
NaN
NaN
NaN
NaN
NaN
NaN
NaN
NaN
NaN
NaN
NaN
NaN
NaN
NaN
NaN
NaN
NaN
NaN
NaN
NaN
NaN
NaN
NaN
NaN
NaN
NaN
NaN
NaN
NaN
NaN
NaN
NaN
NaN
NaN
NaN
NaN
NaN
NaN
NaN
NaN
NaN
NaN
NaN
NaN
NaN
NaN
NaN
NaN
NaN
NaN
NaN
NaN
NaN
NaN
NaN
NaN
NaN
NaN
NaN
NaN
NaN
NaN
NaN
NaN
NaN
NaN
NaN
NaN
NaN
NaN
NaN
NaN
NaN
NaN
NaN
NaN
NaN
NaN
NaN
NaN
NaN
NaN
NaN
NaN
NaN
NaN
NaN
NaN
NaN
NaN
NaN
NaN
NaN
NaN
NaN
NaN
NaN
NaN
NaN
NaN
NaN
NaN
NaN
NaN
NaN
NaN
NaN
NaN
NaN
NaN
NaN
NaN
NaN
NaN
NaN
NaN
NaN
NaN
NaN
NaN
NaN
NaN
NaN
NaN
NaN
NaN
NaN
NaN
NaN
NaN
NaN
NaN
NaN
NaN
NaN
NaN
NaN
NaN
NaN
NaN
NaN
NaN
NaN
NaN
NaN
NaN
NaN
NaN
NaN
NaN
NaN
NaN
NaN
NaN
NaN
NaN
NaN
NaN
NaN
NaN
NaN
NaN
NaN
NaN
NaN
NaN
NaN
NaN
NaN
NaN
NaN
NaN
NaN
NaN
NaN
NaN
NaN
NaN
NaN
NaN
NaN
NaN
NaN
NaN
NaN
NaN
NaN
NaN
NaN
NaN
NaN
NaN
NaN
NaN
NaN
NaN
NaN
NaN
NaN
NaN
NaN
NaN
NaN
NaN
NaN
NaN
NaN
NaN
NaN
NaN
NaN
NaN
NaN
NaN
NaN
NaN
NaN
NaN
NaN
NaN
NaN
NaN
NaN
NaN
NaN
NaN
NaN
NaN
NaN
NaN
NaN
NaN
NaN
NaN
NaN
NaN
NaN
NaN
NaN
NaN
NaN
NaN
NaN
NaN
NaN
NaN
NaN
NaN
NaN
NaN
NaN
NaN
NaN
NaN
NaN
NaN
NaN
NaN
NaN
NaN
NaN
NaN
NaN
NaN
NaN
NaN
NaN
NaN
NaN
NaN
NaN
NaN
NaN
NaN
NaN
NaN
NaN
NaN
NaN
NaN
NaN
NaN
NaN
NaN
NaN
NaN
NaN
NaN
NaN
NaN
NaN
NaN
NaN
NaN
NaN
NaN
NaN
NaN
NaN
NaN
NaN
NaN
NaN
NaN
NaN
NaN
NaN
NaN
NaN
NaN
NaN
NaN
NaN
NaN
NaN
NaN
NaN
NaN
NaN
NaN
NaN
NaN
NaN
NaN
NaN
NaN
NaN
NaN
NaN
NaN
NaN
NaN
NaN
NaN
NaN
NaN
NaN
NaN
NaN
NaN
NaN
NaN
NaN
NaN
NaN
NaN
NaN
NaN
NaN
NaN
NaN
NaN
NaN
NaN
NaN
NaN
NaN
NaN
NaN
NaN
NaN
NaN
NaN
NaN
NaN
NaN
NaN
NaN
NaN
NaN
NaN
NaN
NaN
NaN
NaN
NaN
NaN
NaN
NaN
NaN
NaN
NaN
NaN
NaN
NaN
NaN
NaN
NaN
NaN
NaN
NaN
NaN
NaN
NaN
NaN
NaN
NaN
NaN
NaN
NaN
NaN
NaN
NaN
NaN
NaN
NaN
NaN
NaN
NaN
NaN
NaN
NaN
NaN
NaN
NaN
NaN
NaN
NaN
NaN
NaN
NaN
NaN
NaN
NaN
NaN
NaN
NaN
NaN
NaN
NaN
NaN
NaN
NaN
NaN
NaN
NaN
NaN
NaN
NaN
NaN
NaN
NaN
NaN
NaN
NaN
NaN
NaN
NaN
NaN
NaN
NaN
NaN
NaN
NaN
NaN
NaN
NaN
NaN
NaN
NaN
NaN
NaN
NaN
NaN
NaN
NaN
NaN
NaN
NaN
NaN
NaN
NaN
NaN
NaN
NaN
NaN
NaN
NaN
NaN
NaN
NaN
NaN
NaN
NaN
NaN
NaN
NaN
NaN
NaN
NaN
NaN
NaN
NaN
NaN
NaN
NaN
NaN
NaN
NaN
NaN
NaN
NaN
NaN
NaN
NaN
NaN
NaN
NaN
NaN
NaN
NaN
NaN
NaN
NaN
NaN
NaN
NaN
NaN
NaN
NaN
NaN
NaN
NaN
NaN
NaN
NaN
NaN
NaN
NaN
NaN
NaN
NaN
NaN
NaN
NaN
NaN
NaN
NaN
NaN
NaN
NaN
NaN
NaN
NaN
NaN
NaN
NaN
NaN
NaN
NaN
NaN
NaN
NaN
NaN
NaN
NaN
NaN
NaN
NaN
NaN
NaN
NaN
NaN
NaN
NaN
NaN
NaN
NaN
NaN
NaN
NaN
NaN
NaN
NaN
NaN
NaN
NaN
NaN
NaN
NaN
NaN
NaN
NaN
NaN
NaN
NaN
NaN
NaN
NaN
NaN
NaN
NaN
NaN
NaN
NaN
NaN
NaN
NaN
NaN
NaN
NaN
NaN
NaN
NaN
NaN
NaN
NaN
NaN
NaN
NaN
NaN
NaN
NaN
NaN
NaN
NaN
NaN
NaN
NaN
NaN
NaN
NaN
NaN
NaN
NaN
