0.014
0.4
0.4
0.168
0.232
0.4
0.364
0.0359999999999996
0.4
0.4
0.152000000000001
0.247999999999999
0.4
0.350000000000001
0.0499999999999998
0.4
0.4
0.141999999999999
0.258000000000001
0.4
0.319999999999999
0.0800000000000018
0.4
0.4
0.0999999999999979
0.300000000000002
0.4
0.297999999999996
0.102000000000004
0.4
0.4
0.0959999999999948
0.304000000000006
0.4
0.299999999999994
0.100000000000007
0.4
0.4
0.095999999999993
0.304000000000007
0.4
0.289999999999992
0.110000000000008
0.4
0.4
0.0839999999999907
0.31600000000001
0.4
0.28999999999999
0.11000000000001
0.4
0.4
0.105999999999989
0.294000000000011
0.399999999999999
0.31999999999999
0.080000000000009
0.399999999999999
0.399999999999999
0.145999999999994
0.254000000000005
0.399999999999999
0.367999999999995
0.0320000000000036
0.399999999999999
0.399999999999999
0.183999999999997
0.216000000000001
0.399999999999999
0.385999999999999
0.0139999999999993
0.399999999999999
0.399999999999999
0.188000000000002
0.211999999999996
0.399999999999999
0.392000000000007
0.00799999999999201
0.399999999999999
0.399999999999999
0.19400000000001
0.205999999999989
0.399999999999999
0.399999999999999
0.0020000000000131
0.397999999999985
0.399999999999999
0.228000000000016
0.171999999999983
0.399999999999999
0.399999999999999
0.0540000000000198
0.345999999999979
0.399999999999999
0.254000000000023
0.145999999999976
0.399999999999999
0.399999999999999
0.0580000000000283
0.34199999999997
0.399999999999999
0.268000000000033
0.131999999999966
0.399999999999999
0.399999999999999
0.0880000000000365
0.311999999999962
0.399999999999999
0.284000000000042
0.115999999999957
0.399999999999999
0.399999999999999
0.090000000000046
0.309999999999953
0.399999999999999
0.298000000000052
0.101999999999947
0.399999999999999
0.399999999999999
0.116000000000057
0.283999999999942
0.399999999999999
0.338000000000058
0.0619999999999408
0.399999999999999
0.399999999999999
0.153000000000063
0.246999999999936
0.399999999999999
0.355000000000068
0.0449999999999307
0.399999999999999
0.399999999999999
0.143000000000072
0.256999999999927
0.399999999999999
0.329000000000072
0.0709999999999269
0.399999999999999
0.399999999999999
0.113000000000078
0.286999999999921
0.399999999999999
0.279000000000082
0.120999999999917
0.399999999999999
0.399999999999999
0.0310000000000841
0.368999999999915
0.399999999999999
0.189000000000085
0.210999999999913
0.399999999999999
0.371000000000087
0.0289999999999111
0.399999999999999
0.399999999999999
0.169000000000089
0.230999999999909
0.399999999999999
0.375000000000092
0.0249999999999062
0.399999999999999
0.399999999999999
0.161000000000094
0.238999999999905
0.399999999999999
0.367000000000097
0.0329999999999018
0.399999999999999
0.399999999999999
0.179000000000102
0.220999999999897
0.399999999999999
0.373000000000104
0.0269999999998944
0.399999999999999
0.399999999999999
0.173000000000108
0.22699999999989
0.399999999999999
0.363000000000113
0.0369999999998853
0.399999999999999
0.399999999999999
0.143000000000114
0.256999999999884
0.399999999999999
0.303000000000118
0.0969999999998805
0.399999999999999
0.399999999999999
0.077000000000119
0.32299999999988
0.399999999999999
0.247000000000121
0.152999999999878
0.399999999999999
0.399999999999999
0.00500000000012335
0.394999999999875
0.399999999999999
0.153000000000127
0.246999999999872
0.399999999999999
0.29500000000013
0.104999999999869
0.399999999999999
0.399999999999999
0.0290000000001314
0.370999999999867
0.399999999999999
0.155000000000136
0.244999999999862
0.399999999999999
0.307000000000137
0.0929999999998614
0.399999999999999
0.399999999999999
0.0690000000001447
0.330999999999854
0.400000000000006
0.235000000000142
0.164999999999864
0.400000000000006
0.400000000000006
0.00900000000012824
0.390999999999877
0.400000000000006
0.191000000000116
0.208999999999889
0.400000000000006
0.367000000000104
0.0329999999999018
0.400000000000006
0.400000000000006
0.13500000000009
0.264999999999915
0.400000000000006
0.317000000000078
0.0829999999999274
0.400000000000006
0.400000000000006
0.101000000000056
0.29899999999995
0.400000000000006
0.271000000000043
0.128999999999962
0.400000000000006
0.400000000000006
0.035000000000025
0.364999999999981
0.400000000000006
0.213000000000008
0.186999999999998
0.400000000000006
0.388999999999996
0.0110000000000099
0.400000000000006
0.400000000000006
0.148999999999972
0.251000000000033
0.400000000000006
0.314999999999955
0.0850000000000506
0.400000000000006
0.400000000000006
0.0869999999999322
0.313000000000073
0.400000000000006
0.246999999999915
0.153000000000091
0.400000000000006
0.386999999999901
0.0130000000001047
0.400000000000006
0.400000000000006
0.138999999999882
0.261000000000124
0.400000000000006
0.286999999999864
0.113000000000142
0.400000000000006
0.400000000000006
0.0249999999998494
0.375000000000156
0.400000000000006
0.168999999999841
0.231000000000165
0.400000000000006
0.332999999999828
0.0670000000001778
0.400000000000006
0.400000000000006
0.0989999999998048
0.301000000000201
0.400000000000006
0.256999999999792
0.143000000000214
0.400000000000006
0.400000000000006
0.0449999999997743
0.355000000000231
0.400000000000006
0.242999999999768
0.157000000000238
0.400000000000006
0.400000000000006
0.0409999999997552
0.35900000000025
0.400000000000006
0.240999999999744
0.159000000000262
0.400000000000006
0.400000000000006
0.0589999999997275
0.341000000000278
0.400000000000006
0.274999999999721
0.125000000000284
0.400000000000006
0.400000000000006
0.0829999999997
0.317000000000306
0.400000000000006
0.296999999999684
0.103000000000321
0.400000000000006
0.400000000000006
0.116999999999663
0.283000000000342
0.400000000000006
0.314999999999657
0.085000000000349
0.400000000000006
0.400000000000006
0.12099999999964
0.279000000000366
0.400000000000006
0.330999999999634
0.0690000000003721
0.400000000000006
0.400000000000006
0.124999999999616
0.275000000000389
0.400000000000006
0.33499999999961
0.0650000000003956
0.400000000000006
0.400000000000006
0.132999999999598
0.267000000000408
0.400000000000006
0.322999999999581
0.0770000000004245
0.400000000000006
0.400000000000006
0.0849999999995674
0.315000000000438
0.400000000000006
0.248999999999555
0.151000000000451
0.400000000000006
0.400000000000006
0.0209999999995318
0.379000000000474
0.400000000000006
0.176999999999524
0.223000000000482
0.400000000000006
0.334999999999511
0.0650000000004951
0.400000000000006
0.400000000000006
0.118999999999488
0.281000000000518
0.400000000000006
0.310999999999481
0.0890000000005244
0.400000000000006
0.400000000000006
0.0889999999994586
0.311000000000547
0.400000000000006
0.276999999999447
0.123000000000559
0.400000000000006
0.400000000000006
0.0909999999994255
0.30900000000058
0.400000000000006
0.308999999999415
0.0910000000005908
0.400000000000006
0.400000000000006
0.104999999999393
0.295000000000613
0.400000000000006
0.302999999999386
0.0970000000006195
0.400000000000006
0.400000000000006
0.108999999999369
0.291000000000636
0.400000000000006
0.308999999999358
0.0910000000006477
0.400000000000006
0.400000000000006
0.0969999999993405
0.303000000000665
0.400000000000006
0.290999999999329
0.109000000000677
0.400000000000006
0.400000000000006
0.0849999999993116
0.315000000000694
0.400000000000006
0.282999999999305
0.117000000000701
0.400000000000006
0.400000000000006
0.0709999999992874
0.329000000000718
0.400000000000006
0.240999999999275
0.159000000000731
0.400000000000006
0.400000000000006
0.0209999999992618
0.379000000000744
0.400000000000006
0.200999999999254
0.199000000000751
0.400000000000006
0.372999999999237
0.0270000000007684
0.400000000000006
0.400000000000006
0.16099999999922
0.239000000000786
0.400000000000006
0.358999999999213
0.0410000000007926
0.400000000000006
0.400000000000006
0.152999999999196
0.24700000000081
0.400000000000006
0.340999999999184
0.0590000000008217
0.400000000000006
0.400000000000006
0.134999999999167
0.265000000000839
0.400000000000006
0.336999999999165
0.0630000000008408
0.400000000000006
0.400000000000006
0.126999999999157
0.273000000000849
0.400000000000006
0.320999999999145
0.0790000000008604
0.400000000000006
0.400000000000006
0.122999999999138
0.277000000000868
0.400000000000006
0.316999999999126
0.0830000000008795
0.400000000000006
0.400000000000006
0.0969999999990989
0.303000000000907
0.400000000000006
0.296999999999088
0.103000000000918
0.400000000000006
0.400000000000006
0.0929999999990798
0.307000000000926
0.400000000000006
0.282999999999078
0.117000000000928
0.400000000000006
0.400000000000006
0.0749999999990507
0.325000000000955
0.400000000000006
0.268999999999039
0.131000000000967
0.400000000000006
0.400000000000006
0.0449999999990212
0.355000000000985
0.400000000000006
0.226999999999009
0.173000000000997
0.400000000000006
0.400000000000006
0.00299999999899114
0.397000000001015
0.400000000000006
0.180999999998988
0.219000000001017
0.400000000000006
0.350999999998976
0.0490000000010298
0.400000000000006
0.400000000000006
0.132999999998958
0.267000000001048
0.400000000000006
0.324999999998937
0.0750000000010687
0.400000000000006
0.400000000000006
0.106999999998919
0.293000000001086
0.400000000000006
0.298999999998898
0.101000000001108
0.400000000000006
0.400000000000006
0.0929999999988809
0.307000000001125
0.400000000000006
0.268999999998869
0.131000000001137
0.400000000000006
0.400000000000006
0.0509999999988509
0.349000000001155
0.400000000000006
0.228999999998848
0.171000000001158
0.400000000000006
0.392999999998835
0.00700000000117029
0.400000000000006
0.400000000000006
0.162999999998817
0.237000000001188
0.400000000000006
0.322999999998814
0.0770000000011919
0.400000000000006
0.400000000000006
0.064999999998804
0.335000000001202
0.400000000000006
0.210999999998791
0.189000000001215
0.400000000000006
0.390999999998769
0.00900000000123669
0.400000000000006
0.400000000000006
0.198999999998762
0.201000000001244
0.400000000000006
0.37899999999874
0.0210000000012656
0.400000000000006
0.400000000000006
0.126999999998731
0.273000000001275
0.400000000000006
0.292999999998727
0.107000000001278
0.400000000000006
0.400000000000006
0.0609999999986996
0.339000000001306
0.400000000000006
0.192999999998676
0.207000000001329
0.400000000000006
0.326999999998662
0.0730000000013433
0.400000000000006
0.400000000000006
0.0699999999986574
0.330000000001348
0.400000000000006
0.215999999998644
0.184000000001362
0.400000000000006
0.35599999999863
0.0440000000013754
0.400000000000006
0.400000000000006
0.0939999999986014
0.306000000001404
0.400000000000006
0.261999999998579
0.138000000001426
0.400000000000006
0.400000000000006
0.0299999999985516
0.370000000001454
0.400000000000006
0.179999999998529
0.220000000001477
0.400000000000006
0.345999999998526
0.05400000000148
0.400000000000006
0.400000000000006
0.125999999998498
0.274000000001507
0.400000000000006
0.285999999998495
0.114000000001511
0.400000000000006
0.400000000000006
0.0319999999984759
0.36800000000153
0.400000000000006
0.201999999998463
0.198000000001542
0.400000000000006
0.381999999998442
0.0180000000015639
0.400000000000006
0.400000000000006
0.129999999998432
0.270000000001573
0.400000000000006
0.261999999998409
0.138000000001597
0.400000000000006
0.399999999998386
1.62003743753303e-12
0.400000000000006
0.400000000000006
0.137999999998357
0.262000000001649
0.400000000000006
0.275999999998334
0.124000000001672
0.400000000000006
0.400000000000006
0.0279999999983147
0.372000000001691
0.400000000000006
0.193999999998312
0.206000000001694
0.400000000000006
0.347999999998308
0.0520000000016978
0.400000000000006
0.400000000000006
0.0939999999982888
0.306000000001717
0.400000000000006
0.257999999998276
0.14200000000173
0.400000000000006
0.400000000000006
0.0319999999982485
0.368000000001757
0.400000000000006
0.171999999998235
0.228000000001771
0.400000000000006
0.307999999998231
0.0920000000017751
0.400000000000006
0.400000000000006
0.0639999999982024
0.336000000001803
0.400000000000006
0.221999999998189
0.178000000001816
0.400000000000006
0.365999999998166
0.0340000000018392
0.400000000000006
0.400000000000006
0.135999999998148
0.264000000001857
0.400000000000006
0.335999999998137
0.0640000000018688
0.400000000000006
0.400000000000006
0.14199999999812
0.258000000001886
0.400000000000006
0.323999999998108
0.0760000000018977
0.400000000000006
0.400000000000006
0.135999999998091
0.264000000001914
0.400000000000006
0.353999999998081
0.0460000000019249
0.400000000000006
0.400000000000006
0.165999999998064
0.234000000001942
0.400000000000006
0.359999999998053
0.0400000000019531
0.400000000000006
0.400000000000006
0.157999999998026
0.24200000000198
0.400000000000006
0.351999999998014
0.0480000000019913
0.400000000000006
0.400000000000006
0.119999999997987
0.280000000002019
0.400000000000006
0.299999999997965
0.100000000002041
0.400000000000006
0.400000000000006
0.0879999999979475
0.312000000002058
0.400000000000006
0.285999999997927
0.114000000002079
0.400000000000006
0.400000000000006
0.0839999999979
0.316000000002106
0.400000000000006
0.297999999997899
0.102000000002107
0.400000000000006
0.400000000000006
0.117999999997892
0.282000000002114
0.400000000000006
0.30599999999788
0.0940000000021257
0.400000000000006
0.400000000000006
0.0999999999978627
0.300000000002143
0.400000000000006
0.299999999997851
0.100000000002154
0.400000000000006
0.400000000000006
0.107999999997844
0.292000000002162
0.400000000000006
0.299999999997823
0.100000000002183
0.400000000000006
0.400000000000006
0.101999999997815
0.29800000000219
0.400000000000006
0.303999999997814
0.0960000000021921
0.400000000000006
0.400000000000006
0.0839999999977863
0.316000000002219
0.400000000000006
0.253999999997774
0.146000000002232
0.400000000000006
0.400000000000006
0.045999999997747
0.354000000002259
0.400000000000006
0.237999999997726
0.16200000000228
0.400000000000006
0.400000000000006
0.0219999999977176
0.378000000002288
0.400000000000006
0.225999999997697
0.174000000002309
0.400000000000006
0.400000000000006
0.0399999999976899
0.360000000002316
0.400000000000006
0.227999999997678
0.172000000002328
0.400000000000006
0.400000000000006
0.013999999997651
0.386000000002355
0.400000000000006
0.197999999997649
0.202000000002357
0.400000000000006
0.371999999997627
0.028000000002379
0.400000000000006
0.400000000000006
0.133999999997599
0.266000000002407
0.400000000000006
0.297999999997586
0.10200000000242
0.400000000000006
0.400000000000006
0.059999999997558
0.340000000002448
0.400000000000006
0.203999999997535
0.196000000002471
0.400000000000006
0.361999999997522
0.0380000000024836
0.400000000000006
0.400000000000006
0.129999999997494
0.270000000002511
0.400000000000006
0.297999999997472
0.102000000002533
0.400000000000006
0.400000000000006
0.0759999999974639
0.324000000002542
0.400000000000006
0.265999999997462
0.134000000002544
0.400000000000006
0.400000000000006
0.0599999999974443
0.340000000002561
0.400000000000006
0.231999999997441
0.168000000002564
0.400000000000006
0.400000000000006
0.0159999999974332
0.384000000002573
0.400000000000006
0.209999999997422
0.190000000002584
0.400000000000006
0.3779999999974
0.0220000000026062
0.400000000000006
0.400000000000006
0.157999999997372
0.242000000002633
0.400000000000006
0.351999999997361
0.048000000002645
0.400000000000006
0.400000000000006
0.139999999997343
0.260000000002663
0.400000000000006
0.331999999997322
0.0680000000026837
0.400000000000006
0.400000000000006
0.125999999997305
0.274000000002701
0.400000000000006
0.309999999997302
0.0900000000027035
0.400000000000006
0.400000000000006
0.0819999999972936
0.318000000002712
0.400000000000006
0.295999999997292
0.104000000002713
0.400000000000006
0.400000000000006
0.115999999997285
0.28400000000272
0.400000000000006
0.309999999997274
0.0900000000027319
0.400000000000006
0.400000000000006
0.0939999999972656
0.30600000000274
0.400000000000006
0.301999999997264
0.0980000000027417
0.400000000000006
0.400000000000006
0.105999999997238
0.294000000002768
0.399999999999977
0.299999999997283
0.100000000002694
0.399999999999977
0.399999999999977
0.095999999997332
0.304000000002645
0.399999999999977
0.289999999997406
0.110000000002572
0.399999999999977
0.399999999999977
0.0499999999974534
0.350000000002524
0.399999999999977
0.199999999997488
0.20000000000249
0.399999999999977
0.363999999997532
0.0360000000024456
0.399999999999977
0.399999999999977
0.137999999997589
0.262000000002388
0.399999999999977
0.285999999997614
0.114000000002363
0.399999999999977
0.399999999999977
0.0139999999976794
0.386000000002298
0.399999999999977
0.146999999997718
0.25300000000226
0.399999999999977
0.300999999997771
0.0990000000022064
0.399999999999977
0.399999999999977
0.079999999997824
0.320000000002153
0.399999999999977
0.273999999997898
0.12600000000208
0.399999999999977
0.399999999999977
0.0599999999979559
0.340000000002021
0.399999999999977
0.233999999997991
0.166000000001986
0.399999999999977
0.399999999999977
0.0159999999980869
0.38400000000189
0.399999999999977
0.0139999999981342
0.386000000001843
0.380999999998153
0.0190000000018244
0.399999999999977
0.399999999999977
0.0499999999982492
0.350000000001728
0.399999999999977
0.187999999998283
0.212000000001694
0.399999999999977
0.269999999998333
0.130000000001644
0.399999999999977
0.311999999998363
0.0880000000016139
0.399999999999977
0.356999999998436
0.0430000000015411
0.399999999999977
0.399999999999977
0.0289999999985184
0.371000000001459
0.399999999999977
0.136999999998579
0.263000000001398
0.399999999999977
0.281999999998618
0.118000000001359
0.399999999999977
0.399999999999977
0.0599999999986949
0.340000000001282
0.399999999999977
0.26199999999875
0.138000000001227
0.399999999999977
0.399999999999977
0.0759999999988281
0.324000000001149
0.399999999999977
0.291999999998893
0.108000000001084
0.399999999999977
0.399999999999977
0.103999999998962
0.296000000001015
0.399999999999977
0.308999999999003
0.0910000000009745
0.399999999999977
0.399999999999977
0.104999999999052
0.295000000000925
0.399999999999977
0.293999999999073
0.106000000000904
0.399999999999977
0.399999999999977
0.0779999999991219
0.322000000000855
0.399999999999977
0.261999999999148
0.138000000000829
0.399999999999977
0.399999999999977
0.0439999999992438
0.356000000000734
0.399999999999977
0.213999999999317
0.186000000000661
0.399999999999977
0.399999999999977
0.0219999999993661
0.378000000000611
0.399999999999977
0.237999999999431
0.162000000000546
0.399999999999977
0.399999999999977
0.0499999999994998
0.350000000000477
0.399999999999977
0.251999999999555
0.148000000000422
0.399999999999977
0.399999999999977
0.037999999999613
0.362000000000364
0.399999999999977
0.205999999999676
0.194000000000301
0.399999999999977
0.361999999999739
0.0380000000002383
0.399999999999977
0.399999999999977
0.131999999999834
0.268000000000143
0.399999999999977
0.32999999999987
0.0700000000001069
0.399999999999977
0.399999999999977
0.13599999999991
0.264000000000067
0.399999999999977
0.341999999999928
NaN
NaN
NaN
NaN
NaN
NaN
NaN
NaN
NaN
NaN
NaN
NaN
NaN
NaN
NaN
NaN
NaN
NaN
NaN
NaN
NaN
NaN
NaN
NaN
NaN
NaN
NaN
NaN
NaN
NaN
NaN
NaN
NaN
NaN
NaN
NaN
NaN
NaN
NaN
NaN
NaN
NaN
NaN
NaN
NaN
NaN
NaN
NaN
NaN
NaN
NaN
NaN
NaN
NaN
NaN
NaN
NaN
NaN
NaN
NaN
NaN
NaN
NaN
NaN
NaN
NaN
NaN
NaN
NaN
NaN
NaN
NaN
NaN
NaN
NaN
NaN
NaN
NaN
NaN
NaN
NaN
NaN
NaN
NaN
NaN
NaN
NaN
NaN
NaN
NaN
NaN
NaN
NaN
NaN
NaN
NaN
NaN
NaN
NaN
NaN
NaN
NaN
NaN
NaN
NaN
NaN
NaN
NaN
NaN
NaN
NaN
NaN
NaN
NaN
NaN
NaN
NaN
NaN
NaN
NaN
NaN
NaN
NaN
NaN
NaN
NaN
NaN
NaN
NaN
NaN
NaN
NaN
NaN
NaN
NaN
NaN
NaN
NaN
NaN
NaN
NaN
NaN
NaN
NaN
NaN
NaN
NaN
NaN
NaN
NaN
NaN
NaN
NaN
NaN
NaN
NaN
NaN
NaN
NaN
NaN
NaN
NaN
NaN
NaN
NaN
NaN
NaN
NaN
NaN
NaN
NaN
NaN
NaN
NaN
NaN
NaN
NaN
NaN
NaN
NaN
NaN
NaN
NaN
NaN
NaN
NaN
NaN
NaN
NaN
NaN
NaN
NaN
NaN
NaN
NaN
NaN
NaN
NaN
NaN
NaN
NaN
NaN
NaN
NaN
NaN
NaN
NaN
NaN
NaN
NaN
NaN
NaN
NaN
NaN
NaN
NaN
NaN
NaN
NaN
NaN
NaN
NaN
NaN
NaN
NaN
NaN
NaN
NaN
NaN
NaN
NaN
NaN
NaN
NaN
NaN
NaN
NaN
NaN
NaN
NaN
NaN
NaN
NaN
NaN
NaN
NaN
NaN
NaN
NaN
NaN
NaN
NaN
NaN
NaN
NaN
NaN
NaN
NaN
NaN
NaN
NaN
NaN
NaN
NaN
NaN
NaN
NaN
NaN
NaN
NaN
NaN
NaN
NaN
NaN
NaN
NaN
NaN
NaN
NaN
NaN
NaN
NaN
NaN
NaN
NaN
NaN
NaN
NaN
NaN
NaN
NaN
NaN
NaN
NaN
NaN
NaN
NaN
NaN
NaN
NaN
NaN
NaN
NaN
NaN
NaN
NaN
NaN
NaN
NaN
NaN
NaN
NaN
NaN
NaN
NaN
NaN
NaN
NaN
NaN
NaN
NaN
NaN
NaN
NaN
NaN
NaN
NaN
NaN
NaN
NaN
NaN
NaN
NaN
NaN
NaN
NaN
NaN
NaN
NaN
NaN
NaN
NaN
NaN
NaN
NaN
NaN
NaN
NaN
NaN
NaN
NaN
NaN
NaN
NaN
NaN
NaN
NaN
NaN
NaN
NaN
NaN
NaN
NaN
NaN
NaN
NaN
NaN
NaN
NaN
NaN
NaN
NaN
NaN
NaN
NaN
NaN
NaN
NaN
NaN
NaN
NaN
NaN
NaN
NaN
NaN
NaN
NaN
NaN
NaN
NaN
NaN
NaN
NaN
NaN
NaN
NaN
NaN
NaN
NaN
NaN
NaN
NaN
NaN
NaN
NaN
NaN
NaN
NaN
NaN
NaN
NaN
NaN
NaN
NaN
NaN
NaN
NaN
NaN
NaN
NaN
NaN
NaN
NaN
NaN
NaN
NaN
NaN
NaN
NaN
NaN
NaN
NaN
NaN
NaN
NaN
NaN
NaN
NaN
NaN
NaN
NaN
NaN
NaN
NaN
NaN
NaN
NaN
NaN
NaN
NaN
NaN
NaN
NaN
NaN
NaN
NaN
NaN
NaN
NaN
NaN
NaN
NaN
NaN
NaN
NaN
NaN
NaN
NaN
NaN
NaN
NaN
NaN
NaN
NaN
NaN
NaN
NaN
NaN
NaN
NaN
NaN
NaN
NaN
NaN
NaN
NaN
NaN
NaN
NaN
NaN
NaN
NaN
NaN
NaN
NaN
NaN
NaN
NaN
NaN
NaN
NaN
NaN
NaN
NaN
NaN
NaN
NaN
NaN
NaN
NaN
NaN
NaN
NaN
NaN
NaN
NaN
NaN
NaN
NaN
NaN
NaN
NaN
NaN
NaN
NaN
NaN
NaN
NaN
NaN
NaN
NaN
NaN
NaN
NaN
NaN
NaN
NaN
NaN
NaN
NaN
NaN
NaN
NaN
NaN
NaN
NaN
NaN
NaN
NaN
NaN
NaN
NaN
NaN
NaN
NaN
NaN
NaN
NaN
NaN
NaN
NaN
NaN
NaN
NaN
NaN
NaN
NaN
NaN
NaN
NaN
NaN
NaN
NaN
NaN
NaN
NaN
NaN
NaN
NaN
NaN
NaN
NaN
NaN
NaN
NaN
NaN
NaN
NaN
NaN
NaN
NaN
NaN
NaN
NaN
NaN
NaN
NaN
NaN
NaN
NaN
NaN
NaN
NaN
NaN
NaN
NaN
NaN
NaN
NaN
NaN
NaN
NaN
NaN
NaN
NaN
NaN
NaN
NaN
NaN
NaN
NaN
NaN
NaN
NaN
NaN
NaN
NaN
NaN
NaN
NaN
NaN
NaN
NaN
NaN
NaN
NaN
NaN
NaN
NaN
NaN
NaN
NaN
NaN
NaN
NaN
NaN
NaN
NaN
NaN
NaN
NaN
NaN
NaN
NaN
NaN
NaN
NaN
NaN
NaN
NaN
NaN
NaN
NaN
NaN
NaN
NaN
NaN
NaN
NaN
NaN
NaN
NaN
NaN
NaN
NaN
NaN
NaN
NaN
NaN
NaN
NaN
NaN
NaN
NaN
NaN
NaN
NaN
NaN
NaN
NaN
NaN
NaN
NaN
NaN
NaN
NaN
NaN
NaN
NaN
NaN
NaN
NaN
NaN
NaN
NaN
NaN
NaN
NaN
NaN
NaN
NaN
NaN
NaN
NaN
NaN
NaN
NaN
NaN
NaN
NaN
NaN
NaN
NaN
NaN
NaN
NaN
NaN
NaN
NaN
NaN
NaN
NaN
NaN
NaN
NaN
NaN
NaN
NaN
NaN
NaN
NaN
NaN
NaN
NaN
NaN
NaN
NaN
NaN
NaN
NaN
NaN
NaN
NaN
NaN
NaN
NaN
NaN
NaN
NaN
NaN
NaN
NaN
NaN
NaN
NaN
NaN
NaN
NaN
NaN
NaN
NaN
NaN
NaN
NaN
NaN
NaN
NaN
NaN
NaN
NaN
NaN
NaN
NaN
NaN
NaN
NaN
NaN
NaN
NaN
NaN
NaN
NaN
NaN
NaN
NaN
NaN
NaN
NaN
NaN
NaN
NaN
NaN
NaN
NaN
NaN
NaN
NaN
NaN
NaN
NaN
NaN
NaN
NaN
NaN
NaN
NaN
NaN
NaN
NaN
NaN
NaN
NaN
NaN
NaN
NaN
NaN
NaN
NaN
NaN
NaN
NaN
NaN
NaN
NaN
NaN
NaN
NaN
NaN
NaN
NaN
NaN
NaN
NaN
NaN
NaN
NaN
NaN
NaN
NaN
NaN
NaN
NaN
NaN
NaN
NaN
NaN
NaN
NaN
NaN
NaN
NaN
NaN
NaN
NaN
NaN
NaN
NaN
NaN
NaN
NaN
NaN
NaN
NaN
NaN
NaN
NaN
NaN
NaN
NaN
NaN
NaN
NaN
NaN
NaN
NaN
NaN
NaN
NaN
NaN
NaN
NaN
NaN
NaN
NaN
NaN
NaN
NaN
NaN
NaN
NaN
NaN
NaN
NaN
NaN
NaN
NaN
NaN
NaN
NaN
NaN
NaN
NaN
NaN
NaN
NaN
NaN
NaN
NaN
NaN
NaN
NaN
NaN
NaN
NaN
NaN
NaN
NaN
NaN
NaN
NaN
NaN
NaN
NaN
NaN
NaN
NaN
NaN
NaN
NaN
NaN
NaN
NaN
NaN
NaN
NaN
NaN
NaN
NaN
NaN
NaN
NaN
NaN
NaN
NaN
NaN
NaN
NaN
NaN
NaN
NaN
NaN
NaN
NaN
NaN
NaN
NaN
NaN
NaN
NaN
NaN
NaN
NaN
NaN
NaN
NaN
NaN
NaN
NaN
NaN
NaN
NaN
NaN
NaN
NaN
NaN
NaN
NaN
NaN
NaN
NaN
NaN
NaN
NaN
NaN
NaN
NaN
NaN
NaN
NaN
NaN
NaN
NaN
NaN
NaN
NaN
NaN
NaN
NaN
NaN
NaN
NaN
NaN
NaN
NaN
NaN
NaN
NaN
NaN
NaN
NaN
NaN
NaN
NaN
NaN
NaN
NaN
NaN
NaN
NaN
NaN
NaN
NaN
NaN
NaN
NaN
NaN
NaN
NaN
NaN
NaN
NaN
NaN
NaN
NaN
NaN
NaN
NaN
NaN
NaN
NaN
NaN
NaN
NaN
NaN
NaN
NaN
NaN
NaN
NaN
NaN
NaN
NaN
NaN
NaN
NaN
NaN
NaN
NaN
NaN
NaN
NaN
NaN
NaN
NaN
NaN
NaN
NaN
NaN
NaN
NaN
NaN
NaN
NaN
NaN
NaN
NaN
NaN
NaN
NaN
NaN
NaN
NaN
NaN
NaN
NaN
NaN
NaN
NaN
NaN
NaN
NaN
NaN
NaN
NaN
NaN
NaN
NaN
NaN
NaN
NaN
NaN
NaN
NaN
NaN
NaN
NaN
NaN
NaN
NaN
NaN
NaN
NaN
NaN
NaN
NaN
NaN
NaN
NaN
NaN
NaN
NaN
NaN
NaN
NaN
NaN
NaN
NaN
NaN
NaN
NaN
NaN
NaN
NaN
NaN
NaN
NaN
NaN
NaN
NaN
NaN
NaN
NaN
NaN
NaN
NaN
NaN
NaN
NaN
NaN
NaN
NaN
NaN
NaN
NaN
NaN
NaN
NaN
NaN
NaN
NaN
NaN
NaN
NaN
NaN
NaN
NaN
NaN
NaN
NaN
NaN
NaN
NaN
NaN
NaN
NaN
NaN
NaN
NaN
NaN
NaN
NaN
NaN
NaN
NaN
NaN
NaN
NaN
NaN
NaN
NaN
NaN
NaN
NaN
NaN
NaN
NaN
NaN
NaN
NaN
NaN
NaN
NaN
NaN
NaN
NaN
NaN
NaN
NaN
NaN
NaN
NaN
NaN
NaN
NaN
NaN
NaN
NaN
NaN
NaN
NaN
NaN
NaN
NaN
NaN
NaN
NaN
NaN
NaN
NaN
NaN
NaN
NaN
NaN
NaN
NaN
NaN
NaN
NaN
NaN
NaN
NaN
NaN
NaN
NaN
NaN
NaN
NaN
NaN
NaN
NaN
NaN
NaN
NaN
NaN
NaN
NaN
NaN
NaN
NaN
NaN
NaN
NaN
NaN
NaN
NaN
NaN
NaN
NaN
NaN
NaN
NaN
NaN
NaN
NaN
NaN
NaN
NaN
NaN
NaN
NaN
NaN
NaN
NaN
NaN
NaN
NaN
NaN
NaN
NaN
NaN
NaN
NaN
NaN
NaN
NaN
NaN
NaN
NaN
NaN
NaN
NaN
NaN
NaN
NaN
NaN
NaN
NaN
NaN
NaN
NaN
NaN
NaN
NaN
NaN
NaN
NaN
NaN
NaN
NaN
NaN
NaN
NaN
NaN
NaN
NaN
NaN
NaN
NaN
NaN
NaN
NaN
NaN
NaN
NaN
NaN
NaN
NaN
NaN
NaN
NaN
NaN
NaN
NaN
NaN
NaN
NaN
NaN
NaN
NaN
NaN
NaN
NaN
NaN
NaN
NaN
NaN
NaN
NaN
NaN
NaN
NaN
NaN
NaN
NaN
NaN
NaN
NaN
NaN
NaN
NaN
NaN
NaN
NaN
NaN
NaN
NaN
NaN
NaN
NaN
NaN
NaN
NaN
NaN
NaN
NaN
NaN
NaN
NaN
NaN
NaN
NaN
NaN
NaN
NaN
NaN
NaN
NaN
NaN
NaN
NaN
NaN
NaN
NaN
NaN
NaN
NaN
NaN
NaN
NaN
NaN
NaN
NaN
NaN
NaN
NaN
NaN
NaN
NaN
NaN
NaN
NaN
NaN
NaN
NaN
NaN
NaN
NaN
NaN
NaN
NaN
NaN
NaN
NaN
NaN
NaN
NaN
NaN
NaN
NaN
NaN
NaN
NaN
NaN
NaN
NaN
NaN
NaN
NaN
NaN
NaN
NaN
NaN
NaN
NaN
NaN
NaN
NaN
NaN
NaN
NaN
NaN
NaN
NaN
NaN
NaN
NaN
NaN
NaN
NaN
NaN
NaN
NaN
NaN
NaN
NaN
NaN
NaN
NaN
NaN
NaN
NaN
NaN
NaN
NaN
NaN
NaN
NaN
NaN
NaN
NaN
NaN
NaN
NaN
NaN
NaN
NaN
NaN
NaN
NaN
NaN
NaN
NaN
NaN
NaN
NaN
NaN
NaN
NaN
NaN
NaN
NaN
NaN
NaN
NaN
NaN
NaN
NaN
NaN
NaN
NaN
NaN
NaN
NaN
NaN
NaN
NaN
NaN
NaN
NaN
NaN
NaN
NaN
NaN
NaN
NaN
NaN
NaN
NaN
NaN
NaN
NaN
NaN
NaN
NaN
NaN
NaN
NaN
NaN
NaN
NaN
NaN
NaN
NaN
NaN
NaN
NaN
NaN
NaN
NaN
NaN
NaN
NaN
NaN
NaN
NaN
NaN
NaN
NaN
NaN
NaN
NaN
NaN
NaN
NaN
NaN
NaN
NaN
NaN
NaN
NaN
NaN
NaN
NaN
NaN
NaN
NaN
NaN
NaN
NaN
NaN
NaN
NaN
NaN
NaN
NaN
NaN
NaN
NaN
NaN
NaN
NaN
NaN
NaN
NaN
NaN
NaN
NaN
NaN
NaN
NaN
NaN
NaN
NaN
NaN
NaN
NaN
NaN
NaN
NaN
NaN
NaN
NaN
NaN
NaN
NaN
NaN
NaN
NaN
NaN
NaN
NaN
NaN
NaN
NaN
NaN
NaN
NaN
NaN
NaN
NaN
NaN
NaN
NaN
NaN
NaN
NaN
NaN
NaN
NaN
NaN
NaN
NaN
NaN
NaN
NaN
NaN
NaN
NaN
NaN
NaN
NaN
NaN
NaN
NaN
NaN
NaN
NaN
NaN
NaN
NaN
NaN
NaN
NaN
NaN
NaN
NaN
NaN
NaN
NaN
NaN
NaN
NaN
NaN
NaN
NaN
NaN
NaN
NaN
NaN
NaN
NaN
NaN
NaN
NaN
NaN
NaN
NaN
NaN
NaN
NaN
NaN
NaN
NaN
NaN
NaN
NaN
NaN
NaN
NaN
NaN
NaN
NaN
NaN
NaN
NaN
NaN
NaN
NaN
NaN
NaN
NaN
NaN
NaN
NaN
NaN
NaN
NaN
NaN
NaN
NaN
NaN
NaN
NaN
NaN
NaN
NaN
NaN
NaN
NaN
NaN
NaN
NaN
NaN
NaN
NaN
NaN
NaN
NaN
NaN
NaN
NaN
NaN
NaN
NaN
NaN
NaN
NaN
NaN
NaN
NaN
NaN
NaN
NaN
NaN
NaN
NaN
NaN
NaN
NaN
NaN
NaN
NaN
NaN
NaN
NaN
NaN
NaN
NaN
NaN
NaN
NaN
NaN
NaN
NaN
NaN
NaN
NaN
NaN
NaN
NaN
NaN
NaN
NaN
NaN
NaN
NaN
NaN
NaN
NaN
NaN
NaN
NaN
NaN
NaN
NaN
NaN
NaN
NaN
NaN
NaN
NaN
NaN
NaN
NaN
NaN
NaN
NaN
NaN
NaN
NaN
NaN
NaN
NaN
NaN
NaN
NaN
NaN
NaN
NaN
NaN
NaN
NaN
NaN
NaN
NaN
NaN
NaN
NaN
NaN
NaN
NaN
NaN
NaN
NaN
NaN
NaN
NaN
NaN
NaN
NaN
NaN
NaN
NaN
NaN
NaN
NaN
NaN
NaN
NaN
NaN
NaN
NaN
NaN
NaN
NaN
NaN
NaN
NaN
NaN
NaN
NaN
NaN
NaN
NaN
NaN
NaN
NaN
NaN
NaN
NaN
NaN
NaN
NaN
NaN
NaN
NaN
NaN
NaN
NaN
NaN
NaN
NaN
NaN
NaN
NaN
NaN
NaN
NaN
NaN
NaN
NaN
NaN
NaN
NaN
NaN
NaN
NaN
NaN
NaN
NaN
NaN
NaN
NaN
NaN
NaN
NaN
NaN
NaN
NaN
NaN
NaN
NaN
NaN
NaN
NaN
NaN
NaN
NaN
NaN
NaN
NaN
NaN
NaN
NaN
NaN
NaN
NaN
NaN
NaN
NaN
NaN
NaN
NaN
NaN
NaN
NaN
NaN
NaN
NaN
NaN
NaN
NaN
NaN
NaN
NaN
NaN
NaN
NaN
NaN
NaN
NaN
NaN
NaN
NaN
NaN
NaN
NaN
NaN
NaN
NaN
NaN
NaN
NaN
NaN
NaN
NaN
NaN
NaN
NaN
NaN
NaN
NaN
NaN
NaN
NaN
NaN
NaN
NaN
NaN
NaN
NaN
NaN
NaN
NaN
NaN
NaN
NaN
NaN
NaN
NaN
NaN
NaN
NaN
NaN
NaN
NaN
NaN
NaN
NaN
NaN
NaN
NaN
NaN
NaN
NaN
NaN
NaN
NaN
NaN
NaN
NaN
NaN
NaN
NaN
NaN
NaN
NaN
NaN
NaN
NaN
NaN
NaN
NaN
NaN
NaN
NaN
NaN
NaN
NaN
NaN
NaN
NaN
NaN
NaN
NaN
NaN
NaN
NaN
NaN
NaN
NaN
NaN
NaN
NaN
NaN
NaN
NaN
NaN
NaN
NaN
NaN
NaN
NaN
NaN
NaN
NaN
NaN
NaN
NaN
NaN
NaN
NaN
NaN
NaN
NaN
NaN
NaN
NaN
NaN
NaN
NaN
NaN
NaN
NaN
NaN
NaN
NaN
NaN
NaN
NaN
NaN
NaN
NaN
NaN
NaN
NaN
NaN
NaN
NaN
NaN
NaN
NaN
NaN
NaN
NaN
NaN
NaN
NaN
NaN
NaN
NaN
NaN
NaN
NaN
NaN
NaN
NaN
NaN
NaN
NaN
NaN
NaN
NaN
NaN
NaN
NaN
NaN
NaN
NaN
NaN
NaN
NaN
NaN
NaN
NaN
NaN
NaN
NaN
NaN
NaN
NaN
NaN
NaN
NaN
NaN
NaN
NaN
NaN
NaN
NaN
NaN
NaN
NaN
NaN
NaN
NaN
NaN
NaN
NaN
NaN
NaN
NaN
NaN
NaN
NaN
NaN
NaN
NaN
NaN
NaN
NaN
NaN
NaN
NaN
NaN
NaN
NaN
NaN
NaN
NaN
NaN
NaN
NaN
NaN
NaN
NaN
NaN
NaN
NaN
NaN
NaN
NaN
NaN
NaN
NaN
NaN
NaN
NaN
NaN
NaN
NaN
NaN
NaN
NaN
NaN
NaN
NaN
NaN
NaN
NaN
NaN
NaN
NaN
NaN
NaN
NaN
NaN
NaN
NaN
NaN
NaN
NaN
NaN
NaN
NaN
NaN
NaN
NaN
NaN
NaN
NaN
NaN
NaN
NaN
NaN
NaN
NaN
NaN
NaN
NaN
NaN
NaN
NaN
NaN
NaN
NaN
NaN
NaN
NaN
NaN
NaN
NaN
NaN
NaN
NaN
NaN
NaN
NaN
NaN
NaN
NaN
NaN
NaN
NaN
NaN
NaN
NaN
NaN
NaN
NaN
NaN
NaN
NaN
NaN
NaN
NaN
NaN
NaN
NaN
NaN
NaN
NaN
NaN
NaN
NaN
NaN
NaN
NaN
NaN
NaN
NaN
NaN
NaN
NaN
NaN
NaN
NaN
NaN
NaN
NaN
NaN
NaN
NaN
NaN
NaN
NaN
NaN
NaN
NaN
NaN
NaN
NaN
NaN
NaN
NaN
NaN
NaN
NaN
NaN
NaN
NaN
NaN
NaN
NaN
NaN
NaN
NaN
NaN
NaN
NaN
NaN
NaN
NaN
NaN
NaN
NaN
NaN
NaN
NaN
NaN
NaN
NaN
NaN
NaN
NaN
NaN
NaN
NaN
NaN
NaN
NaN
NaN
NaN
NaN
NaN
NaN
NaN
NaN
NaN
NaN
NaN
NaN
NaN
NaN
NaN
