0.432
0.1
0.0319999999999998
0.0680000000000003
0.1
0.1
0.1
0.1
0.0899999999999994
0.0100000000000007
0.1
0.1
0.1
0.1
0.1
0.0679999999999987
0.0320000000000014
0.1
0.1
0.1
0.1
0.1
0.00599999999999845
0.0940000000000016
0.1
0.1
0.1
0.1
0.1
0.00399999999999778
0.0960000000000023
0.1
0.1
0.1
0.1
0.0579999999999976
0.0420000000000025
0.0999999999999996
0.0999999999999996
0.0999999999999996
0.0999999999999996
0.0959999999999992
0.00400000000000045
0.0999999999999996
0.0999999999999996
0.0999999999999996
0.0999999999999996
0.0999999999999996
0.096000000000001
0.00399999999999867
0.0999999999999996
0.0999999999999996
0.0999999999999996
0.0999999999999996
0.0999999999999996
0.0999999999999996
0.0420000000000034
0.0579999999999963
0.0999999999999996
0.0999999999999996
0.0999999999999996
0.0999999999999996
0.0999999999999996
0.0999999999999996
0.0120000000000058
0.0879999999999939
0.0999999999999996
0.0999999999999996
0.0999999999999996
0.0999999999999996
0.0999999999999996
0.0999999999999996
0.040000000000008
0.0599999999999916
0.0999999999999996
0.0999999999999996
0.0999999999999996
0.0999999999999996
0.0999999999999996
0.0999999999999996
0.094000000000011
0.00599999999998868
0.0999999999999996
0.100000000000001
0.0999999999999996
0.0999999999999996
0.0999999999999996
0.0999999999999996
0.0999999999999996
0.0160000000000124
0.0839999999999872
0.0999999999999996
0.0999999999999996
0.0999999999999996
0.0999999999999996
0.0999999999999996
0.0999999999999996
0.0999999999999996
0.0140000000000153
0.0859999999999843
0.0999999999999996
0.0999999999999996
0.0999999999999996
0.0999999999999996
0.0999999999999996
0.0999999999999996
0.0280000000000182
0.0719999999999814
0.0999999999999996
0.0999999999999996
0.0999999999999996
0.0999999999999996
0.0999999999999996
0.0999999999999996
0.0380000000000216
0.0619999999999781
0.0999999999999996
0.0999999999999996
0.0999999999999996
0.0999999999999996
0.0999999999999996
0.0999999999999996
0.00600000000002332
0.0939999999999763
0.0999999999999996
0.0999999999999996
0.0999999999999996
0.0999999999999996
0.0999999999999996
0.0940000000000261
0.00599999999997358
0.0999999999999996
0.0999999999999996
0.0999999999999996
0.0999999999999996
0.0999999999999996
0.0999999999999996
0.0999999999999996
0.0700000000000287
0.0299999999999709
0.0999999999999996
0.0999999999999996
0.0999999999999996
0.0999999999999996
0.0999999999999996
0.0999999999999996
0.0999999999999996
0.0999999999999996
0.0999999999999996
0.0100000000000318
0.0899999999999679
0.0999999999999996
0.0999999999999996
0.0999999999999996
0.0999999999999996
0.0999999999999996
0.0999999999999996
0.0999999999999996
0.0999999999999996
0.0999999999999996
0.0520000000000351
0.0479999999999645
0.0999999999999996
0.0999999999999996
0.0999999999999996
0.0999999999999996
0.0999999999999996
0.0999999999999996
0.0999999999999996
0.0999999999999996
0.0999999999999996
0.0760000000000378
0.0239999999999618
0.100000000000001
0.100000000000001
0.100000000000001
0.100000000000001
0.100000000000001
0.100000000000001
0.100000000000001
0.100000000000001
0.0880000000000258
0.0119999999999756
0.100000000000001
0.100000000000001
0.100000000000001
0.100000000000001
0.100000000000001
0.100000000000001
0.100000000000001
0.100000000000001
0.0140000000000136
0.0859999999999879
0.100000000000001
0.100000000000001
0.100000000000001
0.100000000000001
0.100000000000001
0.100000000000001
0.0740000000000052
0.0259999999999962
0.100000000000001
0.100000000000001
0.100000000000001
0.100000000000001
0.100000000000001
0.100000000000001
0.100000000000001
0.0919999999999952
0.00800000000000622
0.100000000000001
0.100000000000001
0.100000000000001
0.100000000000001
0.100000000000001
0.100000000000001
0.100000000000001
0.0539999999999843
0.0460000000000171
0.100000000000001
0.100000000000001
0.100000000000001
0.100000000000001
0.100000000000001
0.100000000000001
0.100000000000001
0.0759999999999721
0.0240000000000293
0.100000000000001
0.100000000000001
0.100000000000001
0.100000000000001
0.100000000000001
0.100000000000001
0.100000000000001
0.100000000000001
0.100000000000001
0.0959999999999575
0.00400000000004397
0.100000000000001
0.100000000000001
0.100000000000001
0.100000000000001
0.100000000000001
0.100000000000001
0.100000000000001
0.100000000000001
0.100000000000001
0.100000000000001
0.089999999999943
0.0100000000000584
0.100000000000001
0.100000000000001
0.100000000000001
0.100000000000001
0.100000000000001
0.100000000000001
0.100000000000001
0.100000000000001
0.0999999999999304
7.105427357601e-14
0.100000000000001
0.100000000000001
0.100000000000001
0.100000000000001
0.100000000000001
0.100000000000001
0.100000000000001
0.100000000000001
0.027999999999917
0.0720000000000844
0.100000000000001
0.100000000000001
0.100000000000001
0.100000000000001
0.100000000000001
0.100000000000001
0.100000000000001
0.100000000000001
0.0139999999999034
0.086000000000098
0.100000000000001
0.100000000000001
0.100000000000001
0.100000000000001
0.100000000000001
0.100000000000001
0.100000000000001
0.061999999999891
0.0380000000001104
0.100000000000001
0.100000000000001
0.100000000000001
0.100000000000001
0.100000000000001
0.100000000000001
0.100000000000001
0.0459999999998786
0.0540000000001228
0.100000000000001
0.100000000000001
0.100000000000001
0.100000000000001
0.100000000000001
0.100000000000001
0.0979999999998675
0.00200000000013389
0.100000000000001
0.100000000000001
0.100000000000001
0.100000000000001
0.100000000000001
0.100000000000001
0.100000000000001
0.0319999999998579
0.0680000000001435
0.100000000000001
0.100000000000001
0.100000000000001
0.100000000000001
0.100000000000001
0.100000000000001
0.0459999999998466
0.0540000000001548
0.100000000000001
0.100000000000001
0.100000000000001
0.100000000000001
0.100000000000001
0.100000000000001
0.0359999999998379
0.0640000000001635
0.100000000000001
0.100000000000001
0.100000000000001
0.100000000000001
0.100000000000001
0.100000000000001
0.100000000000001
0.0339999999998248
0.0660000000001766
0.100000000000001
0.100000000000001
0.100000000000001
0.100000000000001
0.100000000000001
0.100000000000001
0.100000000000001
0.100000000000001
0.0019999999998106
0.0980000000001908
0.0999999999999979
0.100000000000001
0.100000000000001
0.100000000000001
0.100000000000001
0.100000000000001
0.100000000000001
0.0939999999998022
0.00600000000019918
0.100000000000001
0.100000000000001
0.100000000000001
0.100000000000001
0.100000000000001
0.100000000000001
0.100000000000001
0.100000000000001
0.0679999999997918
0.0320000000002096
0.100000000000001
0.100000000000001
0.100000000000001
0.100000000000001
0.100000000000001
0.100000000000001
0.100000000000001
0.100000000000001
0.100000000000001
0.015999999999778
0.0840000000002235
0.100000000000001
0.100000000000001
0.100000000000001
0.100000000000001
0.100000000000001
0.100000000000001
0.100000000000001
0.100000000000001
0.100000000000001
0.100000000000001
0.0959999999997621
0.00400000000023937
0.100000000000001
0.100000000000001
0.100000000000001
0.100000000000001
0.100000000000001
0.100000000000001
0.100000000000001
0.100000000000001
0.100000000000001
0.0579999999997511
0.0420000000002503
0.100000000000001
0.100000000000001
0.100000000000001
0.100000000000001
0.100000000000001
0.100000000000001
0.100000000000001
0.100000000000001
0.0199999999997402
0.0800000000002612
0.100000000000001
0.100000000000001
0.100000000000001
0.100000000000001
0.100000000000001
0.100000000000001
0.100000000000001
0.100000000000001
0.009999999999728
0.0900000000002734
0.100000000000001
0.100000000000001
0.100000000000001
0.100000000000001
0.100000000000001
0.100000000000001
0.100000000000001
0.0619999999997134
0.038000000000288
0.100000000000001
0.100000000000001
0.100000000000001
0.100000000000001
0.100000000000001
0.100000000000001
0.100000000000001
0.0359999999997029
0.0640000000002985
0.100000000000001
0.100000000000001
0.100000000000001
0.100000000000001
0.100000000000001
0.100000000000001
0.100000000000001
0.0359999999996887
0.0640000000003127
0.100000000000001
0.100000000000001
0.100000000000001
0.100000000000001
0.100000000000001
0.100000000000001
0.100000000000001
0.0879999999996741
0.0120000000003273
0.100000000000001
0.100000000000001
0.100000000000001
0.100000000000001
0.100000000000001
0.100000000000001
0.100000000000001
0.100000000000001
0.053999999999661
0.0460000000003404
0.100000000000001
0.100000000000001
0.100000000000001
0.100000000000001
0.100000000000001
0.100000000000001
0.100000000000001
0.0959999999996484
0.00400000000035305
0.100000000000001
0.100000000000001
0.100000000000001
0.100000000000001
0.100000000000001
0.100000000000001
0.100000000000001
0.100000000000001
0.100000000000001
0.100000000000001
0.100000000000001
0.0139999999996334
0.086000000000368
0.100000000000001
0.100000000000001
0.100000000000001
0.100000000000001
0.100000000000001
0.100000000000001
0.100000000000001
0.100000000000001
0.0959999999996199
0.00400000000038148
0.100000000000001
0.100000000000001
0.100000000000001
0.100000000000001
0.100000000000001
0.100000000000001
0.100000000000001
0.100000000000001
0.0359999999996106
0.0640000000003909
0.100000000000001
0.100000000000001
0.100000000000001
0.100000000000001
0.100000000000001
0.100000000000001
0.100000000000001
0.0599999999995973
0.0400000000004042
0.100000000000001
0.100000000000001
0.100000000000001
0.100000000000001
0.100000000000001
0.100000000000001
0.100000000000001
0.100000000000001
0.100000000000001
0.0619999999995855
0.0380000000004159
0.100000000000001
0.100000000000001
0.100000000000001
0.100000000000001
0.100000000000001
0.100000000000001
0.100000000000001
0.100000000000001
0.100000000000001
0.0639999999995737
0.0360000000004277
0.100000000000001
0.100000000000001
0.100000000000001
0.100000000000001
0.100000000000001
0.100000000000001
0.100000000000001
0.100000000000001
0.100000000000001
0.100000000000001
0.0799999999995578
0.0200000000004437
0.100000000000001
0.100000000000001
0.100000000000001
0.100000000000001
0.100000000000001
0.100000000000001
0.100000000000001
0.100000000000001
0.0019999999995477
0.0980000000004537
0.100000000000001
0.100000000000001
0.100000000000001
0.100000000000001
0.100000000000001
0.100000000000001
0.100000000000001
0.00599999999953837
0.094000000000463
0.100000000000001
0.100000000000001
0.100000000000001
0.100000000000001
0.100000000000001
0.100000000000001
0.100000000000001
0.043999999999528
0.0560000000004734
0.100000000000001
0.100000000000001
0.100000000000001
0.100000000000001
0.100000000000001
0.100000000000001
0.100000000000001
0.100000000000001
0.0339999999995158
0.0660000000004857
0.100000000000001
0.100000000000001
0.100000000000001
0.100000000000001
0.100000000000001
0.100000000000001
0.100000000000001
0.100000000000001
0.0739999999995007
0.0260000000005007
0.100000000000001
0.100000000000001
0.100000000000001
0.100000000000001
0.100000000000001
0.100000000000001
0.100000000000001
0.100000000000001
0.100000000000001
0.100000000000001
0.100000000000001
0.100000000000001
0.0619999999994789
0.0380000000005225
0.100000000000001
0.100000000000001
0.100000000000001
0.100000000000001
0.100000000000001
0.100000000000001
0.100000000000001
0.100000000000001
0.100000000000001
0.0919999999994658
0.00800000000053558
0.100000000000001
0.100000000000001
0.100000000000001
0.100000000000001
0.100000000000001
0.100000000000001
0.100000000000001
0.100000000000001
0.0799999999994512
0.0200000000005502
0.100000000000001
0.100000000000001
0.100000000000001
0.100000000000001
0.100000000000001
0.100000000000001
0.100000000000001
0.100000000000001
0.0959999999994352
0.00400000000056622
0.100000000000001
0.100000000000001
0.100000000000001
0.100000000000001
0.100000000000001
0.100000000000001
0.100000000000001
0.100000000000001
0.100000000000001
0.100000000000001
0.0819999999994181
0.0180000000005833
0.100000000000001
0.100000000000001
0.100000000000001
0.100000000000001
0.100000000000001
0.100000000000001
0.100000000000001
0.100000000000001
0.100000000000001
0.0159999999994014
0.0840000000006
0.100000000000001
0.100000000000001
0.100000000000001
0.100000000000001
0.100000000000001
0.100000000000001
0.100000000000001
0.0199999999993921
0.0800000000006094
0.100000000000001
0.100000000000001
0.100000000000001
0.100000000000001
0.100000000000001
0.100000000000001
0.100000000000001
0.0879999999993828
0.0120000000006186
0.100000000000001
0.100000000000001
0.100000000000001
0.100000000000001
0.100000000000001
0.100000000000001
0.100000000000001
0.100000000000001
0.100000000000001
0.089999999999371
0.0100000000006304
0.100000000000001
0.100000000000001
0.100000000000001
0.100000000000001
0.100000000000001
0.100000000000001
0.0999999999999943
0.0999999999999943
0.0759999999993681
0.0240000000006262
0.0999999999999943
0.0999999999999943
0.0999999999999943
0.0999999999999943
0.0999999999999943
0.0999999999999943
0.0999999999999943
0.0999999999999943
0.0239999999994183
0.0760000000005761
0.0999999999999943
0.0999999999999943
0.0999999999999943
0.0999999999999943
0.0999999999999943
0.0999999999999943
0.0999999999999943
0.0659999999994625
0.0340000000005318
0.0999999999999943
0.0999999999999943
0.0999999999999943
0.0999999999999943
0.0999999999999943
0.0999999999999943
0.0999999999999943
0.0999999999999943
0.0799999999995151
0.0200000000004792
0.0999999999999943
0.0999999999999943
0.0999999999999943
0.0999999999999943
0.0999999999999943
0.0999999999999943
0.0999999999999943
0.0999999999999943
0.0279999999995653
0.0720000000004291
0.0999999999999943
0.0999999999999943
0.0999999999999943
0.0999999999999943
0.0999999999999943
0.0999999999999943
0.0999999999999943
0.0999999999999943
0.0619999999996139
0.0380000000003804
0.0999999999999943
0.0999999999999943
0.0999999999999943
0.0999999999999943
0.0999999999999943
0.0999999999999943
0.0999999999999943
0.0999999999999943
0.0999999999999943
0.0999999999999943
0.0999999999999943
0.061999999999685
0.0380000000003093
0.0999999999999943
0.0999999999999943
0.0999999999999943
0.0999999999999943
0.0999999999999943
0.0999999999999943
0.0999999999999943
0.0999999999999943
0.0999999999999943
0.0999999999999943
0.0119999999997447
0.0880000000002497
0.0999999999999943
0.0999999999999943
0.0999999999999943
0.0999999999999943
0.0999999999999943
0.0999999999999943
0.0999999999999943
0.0339999999997929
0.0660000000002015
0.0999999999999943
0.0999999999999943
0.0999999999999943
0.0999999999999943
0.0999999999999943
0.0999999999999943
0.0999999999999943
0.035999999999845
0.0640000000001493
0.0999999999999943
0.0999999999999943
0.0999999999999943
0.0999999999999943
0.0999999999999943
0.0999999999999943
0.0999999999999943
0.0559999999998837
0.0440000000001106
0.0999999999999943
0.0999999999999943
0.0999999999999943
0.0999999999999943
0.0999999999999943
0.0999999999999943
0.0999999999999943
0.0999999999999943
0.00599999999992917
0.0940000000000651
0.0999999999999943
0.0999999999999943
0.0999999999999943
0.0999999999999943
0.0999999999999943
0.0999999999999943
0.0999999999999943
0.0339999999999776
0.0660000000000167
0.0999999999999943
0.0999999999999943
0.0999999999999943
0.0999999999999943
0.0999999999999943
0.0999999999999943
0.0999999999999943
0.0999999999999943
0.0840000000000316
0.0159999999999627
0.0999999999999943
0.0999999999999943
0.0999999999999943
0.0999999999999943
0.0999999999999943
0.0999999999999943
0.0999999999999943
0.0999999999999943
0.0999999999999943
0.0999999999999943
0.0999999999999943
0.0999999999999943
0.0940000000001078
0.00599999999988654
0.0999999999999943
0.0999999999999943
0.0999999999999943
0.0999999999999943
0.0999999999999943
0.0999999999999943
0.0999999999999943
0.0999999999999943
0.0999999999999943
0.0980000000001695
0.00199999999982481
0.0999999999999943
0.0999999999999943
0.0999999999999943
0.0999999999999943
0.0999999999999943
0.0999999999999943
0.0999999999999943
0.0999999999999943
0.0500000000002245
0.0499999999997698
0.0999999999999943
0.0999999999999943
0.0999999999999943
0.0999999999999943
0.0999999999999943
0.0999999999999943
0.0999999999999943
0.0460000000002765
0.0539999999997178
0.0999999999999943
0.0999999999999943
0.0999999999999943
0.0999999999999943
0.0999999999999943
0.0999999999999943
0.0999999999999943
0.0280000000003184
0.0719999999996759
0.0999999999999943
0.0999999999999943
0.0999999999999943
0.0999999999999943
0.0999999999999943
0.0999999999999943
0.0999999999999943
0.0300000000003706
0.0699999999996237
0.0999999999999943
0.0999999999999943
0.0999999999999943
0.0999999999999943
0.0999999999999943
0.0999999999999943
0.0999999999999943
0.0999999999999943
0.018000000000427
0.0819999999995673
0.0999999999999943
0.0999999999999943
0.0999999999999943
0.0999999999999943
0.0999999999999943
0.0999999999999943
0.0999999999999943
0.0999999999999943
0.0999999999999943
0.0840000000004864
0.015999999999508
0.0999999999999943
0.0999999999999943
0.0999999999999943
0.0999999999999943
0.0999999999999943
0.0999999999999943
0.0999999999999943
0.0999999999999943
0.0999999999999943
0.0200000000005502
0.0799999999994441
0.0999999999999943
0.0999999999999943
0.0999999999999943
0.0999999999999943
0.0999999999999943
0.0999999999999943
0.0999999999999943
0.0480000000005987
0.0519999999993956
0.0999999999999943
0.0999999999999943
0.0999999999999943
0.0999999999999943
0.0999999999999943
0.0999999999999943
0.0999999999999943
0.0999999999999943
0.0999999999999943
0.0680000000006515
0.0319999999993428
0.0999999999999943
0.0999999999999943
0.0999999999999943
0.0999999999999943
0.0999999999999943
0.0999999999999943
0.0999999999999943
0.0999999999999943
0.0999999999999943
0.0999999999999943
0.0999999999999943
0.00200000000072009
0.0979999999992742
0.0999999999999943
0.0999999999999943
0.0999999999999943
0.0999999999999943
0.0999999999999943
0.0999999999999943
0.0999999999999943
0.0700000000007606
0.0299999999992338
0.0999999999999943
0.0999999999999943
0.0999999999999943
0.0999999999999943
0.0999999999999943
0.0999999999999943
0.0999999999999943
0.0720000000008127
0.0279999999991816
0.0999999999999943
0.0999999999999943
0.0999999999999943
0.0999999999999943
0.0999999999999943
0.0999999999999943
0.0999999999999943
0.0999999999999943
0.0140000000008627
0.0859999999991317
0.0999999999999943
0.0999999999999943
0.0999999999999943
0.0999999999999943
0.0999999999999943
0.0999999999999943
0.0999999999999943
0.0999999999999943
0.0999999999999943
0.0999999999999943
0.0320000000009202
0.0679999999990741
0.0999999999999943
0.0999999999999943
0.0999999999999943
0.0999999999999943
0.0999999999999943
0.0999999999999943
0.0999999999999943
0.0999999999999943
0.0999999999999943
0.00800000000097612
0.0919999999990182
0.0999999999999943
0.0999999999999943
0.0999999999999943
0.0999999999999943
0.0999999999999943
0.0999999999999943
0.0999999999999943
0.0999999999999943
1.02318153949454e-12
0.0999999999989711
0.0999999999999943
0.0999999999999943
0.0999999999999943
0.0999999999999943
0.0999999999999943
0.0999999999999943
0.0999999999999943
0.0880000000010739
0.0119999999989204
0.0999999999999943
0.0999999999999943
0.0999999999999943
0.0999999999999943
0.0999999999999943
0.0999999999999943
0.0999999999999943
0.0720000000011254
0.0279999999988689
0.0999999999999943
0.0999999999999943
0.0999999999999943
0.0999999999999943
0.0999999999999943
0.0999999999999943
0.0999999999999943
0.0999999999999943
0.0999999999999943
0.00400000000118439
0.0959999999988099
0.0999999999999943
0.0999999999999943
0.0999999999999943
0.0999999999999943
0.0999999999999943
0.0999999999999943
0.0999999999999943
0.0999999999999943
0.0999999999999943
0.0999999999999943
0.0420000000012521
0.0579999999987422
0.0999999999999943
0.0999999999999943
0.0999999999999943
0.0999999999999943
0.0999999999999943
0.0999999999999943
0.0999999999999943
0.0860000000012917
0.0139999999987026
0.0999999999999943
0.0999999999999943
0.0999999999999943
0.0999999999999943
0.0999999999999943
0.0999999999999943
0.0999999999999943
0.0999999999999943
0.0080000000013456
0.0919999999986487
0.0999999999999943
0.0999999999999943
0.0999999999999943
0.0999999999999943
0.0999999999999943
0.0999999999999943
0.0999999999999943
0.0780000000013956
0.0219999999985987
0.0999999999999943
0.0999999999999943
0.0999999999999943
0.0999999999999943
0.0999999999999943
0.0999999999999943
0.0999999999999943
0.0999999999999943
0.0999999999999943
0.0999999999999943
0.0999999999999943
0.0320000000014602
0.0679999999985341
0.0999999999999943
0.0999999999999943
0.0999999999999943
0.0999999999999943
0.0999999999999943
0.0999999999999943
0.0999999999999943
0.0999999999999943
0.0500000000015177
0.0499999999984766
0.0999999999999943
0.0999999999999943
0.0999999999999943
0.0999999999999943
0.0999999999999943
0.0999999999999943
0.0999999999999943
0.0999999999999943
0.0840000000015664
0.0159999999984279
0.0999999999999943
0.0999999999999943
0.0999999999999943
0.0999999999999943
0.0999999999999943
0.0999999999999943
0.0999999999999943
0.0999999999999943
0.0999999999999943
0.0660000000016225
0.0339999999983718
0.0999999999999943
0.0999999999999943
0.0999999999999943
0.0999999999999943
0.0999999999999943
0.0999999999999943
0.0999999999999943
0.0999999999999943
0.0999999999999943
0.0999999999999943
0.0999999999999943
0.0380000000016878
0.0619999999983065
0.0999999999999943
0.0999999999999943
0.0999999999999943
0.0999999999999943
0.0999999999999943
0.0999999999999943
0.0999999999999943
0.0999999999999943
0.0540000000017358
0.0459999999982585
0.0999999999999943
0.0999999999999943
0.0999999999999943
0.0999999999999943
0.0999999999999943
0.0999999999999943
0.0999999999999943
0.0580000000017833
0.041999999998211
0.0999999999999943
0.0999999999999943
0.0999999999999943
0.0999999999999943
0.0999999999999943
0.0999999999999943
0.0999999999999943
0.0580000000018259
0.0419999999981684
0.0999999999999943
0.0999999999999943
0.0999999999999943
0.0999999999999943
0.0999999999999943
0.0999999999999943
0.0999999999999943
0.0580000000018686
0.0419999999981258
0.0999999999999943
0.0999999999999943
0.0999999999999943
0.0999999999999943
0.0999999999999943
0.0999999999999943
0.0999999999999943
0.0600000000019207
0.0399999999980736
0.0999999999999943
0.0999999999999943
0.0999999999999943
0.0999999999999943
0.0999999999999943
0.0999999999999943
0.0999999999999943
0.0999999999999943
0.0999999999999943
0.0999999999999943
0.0280000000019811
0.0719999999980132
0.0999999999999943
0.0999999999999943
0.0999999999999943
0.0999999999999943
0.0999999999999943
0.0999999999999943
0.0999999999999943
0.0999999999999943
0.0999999999999943
0.0999999999999943
0.0999999999999943
0.076000000002054
0.0239999999979403
0.0999999999999943
0.0999999999999943
0.0999999999999943
0.0999999999999943
0.0999999999999943
0.0999999999999943
0.0999999999999943
0.0999999999999943
0.0660000000021057
0.0339999999978886
0.0999999999999943
0.0999999999999943
0.0999999999999943
0.0999999999999943
0.0999999999999943
0.0999999999999943
0.0999999999999943
0.0999999999999943
0.0999999999999943
0.0220000000021656
0.0779999999978287
0.0999999999999943
0.0999999999999943
0.0999999999999943
0.0999999999999943
0.0999999999999943
0.0999999999999943
0.0999999999999943
0.0999999999999943
0.0999999999999943
0.0999999999999943
0.0320000000022276
0.0679999999977667
0.0999999999999943
0.0999999999999943
0.0999999999999943
0.0999999999999943
0.0999999999999943
0.0999999999999943
0.0999999999999943
0.0999999999999943
0.0999999999999943
0.0360000000022893
0.063999999997705
0.0999999999999943
0.0999999999999943
0.0999999999999943
0.0999999999999943
0.0999999999999943
0.0999999999999943
0.0999999999999943
0.0999999999999943
0.0999999999999943
0.0999999999999943
0.0720000000023475
0.0279999999976468
0.0999999999999943
0.0999999999999943
0.0999999999999943
0.0999999999999943
0.0999999999999943
0.0999999999999943
0.0999999999999943
0.0999999999999943
0.0999999999999943
0.0999999999999943
0.0999999999999943
0.0740000000024139
0.0259999999975804
0.0999999999999943
0.0999999999999943
0.0999999999999943
0.0999999999999943
0.0999999999999943
0.0999999999999943
0.0999999999999943
0.0999999999999943
0.0580000000024654
0.0419999999975289
0.0999999999999943
0.0999999999999943
0.0999999999999943
0.0999999999999943
0.0999999999999943
0.0999999999999943
0.0999999999999943
0.0400000000025074
0.059999999997487
0.0999999999999943
0.0999999999999943
0.0999999999999943
0.0999999999999943
0.0999999999999943
0.0999999999999943
0.0999999999999943
0.0999999999999943
0.0120000000025584
0.0879999999974359
0.0999999999999943
0.0999999999999943
0.0999999999999943
0.0999999999999943
0.0999999999999943
0.0999999999999943
0.0999999999999943
0.0999999999999943
0.0999999999999943
0.0999999999999943
0.0940000000026231
0.00599999999737122
0.0999999999999943
0.0999999999999943
0.0999999999999943
0.0999999999999943
0.0999999999999943
0.0999999999999943
0.0999999999999943
0.0999999999999943
0.0999999999999943
0.0999999999999943
0.0560000000026832
0.0439999999973111
0.0999999999999943
0.0999999999999943
0.0999999999999943
0.0999999999999943
0.0999999999999943
0.0999999999999943
0.0999999999999943
0.0999999999999943
0.0999999999999943
0.0999999999999943
0.0660000000027452
0.0339999999972491
0.0999999999999943
0.0999999999999943
0.0999999999999943
0.0999999999999943
0.0999999999999943
0.0999999999999943
0.0999999999999943
0.0999999999999943
0.0999999999999943
0.0999999999999943
0.0999999999999943
0.0120000000028142
0.0879999999971801
0.0999999999999943
0.0999999999999943
0.0999999999999943
0.0999999999999943
0.0999999999999943
0.0999999999999943
0.0999999999999943
0.0999999999999943
0.0880000000028645
0.0119999999971299
0.0999999999999943
0.0999999999999943
0.0999999999999943
0.0999999999999943
0.0999999999999943
0.0999999999999943
0.0999999999999943
0.0999999999999943
0.0340000000029193
0.0659999999970751
0.0999999999999943
0.0999999999999943
0.0999999999999943
0.0999999999999943
0.0999999999999943
0.0999999999999943
0.0999999999999943
0.0760000000029635
0.0239999999970308
0.0999999999999943
0.0999999999999943
0.0999999999999943
0.0999999999999943
0.0999999999999943
0.0999999999999943
0.0999999999999943
0.0999999999999943
0.0999999999999943
0.0999999999999943
0.0999999999999943
0.0999999999999943
0.00600000000302714
0.0939999999969814
0.0999999999999943
0.0999999999999943
0.0999999999999943
0.0999999999999943
0.0999999999999943
0.0999999999999943
0.0999999999999943
0.0999999999999943
0.0999999999999943
0.0500000000030809
0.0499999999969134
0.0999999999999943
0.0999999999999943
0.0999999999999943
0.0999999999999943
0.0999999999999943
0.0999999999999943
0.0999999999999943
0.0999999999999943
0.0580000000031191
0.0419999999968752
0.0999999999999943
0.0999999999999943
0.0999999999999943
0.0999999999999943
0.0999999999999943
0.0999999999999943
0.0999999999999943
0.0999999999999943
0.0999999999999943
0.0999999999999943
0.0300000000031844
0.0699999999968099
0.0999999999999943
0.0999999999999943
0.0999999999999943
0.0999999999999943
0.0999999999999943
0.0999999999999943
0.0999999999999943
0.0999999999999943
0.0999999999999943
0.0999999999999943
0.0999999999999943
0.0999999999999943
0.0400000000032605
0.0599999999967338
0.0999999999999943
0.0999999999999943
0.0999999999999943
0.0999999999999943
0.0999999999999943
0.0999999999999943
0.0999999999999943
0.0999999999999943
0.0340000000033172
0.0659999999966772
0.0999999999999943
0.0999999999999943
0.0999999999999943
0.0999999999999943
0.0999999999999943
0.0999999999999943
0.0999999999999943
0.0980000000033669
0.00199999999662737
0.0999999999999943
0.0999999999999943
0.0999999999999943
0.0999999999999943
0.0999999999999943
0.0999999999999943
0.0999999999999943
0.0999999999999943
0.0860000000034233
0.013999999996571
0.0999999999999943
0.0999999999999943
0.0999999999999943
0.0999999999999943
0.0999999999999943
0.0999999999999943
0.0999999999999943
0.0999999999999943
0.0780000000034704
0.0219999999965239
0.0999999999999943
0.0999999999999943
0.0999999999999943
0.0999999999999943
0.0999999999999943
0.0999999999999943
0.0999999999999943
0.0999999999999943
0.0500000000035357
0.0499999999964587
0.0999999999999943
0.0999999999999943
0.0999999999999943
0.0999999999999943
0.0999999999999943
0.0999999999999943
0.0999999999999943
0.0999999999999943
0.0999999999999943
0.0999999999999943
0.0220000000036009
0.0779999999963934
0.0999999999999943
0.0999999999999943
0.0999999999999943
0.0999999999999943
0.0999999999999943
0.0999999999999943
0.0999999999999943
0.0999999999999943
0.0700000000036596
0.0299999999963347
0.0999999999999943
0.0999999999999943
0.0999999999999943
0.0999999999999943
0.0999999999999943
0.0999999999999943
0.0999999999999943
0.0999999999999943
0.0860000000037076
0.0139999999962868
0.0999999999999943
0.0999999999999943
0.0999999999999943
0.0999999999999943
0.0999999999999943
0.0999999999999943
0.0999999999999943
0.0999999999999943
0.0999999999999943
0.0999999999999943
0.0999999999999943
0.0999999999999943
0.0980000000037933
0.00199999999620104
0.0999999999999943
0.0999999999999943
0.0999999999999943
0.0999999999999943
0.0999999999999943
0.0999999999999943
0.0999999999999943
0.0999999999999943
0.0999999999999943
0.0999999999999943
0.0999999999999943
0.0980000000038501
0.0019999999961442
0.0999999999999943
0.0999999999999943
0.0999999999999943
0.0999999999999943
0.0999999999999943
0.0999999999999943
0.0999999999999943
0.0999999999999943
0.0700000000039154
0.0299999999960789
0.0999999999999943
0.0999999999999943
0.0999999999999943
0.0999999999999943
0.0999999999999943
0.0999999999999943
0.0999999999999943
0.0999999999999943
0.0160000000039702
0.0839999999960241
0.0999999999999943
0.0999999999999943
0.0999999999999943
0.0999999999999943
0.0999999999999943
0.0999999999999943
0.0999999999999943
0.0999999999999943
0.0999999999999943
0.0999999999999943
0.00400000000402656
0.0959999999959678
0.0999999999999943
0.0999999999999943
0.0999999999999943
0.0999999999999943
0.0999999999999943
0.0999999999999943
0.0999999999999943
0.0999999999999943
0.0999999999999943
0.00600000000409295
0.0939999999959014
0.0999999999999943
0.0999999999999943
0.0999999999999943
0.0999999999999943
0.0999999999999943
0.0999999999999943
0.0999999999999943
0.0560000000041327
0.0439999999958616
0.0999999999999943
0.0999999999999943
0.0999999999999943
0.0999999999999943
0.0999999999999943
0.0999999999999943
0.0999999999999943
0.0800000000041905
0.0199999999958038
0.0999999999999943
0.0999999999999943
0.0999999999999943
0.0999999999999943
0.0999999999999943
0.0999999999999943
0.0999999999999943
0.0999999999999943
0.0999999999999943
0.0999999999999943
0.0220000000042546
0.0779999999957397
0.0999999999999943
0.0999999999999943
0.0999999999999943
0.0999999999999943
0.0999999999999943
0.0999999999999943
0.0999999999999943
0.0999999999999943
0.0400000000043121
0.0599999999956822
0.0999999999999943
0.0999999999999943
0.0999999999999943
0.0999999999999943
0.0999999999999943
0.0999999999999943
0.0999999999999943
0.0999999999999943
0.00200000000435807
0.0979999999956362
0.0999999999999943
0.0999999999999943
0.0999999999999943
0.0999999999999943
0.0999999999999943
0.0999999999999943
0.0999999999999943
0.0999999999999943
0.0620000000044172
0.0379999999955771
0.0999999999999943
0.0999999999999943
0.0999999999999943
0.0999999999999943
0.0999999999999943
0.0999999999999943
0.0999999999999943
0.0999999999999943
0.0999999999999943
0.0999999999999943
0.0999999999999943
0.0999999999999943
0.0320000000045013
0.067999999995493
0.0999999999999943
0.0999999999999943
0.0999999999999943
0.0999999999999943
0.0999999999999943
0.0999999999999943
0.0999999999999943
0.0999999999999943
0.0480000000045493
0.051999999995445
0.0999999999999943
0.0999999999999943
0.0999999999999943
0.0999999999999943
0.0999999999999943
0.0999999999999943
0.0999999999999943
0.0880000000045982
0.0119999999953961
0.0999999999999943
0.0999999999999943
0.0999999999999943
0.0999999999999943
0.0999999999999943
0.0999999999999943
0.0999999999999943
0.0999999999999943
0.0760000000046546
0.0239999999953397
0.0999999999999943
0.0999999999999943
0.0999999999999943
0.0999999999999943
0.0999999999999943
0.0999999999999943
0.0999999999999943
0.0999999999999943
0.0999999999999943
0.0999999999999943
0.0940000000047121
0.00599999999528222
0.0999999999999943
0.0999999999999943
0.0999999999999943
0.0999999999999943
0.0999999999999943
0.0999999999999943
0.0999999999999943
0.0999999999999943
0.0999999999999943
0.0240000000047758
0.0759999999952186
0.0999999999999943
0.0999999999999943
0.0999999999999943
0.0999999999999943
0.0999999999999943
0.0999999999999943
0.0999999999999943
0.0999999999999943
0.0400000000048237
0.0599999999951706
0.0999999999999943
0.0999999999999943
0.0999999999999943
0.0999999999999943
0.0999999999999943
0.0999999999999943
0.0999999999999943
0.0999999999999943
0.0999999999999943
0.0999999999999943
0.0999999999999943
0.0840000000048917
0.0159999999951026
0.0999999999999943
0.0999999999999943
0.0999999999999943
0.0999999999999943
0.0999999999999943
0.0999999999999943
0.0999999999999943
0.0999999999999943
0.0999999999999943
0.0440000000049565
0.0559999999950378
0.0999999999999943
0.0999999999999943
0.0999999999999943
0.0999999999999943
0.0999999999999943
0.0999999999999943
0.0999999999999943
0.0999999999999943
0.0100000000050215
0.0899999999949728
0.0999999999999943
0.0999999999999943
0.0999999999999943
0.0999999999999943
0.0999999999999943
0.0999999999999943
0.0999999999999943
0.0999999999999943
0.0200000000050693
0.079999999994925
0.0999999999999943
0.0999999999999943
0.0999999999999943
0.0999999999999943
0.0999999999999943
0.0999999999999943
0.0999999999999943
0.0999999999999943
0.0999999999999943
0.0999999999999943
0.0620000000051277
0.0379999999948666
0.0999999999999943
0.0999999999999943
0.0999999999999943
0.0999999999999943
0.0999999999999943
0.0999999999999943
0.0999999999999943
0.0999999999999943
0.0920000000051857
0.0079999999948086
0.0999999999999943
0.0999999999999943
0.0999999999999943
0.0999999999999943
0.0999999999999943
0.0999999999999943
0.0999999999999943
0.0999999999999943
0.0999999999999943
0.0940000000052521
0.00599999999474221
0.0999999999999943
0.0999999999999943
0.0999999999999943
0.0999999999999943
0.0999999999999943
0.0999999999999943
0.0999999999999943
0.0999999999999943
0.0999999999999943
0.0999999999999943
0.0999999999999943
0.0999999999999943
0.0999999999999943
0.00600000000534351
0.0939999999946508
0.0999999999999943
0.0999999999999943
0.0999999999999943
0.0999999999999943
0.0999999999999943
0.0999999999999943
0.0999999999999943
0.0999999999999943
0.0200000000053819
0.0799999999946124
0.0999999999999943
0.0999999999999943
0.0999999999999943
0.0999999999999943
0.0999999999999943
0.0999999999999943
0.0999999999999943
0.0700000000054217
0.0299999999945726
0.0999999999999943
0.0999999999999943
0.0999999999999943
0.0999999999999943
0.0999999999999943
0.0999999999999943
0.0999999999999943
0.0999999999999943
0.0999999999999943
0.0999999999999943
0.0999999999999943
0.00200000000549494
0.0979999999944994
0.0999999999999943
0.0999999999999943
0.0999999999999943
0.0999999999999943
0.0999999999999943
0.0999999999999943
0.0999999999999943
0.0999999999999943
0.0600000000055445
0.0399999999944498
0.0999999999999943
0.0999999999999943
0.0999999999999943
0.0999999999999943
0.0999999999999943
0.0999999999999943
0.0999999999999943
0.0999999999999943
0.0999999999999943
0.0999999999999943
0.0999999999999943
0.0999999999999943
0.0760000000056209
0.0239999999943734
0.0999999999999943
0.0999999999999943
0.0999999999999943
0.0999999999999943
0.0999999999999943
0.0999999999999943
0.0999999999999943
0.0999999999999943
0.0999999999999943
0.0999999999999943
0.0999999999999943
0.0999999999999943
0.0640000000057057
0.0359999999942886
0.0999999999999943
0.0999999999999943
0.0999999999999943
0.0999999999999943
0.0999999999999943
0.0999999999999943
0.0999999999999943
0.0999999999999943
0.0999999999999943
0.0999999999999943
0.0800000000057821
0.0199999999942122
0.0999999999999943
0.0999999999999943
0.0999999999999943
0.0999999999999943
0.0999999999999943
0.0999999999999943
0.0999999999999943
0.0999999999999943
0.0999999999999943
0.0999999999999943
0.0660000000058574
0.0339999999941369
0.0999999999999943
0.0999999999999943
0.0999999999999943
0.0999999999999943
0.0999999999999943
0.0999999999999943
0.0999999999999943
0.0999999999999943
0.0999999999999943
0.0999999999999943
0.0999999999999943
0.0999999999999943
0.0540000000059422
0.0459999999940521
0.0999999999999943
0.0999999999999943
0.0999999999999943
0.0999999999999943
0.0999999999999943
0.0999999999999943
0.0999999999999943
0.0999999999999943
0.0999999999999943
0.0999999999999943
0.0999999999999943
0.0580000000060181
0.0419999999939762
0.0999999999999943
0.0999999999999943
0.0999999999999943
0.0999999999999943
0.0999999999999943
0.0999999999999943
0.0999999999999943
0.0999999999999943
0.0700000000060754
0.0299999999939189
0.0999999999999943
0.0999999999999943
0.0999999999999943
0.0999999999999943
0.0999999999999943
0.0999999999999943
0.0999999999999943
0.0999999999999943
0.0999999999999943
0.0999999999999943
0.088000000006133
0.0119999999938614
0.0999999999999943
0.0999999999999943
0.0999999999999943
0.0999999999999943
0.0999999999999943
0.0999999999999943
0.0999999999999943
0.0999999999999943
0.0999999999999943
0.0999999999999943
0.0999999999999943
0.0999999999999943
0.0999999999999943
0.0999999999999943
0.0120000000062248
0.0879999999937695
0.0999999999999943
0.0999999999999943
0.0999999999999943
0.0999999999999943
0.0999999999999943
0.0999999999999943
0.0999999999999943
0.0999999999999943
0.0999999999999943
0.0999999999999943
0.0640000000062741
0.0359999999937202
0.0999999999999943
0.0999999999999943
0.0999999999999943
0.0999999999999943
0.0999999999999943
0.0999999999999943
0.0999999999999943
0.0999999999999943
0.0999999999999943
0.0999999999999943
0.0800000000063505
0.0199999999936438
0.0999999999999943
0.0999999999999943
0.0999999999999943
0.0999999999999943
0.0999999999999943
0.0999999999999943
0.0999999999999943
0.0999999999999943
0.0999999999999943
0.0999999999999943
0.0999999999999943
0.0999999999999943
0.0999999999999943
0.0820000000064169
0.0179999999935774
0.0999999999999943
0.0999999999999943
0.0999999999999943
0.0999999999999943
0.0999999999999943
0.0999999999999943
0.0999999999999943
0.0999999999999943
0.0999999999999943
0.0840000000064833
0.015999999993511
0.0999999999999943
0.0999999999999943
0.0999999999999943
0.0999999999999943
0.0999999999999943
0.0999999999999943
0.0999999999999943
0.0999999999999943
0.0999999999999943
0.0999999999999943
0.0999999999999943
0.0180000000065377
0.0819999999934566
0.0999999999999943
0.0999999999999943
0.0999999999999943
0.0999999999999943
0.0999999999999943
0.0999999999999943
0.0999999999999943
0.0999999999999943
0.0999999999999943
0.0999999999999943
0.0540000000065959
0.0459999999933984
0.0999999999999943
0.0999999999999943
0.0999999999999943
0.0999999999999943
0.0999999999999943
0.0999999999999943
0.0999999999999943
0.0999999999999943
0.0999999999999943
0.0520000000066432
0.0479999999933511
0.0999999999999943
0.0999999999999943
0.0999999999999943
0.0999999999999943
0.0999999999999943
0.0999999999999943
0.0999999999999943
0.0999999999999943
0.0999999999999943
0.0160000000066987
0.0839999999932957
0.0999999999999943
0.0999999999999943
0.0999999999999943
0.0999999999999943
0.0999999999999943
0.0999999999999943
0.0999999999999943
0.0999999999999943
0.0999999999999943
0.0999999999999943
0.0999999999999943
0.0999999999999943
0.0480000000067662
0.0519999999932281
0.0999999999999943
0.0999999999999943
0.0999999999999943
0.0999999999999943
0.0999999999999943
0.0999999999999943
0.0999999999999943
0.0999999999999943
0.0999999999999943
0.0999999999999943
0.0999999999999943
0.0680000000068333
0.0319999999931611
0.0999999999999943
0.0999999999999943
0.0999999999999943
0.0999999999999943
0.0999999999999943
0.0999999999999943
0.0999999999999943
0.0999999999999943
0.0820000000068717
0.0179999999931226
0.0999999999999943
0.0999999999999943
0.0999999999999943
0.0999999999999943
0.0999999999999943
0.0999999999999943
0.0999999999999943
0.0999999999999943
0.0720000000069092
0.0279999999930851
0.0999999999999943
0.0999999999999943
0.0999999999999943
0.0999999999999943
0.0999999999999943
0.0999999999999943
0.0999999999999943
0.0999999999999943
0.0999999999999943
0.0999999999999943
0.0999999999999943
0.0140000000069733
0.085999999993021
0.0999999999999943
0.0999999999999943
0.0999999999999943
0.0999999999999943
0.0999999999999943
0.0999999999999943
0.0999999999999943
0.0999999999999943
0.0860000000070329
0.0139999999929614
0.0999999999999943
0.0999999999999943
0.0999999999999943
0.0999999999999943
0.0999999999999943
0.0999999999999943
0.0999999999999943
0.0999999999999943
0.0999999999999943
0.0460000000070977
0.0539999999928966
0.0999999999999943
0.0999999999999943
0.0999999999999943
0.0999999999999943
0.0999999999999943
0.0999999999999943
0.0999999999999943
0.0999999999999943
0.0999999999999943
0.0020000000071434
0.0979999999928509
0.0999999999999943
0.0999999999999943
0.0999999999999943
0.0999999999999943
0.0999999999999943
0.0999999999999943
0.0999999999999943
0.0999999999999943
0.0999999999999943
0.00600000000719092
0.0939999999928034
0.0999999999999943
0.0999999999999943
0.0999999999999943
0.0999999999999943
0.0999999999999943
0.0999999999999943
0.0999999999999943
0.0999999999999943
0.0999999999999943
0.0999999999999943
0.0999999999999943
0.0999999999999943
0.0999999999999943
0.00800000000725731
0.091999999992737
0.0999999999999943
0.0999999999999943
0.0999999999999943
0.0999999999999943
0.0999999999999943
0.0999999999999943
0.0999999999999943
0.0999999999999943
0.0999999999999943
0.0940000000073269
0.00599999999266743
0.0999999999999943
0.0999999999999943
0.0999999999999943
0.0999999999999943
0.0999999999999943
0.0999999999999943
0.0999999999999943
0.0999999999999943
0.0999999999999943
0.0999999999999943
0.0999999999999943
0.0540000000073917
0.0459999999926026
0.0999999999999943
0.0999999999999943
0.0999999999999943
0.0999999999999943
0.0999999999999943
0.0999999999999943
0.0999999999999943
0.0999999999999943
0.0999999999999943
0.0999999999999943
0.0860000000074592
0.0139999999925351
0.0999999999999943
0.0999999999999943
0.0999999999999943
0.0999999999999943
0.0999999999999943
0.0999999999999943
0.0999999999999943
0.0999999999999943
0.0999999999999943
0.0999999999999943
0.0120000000075322
0.0879999999924621
0.0999999999999943
0.0999999999999943
0.0999999999999943
0.0999999999999943
0.0999999999999943
0.0999999999999943
0.0999999999999943
0.0999999999999943
0.0999999999999943
0.0160000000075797
0.0839999999924146
0.0999999999999943
0.0999999999999943
0.0999999999999943
0.0999999999999943
0.0999999999999943
0.0999999999999943
0.0999999999999943
0.0999999999999943
0.0999999999999943
0.0180000000076461
0.0819999999923482
0.0999999999999943
0.0999999999999943
0.0999999999999943
0.0999999999999943
0.0999999999999943
0.0999999999999943
0.0999999999999943
0.0999999999999943
0.0999999999999943
0.0999999999999943
0.0920000000077152
0.00799999999227907
0.0999999999999943
0.0999999999999943
0.0999999999999943
0.0999999999999943
0.0999999999999943
0.0999999999999943
0.0999999999999943
0.0999999999999943
0.0640000000077805
0.0359999999922138
0.0999999999999943
0.0999999999999943
0.0999999999999943
0.0999999999999943
0.0999999999999943
0.0999999999999943
0.0999999999999943
0.0900000000078194
0.00999999999217493
0.0999999999999943
0.0999999999999943
0.0999999999999943
0.0999999999999943
0.0999999999999943
0.0999999999999943
0.0999999999999943
0.0999999999999943
0.0999999999999943
0.0999999999999943
0.0999999999999943
0.0900000000078762
0.00999999999211809
0.0999999999999943
0.0999999999999943
0.0999999999999943
0.0999999999999943
0.0999999999999943
0.0999999999999943
0.0999999999999943
0.0999999999999943
0.0999999999999943
0.0999999999999943
0.0820000000079517
0.0179999999920426
0.0999999999999943
0.0999999999999943
0.0999999999999943
0.0999999999999943
0.0999999999999943
0.0999999999999943
0.0999999999999943
0.0999999999999943
0.0999999999999943
0.0840000000080181
0.0159999999919762
0.0999999999999943
0.0999999999999943
0.0999999999999943
0.0999999999999943
0.0999999999999943
0.0999999999999943
0.0999999999999943
0.0999999999999943
0.0999999999999943
0.0999999999999943
0.0999999999999943
0.0840000000080749
0.0159999999919194
0.0999999999999943
0.0999999999999943
0.0999999999999943
0.0999999999999943
0.0999999999999943
0.0999999999999943
0.0999999999999943
0.0999999999999943
0.0999999999999943
0.0999999999999943
0.0999999999999943
0.0999999999999943
0.00600000000815726
0.0939999999918371
0.0999999999999943
0.0999999999999943
0.0999999999999943
0.0999999999999943
0.0999999999999943
0.0999999999999943
0.0999999999999943
0.0999999999999943
0.0999999999999943
0.0320000000082246
0.0679999999917698
0.0999999999999943
0.0999999999999943
0.0999999999999943
0.0999999999999943
0.0999999999999943
0.0999999999999943
0.0999999999999943
0.0999999999999943
0.0999999999999943
0.034000000008291
0.0659999999917034
0.0999999999999943
0.0999999999999943
0.0999999999999943
0.0999999999999943
0.0999999999999943
0.0999999999999943
0.0999999999999943
0.0999999999999943
0.0999999999999943
0.0999999999999943
0.0999999999999943
0.0999999999999943
0.0700000000083776
0.0299999999916167
0.0999999999999943
0.0999999999999943
0.0999999999999943
0.0999999999999943
0.0999999999999943
0.0999999999999943
0.0999999999999943
0.0999999999999943
0.0999999999999943
0.0999999999999943
0.0400000000084333
0.059999999991561
0.0999999999999943
0.0999999999999943
0.0999999999999943
0.0999999999999943
0.0999999999999943
0.0999999999999943
0.0999999999999943
0.0999999999999943
0.00600000000849832
0.093999999991496
0.0999999999999943
0.0999999999999943
0.0999999999999943
0.0999999999999943
0.0999999999999943
0.0999999999999943
0.0999999999999943
0.0999999999999943
0.0999999999999943
0.0260000000085654
0.0739999999914289
0.0999999999999943
0.0999999999999943
0.0999999999999943
0.0999999999999943
0.0999999999999943
0.0999999999999943
0.0999999999999943
0.0999999999999943
0.0999999999999943
0.0999999999999943
0.0999999999999943
0.0999999999999943
0.0900000000086436
0.00999999999135071
0.0999999999999943
0.0999999999999943
0.0999999999999943
0.0999999999999943
0.0999999999999943
0.0999999999999943
0.0999999999999943
0.0999999999999943
0.0999999999999943
0.0440000000087082
0.0559999999912861
0.0999999999999943
0.0999999999999943
0.0999999999999943
0.0999999999999943
0.0999999999999943
0.0999999999999943
0.0999999999999943
0.0999999999999943
0.0999999999999943
0.0999999999999943
0.0820000000087759
0.0179999999912184
0.0999999999999943
0.0999999999999943
0.0999999999999943
0.0999999999999943
0.0999999999999943
0.0999999999999943
0.0999999999999943
0.0999999999999943
0.0999999999999943
0.0999999999999943
0.0999999999999943
0.0999999999999943
0.0999999999999943
0.0140000000088492
0.0859999999911452
0.0999999999999943
0.0999999999999943
0.0999999999999943
0.0999999999999943
0.0999999999999943
0.0999999999999943
0.0999999999999943
0.0999999999999943
0.0520000000088885
0.0479999999911058
0.0999999999999943
0.0999999999999943
0.0999999999999943
0.0999999999999943
0.0999999999999943
0.0999999999999943
0.0999999999999943
0.0999999999999943
0.0999999999999943
0.0999999999999943
0.0999999999999943
0.0520000000089453
0.047999999991049
0.0999999999999943
0.0999999999999943
0.0999999999999943
0.0999999999999943
0.0999999999999943
0.0999999999999943
0.0999999999999943
0.0999999999999943
0.0999999999999943
0.0999999999999943
0.0700000000090029
0.0299999999909915
0.0999999999999943
0.0999999999999943
0.0999999999999943
0.0999999999999943
0.0999999999999943
0.0999999999999943
0.0999999999999943
0.0999999999999943
0.0999999999999943
0.0999999999999943
0.0140000000090765
0.0859999999909178
0.0999999999999943
0.0999999999999943
0.0999999999999943
0.0999999999999943
0.0999999999999943
0.0999999999999943
0.0999999999999943
0.0999999999999943
0.0999999999999943
0.0100000000091427
0.0899999999908516
0.0999999999999943
0.0999999999999943
0.0999999999999943
0.0999999999999943
0.0999999999999943
0.0999999999999943
0.0999999999999943
0.0999999999999943
0.0999999999999943
0.0999999999999943
0.0999999999999943
0.0999999999999943
0.0460000000092293
0.053999999990765
0.0999999999999943
0.0999999999999943
0.0999999999999943
0.0999999999999943
0.0999999999999943
0.0999999999999943
0.0999999999999943
0.0999999999999943
0.0999999999999943
0.0999999999999943
0.0999999999999943
0.0460000000092862
0.0539999999907081
0.0999999999999943
0.0999999999999943
0.0999999999999943
0.0999999999999943
0.0999999999999943
0.0999999999999943
0.0999999999999943
0.0999999999999943
0.0360000000093237
0.0639999999906706
0.0999999999999943
0.0999999999999943
0.0999999999999943
0.0999999999999943
0.0999999999999943
0.0999999999999943
0.0999999999999943
0.0999999999999943
0.0999999999999943
0.0660000000093817
0.0339999999906127
0.0999999999999943
0.0999999999999943
0.0999999999999943
0.0999999999999943
0.0999999999999943
0.0999999999999943
0.0999999999999943
0.0999999999999943
0.0999999999999943
0.0999999999999943
0.0999999999999943
0.00400000000945511
0.0959999999905392
0.0999999999999943
0.0999999999999943
0.0999999999999943
0.0999999999999943
0.0999999999999943
0.0999999999999943
0.0999999999999943
0.0999999999999943
0.0999999999999943
0.0220000000095126
0.0779999999904817
0.0999999999999943
0.0999999999999943
0.0999999999999943
0.0999999999999943
0.0999999999999943
0.0999999999999943
0.0999999999999943
0.0999999999999943
0.0999999999999943
0.0999999999999943
0.0999999999999943
0.0999999999999943
0.0140000000095881
0.0859999999904062
0.0999999999999943
0.0999999999999943
0.0999999999999943
0.0999999999999943
0.0999999999999943
0.0999999999999943
0.0999999999999943
0.0999999999999943
0.0999999999999943
0.0999999999999943
0.0999999999999943
0.0880000000096572
0.0119999999903371
0.0999999999999943
0.0999999999999943
0.0999999999999943
0.0999999999999943
0.0999999999999943
0.0999999999999943
0.0999999999999943
0.0999999999999943
0.0999999999999943
0.0999999999999943
0.0300000000097214
0.069999999990273
0.0999999999999943
0.0999999999999943
0.0999999999999943
0.0999999999999943
0.0999999999999943
0.0999999999999943
0.0999999999999943
0.0999999999999943
0.0999999999999943
0.0320000000097878
0.0679999999902066
0.0999999999999943
0.0999999999999943
0.0999999999999943
0.0999999999999943
0.0999999999999943
0.0999999999999943
0.0999999999999943
0.0999999999999943
0.0999999999999943
0.0999999999999943
0.0999999999999943
0.0999999999999943
0.0620000000098742
0.0379999999901202
0.0999999999999943
0.0999999999999943
0.0999999999999943
0.0999999999999943
0.0999999999999943
0.0999999999999943
0.0999999999999943
0.0999999999999943
0.0999999999999943
0.0999999999999943
0.0999999999999943
0.0660000000099501
0.0339999999900442
0.0999999999999943
0.0999999999999943
0.0999999999999943
0.0999999999999943
0.0999999999999943
0.0999999999999943
0.0999999999999943
0.0999999999999943
0.0999999999999943
0.0680000000100165
0.0319999999899778
0.0999999999999943
0.0999999999999943
0.0999999999999943
0.0999999999999943
0.0999999999999943
0.0999999999999943
0.0999999999999943
0.0999999999999943
0.0999999999999943
0.0980000000100745
0.00199999998991984
0.0999999999999943
0.0999999999999943
0.0999999999999943
0.0999999999999943
0.0999999999999943
0.0999999999999943
0.0999999999999943
0.0999999999999943
0.0999999999999943
0.0999999999999943
0.0999999999999943
0.0999999999999943
0.0999999999999943
0.0700000000101682
0.0299999999898262
0.0999999999999943
0.0999999999999943
0.0999999999999943
0.0999999999999943
0.0999999999999943
0.0999999999999943
0.0999999999999943
0.0999999999999943
0.0999999999999943
0.0999999999999943
0.0999999999999943
0.0999999999999943
0.00200000001024137
0.097999999989753
0.0999999999999943
0.0999999999999943
0.0999999999999943
0.0999999999999943
0.0999999999999943
0.0999999999999943
0.0999999999999943
0.0999999999999943
0.0999999999999943
0.00400000001030776
0.0959999999896866
0.0999999999999943
0.0999999999999943
0.0999999999999943
0.0999999999999943
0.0999999999999943
0.0999999999999943
0.0999999999999943
0.0999999999999943
0.0999999999999943
0.0900000000103773
0.00999999998961698
0.0999999999999943
0.0999999999999943
0.0999999999999943
0.0999999999999943
0.0999999999999943
0.0999999999999943
0.0999999999999943
0.0999999999999943
0.0999999999999943
0.0999999999999943
0.0999999999999943
0.0999999999999943
0.0999999999999943
0.00800000001046897
0.0919999999895253
0.0999999999999943
0.0999999999999943
0.0999999999999943
0.0999999999999943
0.0999999999999943
0.0999999999999943
0.0999999999999943
0.0999999999999943
0.0999999999999943
0.0300000000105172
0.0699999999894771
0.0999999999999943
0.0999999999999943
0.0999999999999943
0.0999999999999943
0.0999999999999943
0.0999999999999943
0.0999999999999943
0.0999999999999943
0.100000000000023
0.094000000010567
0.00599999998945577
0.100000000000023
0.100000000000023
0.100000000000023
0.100000000000023
0.100000000000023
0.100000000000023
0.100000000000023
0.100000000000023
0.100000000000023
0.100000000000023
0.0440000000103282
0.0559999999896945
0.100000000000023
0.100000000000023
0.100000000000023
0.100000000000023
0.100000000000023
0.100000000000023
0.100000000000023
0.100000000000023
0.100000000000023
0.0640000000100827
0.0359999999899401
0.100000000000023
0.100000000000023
0.100000000000023
0.100000000000023
0.100000000000023
0.100000000000023
0.100000000000023
0.100000000000023
0.100000000000023
0.100000000000023
0.100000000000023
0.100000000000023
0.100000000000023
0.00200000000978662
0.0979999999902361
0.100000000000023
0.100000000000023
0.100000000000023
0.100000000000023
0.100000000000023
0.100000000000023
0.100000000000023
0.100000000000023
0.100000000000023
0.100000000000023
0.100000000000023
0.00400000000951195
0.0959999999905108
0.100000000000023
0.100000000000023
0.100000000000023
0.100000000000023
0.100000000000023
0.100000000000023
0.100000000000023
0.100000000000023
0.100000000000023
0.00400000000928458
0.0959999999907382
0.100000000000023
0.100000000000023
0.100000000000023
0.100000000000023
0.100000000000023
0.100000000000023
0.100000000000023
0.100000000000023
0.100000000000023
0.100000000000023
0.0220000000090295
0.0779999999909933
0.100000000000023
0.100000000000023
0.100000000000023
0.100000000000023
0.100000000000023
0.100000000000023
0.100000000000023
0.100000000000023
0.100000000000023
0.100000000000023
0.100000000000023
0.100000000000023
0.0720000000087566
0.0279999999912661
0.100000000000023
0.100000000000023
0.100000000000023
0.100000000000023
0.100000000000023
0.100000000000023
0.100000000000023
0.100000000000023
0.100000000000023
0.012000000008527
0.0879999999914958
0.100000000000023
0.100000000000023
0.100000000000023
0.100000000000023
0.100000000000023
0.100000000000023
0.100000000000023
0.100000000000023
0.100000000000023
0.100000000000023
0.086000000008255
0.0139999999917677
0.100000000000023
0.100000000000023
0.100000000000023
0.100000000000023
0.100000000000023
0.100000000000023
0.100000000000023
0.100000000000023
0.100000000000023
0.100000000000023
0.100000000000023
0.100000000000023
0.100000000000023
0.0280000000079212
0.0719999999921015
0.100000000000023
0.100000000000023
0.100000000000023
0.100000000000023
0.100000000000023
0.100000000000023
0.100000000000023
0.100000000000023
0.100000000000023
0.0920000000077152
0.00799999999230749
0.100000000000023
0.100000000000023
0.100000000000023
0.100000000000023
0.100000000000023
0.100000000000023
0.100000000000023
0.100000000000023
0.100000000000023
0.100000000000023
0.100000000000023
0.00400000000746559
0.0959999999925572
0.100000000000023
0.100000000000023
0.100000000000023
0.100000000000023
0.100000000000023
0.100000000000023
0.100000000000023
0.100000000000023
0.100000000000023
0.100000000000023
0.100000000000023
0.0940000000072132
0.00599999999280953
0.100000000000023
0.100000000000023
0.100000000000023
0.100000000000023
0.100000000000023
0.100000000000023
0.100000000000023
0.100000000000023
0.100000000000023
0.074000000007004
0.0259999999930187
0.100000000000023
0.100000000000023
0.100000000000023
0.100000000000023
0.100000000000023
0.100000000000023
0.100000000000023
0.100000000000023
0.0860000000067771
0.0139999999932456
0.100000000000023
0.100000000000023
0.100000000000023
0.100000000000023
0.100000000000023
0.100000000000023
0.100000000000023
0.100000000000023
0.100000000000023
0.100000000000023
0.100000000000023
0.0700000000065302
0.0299999999934926
0.100000000000023
0.100000000000023
0.100000000000023
0.100000000000023
0.100000000000023
0.100000000000023
0.100000000000023
0.100000000000023
0.100000000000023
0.100000000000023
0.100000000000023
0.0280000000062728
0.07199999999375
0.100000000000023
0.100000000000023
0.100000000000023
0.100000000000023
0.100000000000023
0.100000000000023
0.100000000000023
0.100000000000023
0.100000000000023
0.100000000000023
0.0860000000060381
0.0139999999939846
0.100000000000023
0.100000000000023
0.100000000000023
0.100000000000023
0.100000000000023
0.100000000000023
0.100000000000023
0.100000000000023
0.100000000000023
0.100000000000023
0.100000000000023
0.100000000000023
0.0300000000057707
0.069999999994252
0.100000000000023
0.100000000000023
0.100000000000023
0.100000000000023
0.100000000000023
0.100000000000023
0.100000000000023
0.100000000000023
0.100000000000023
0.100000000000023
0.0460000000055061
0.0539999999945167
0.100000000000023
0.100000000000023
0.100000000000023
0.100000000000023
0.100000000000023
0.100000000000023
0.100000000000023
0.100000000000023
0.100000000000023
0.100000000000023
0.0340000000052783
0.0659999999947445
0.100000000000023
0.100000000000023
0.100000000000023
0.100000000000023
0.100000000000023
0.100000000000023
0.100000000000023
0.100000000000023
0.100000000000023
0.100000000000023
0.100000000000023
0.0360000000050036
0.0639999999950192
0.100000000000023
0.100000000000023
0.100000000000023
0.100000000000023
0.100000000000023
0.100000000000023
0.100000000000023
0.100000000000023
0.100000000000023
0.100000000000023
0.0520000000047389
0.0479999999952838
0.100000000000023
0.100000000000023
0.100000000000023
0.100000000000023
0.100000000000023
0.100000000000023
0.100000000000023
0.100000000000023
0.100000000000023
0.100000000000023
0.100000000000023
0.100000000000023
0.0380000000044447
0.061999999995578
0.100000000000023
0.100000000000023
0.100000000000023
0.100000000000023
0.100000000000023
0.100000000000023
0.100000000000023
0.100000000000023
0.100000000000023
0.0400000000042269
0.0599999999957959
0.100000000000023
0.100000000000023
0.100000000000023
0.100000000000023
0.100000000000023
0.100000000000023
0.100000000000023
0.100000000000023
0.100000000000023
0.100000000000023
0.0300000000039518
0.069999999996071
0.100000000000023
0.100000000000023
0.100000000000023
0.100000000000023
0.100000000000023
0.100000000000023
0.100000000000023
0.100000000000023
0.100000000000023
0.100000000000023
0.100000000000023
0.100000000000023
0.0200000000036766
0.0799999999963461
0.100000000000023
0.100000000000023
0.100000000000023
0.100000000000023
0.100000000000023
0.100000000000023
0.100000000000023
0.100000000000023
0.100000000000023
0.0460000000034597
0.053999999996563
0.100000000000023
0.100000000000023
0.100000000000023
0.100000000000023
0.100000000000023
0.100000000000023
0.100000000000023
0.100000000000023
0.100000000000023
0.0500000000032514
0.0499999999967713
0.100000000000023
0.100000000000023
0.100000000000023
0.100000000000023
0.100000000000023
0.100000000000023
0.100000000000023
0.100000000000023
0.100000000000023
0.100000000000023
0.100000000000023
0.100000000000023
0.100000000000023
0.00800000000293721
0.0919999999970855
0.100000000000023
0.100000000000023
0.100000000000023
0.100000000000023
0.100000000000023
0.100000000000023
0.100000000000023
0.100000000000023
0.100000000000023
0.100000000000023
0.0660000000027026
0.0339999999973202
0.100000000000023
0.100000000000023
0.100000000000023
0.100000000000023
0.100000000000023
0.100000000000023
0.100000000000023
0.100000000000023
0.100000000000023
0.0700000000024943
0.0299999999975284
0.100000000000023
0.100000000000023
0.100000000000023
0.100000000000023
0.100000000000023
0.100000000000023
0.100000000000023
0.100000000000023
0.100000000000023
0.100000000000023
0.100000000000023
0.0700000000022101
0.0299999999978127
0.100000000000023
0.100000000000023
0.100000000000023
0.100000000000023
0.100000000000023
0.100000000000023
0.100000000000023
0.100000000000023
0.100000000000023
0.100000000000023
0.0340000000019813
0.0659999999980414
0.100000000000023
0.100000000000023
0.100000000000023
0.100000000000023
0.100000000000023
0.100000000000023
0.100000000000023
0.100000000000023
0.0740000000017744
0.0259999999982483
0.100000000000023
0.100000000000023
0.100000000000023
0.100000000000023
0.100000000000023
0.100000000000023
0.100000000000023
0.100000000000023
0.100000000000023
0.0440000000015743
0.0559999999984484
0.100000000000023
0.100000000000023
0.100000000000023
0.100000000000023
0.100000000000023
0.100000000000023
0.100000000000023
0.100000000000023
0.0620000000013761
0.0379999999986467
0.100000000000023
0.100000000000023
0.100000000000023
0.100000000000023
0.100000000000023
0.100000000000023
0.100000000000023
0.100000000000023
0.0300000000011664
0.0699999999988563
0.100000000000023
0.100000000000023
0.100000000000023
0.100000000000023
0.100000000000023
0.100000000000023
0.100000000000023
0.100000000000023
0.0660000000009404
0.0339999999990823
0.100000000000023
0.100000000000023
0.100000000000023
0.100000000000023
0.100000000000023
0.100000000000023
0.100000000000023
0.100000000000023
0.100000000000023
0.100000000000023
0.100000000000023
0.0420000000006553
0.0579999999993674
0.100000000000023
0.100000000000023
0.100000000000023
0.100000000000023
0.100000000000023
0.100000000000023
0.100000000000023
0.100000000000023
0.100000000000023
0.100000000000023
0.0140000000004079
0.0859999999996148
0.100000000000023
0.100000000000023
0.100000000000023
0.100000000000023
0.100000000000023
0.100000000000023
0.100000000000023
0.100000000000023
0.0240000000002283
NaN
NaN
NaN
NaN
NaN
NaN
NaN
NaN
NaN
NaN
NaN
NaN
NaN
NaN
NaN
NaN
NaN
NaN
NaN
NaN
NaN
NaN
NaN
NaN
NaN
NaN
NaN
NaN
NaN
NaN
NaN
NaN
NaN
NaN
NaN
NaN
NaN
NaN
NaN
NaN
NaN
NaN
NaN
NaN
NaN
NaN
NaN
NaN
NaN
NaN
NaN
NaN
NaN
NaN
NaN
NaN
NaN
NaN
NaN
NaN
NaN
NaN
NaN
NaN
NaN
NaN
NaN
NaN
NaN
NaN
NaN
NaN
NaN
NaN
NaN
NaN
NaN
NaN
NaN
NaN
NaN
NaN
NaN
NaN
NaN
NaN
NaN
NaN
NaN
NaN
NaN
NaN
NaN
NaN
NaN
NaN
NaN
NaN
NaN
NaN
NaN
NaN
NaN
NaN
NaN
NaN
NaN
NaN
NaN
NaN
NaN
NaN
NaN
NaN
