0.002
0.398
0.4
0.153
0.247
0.4
0.269
0.131
0.4
0.358000000000001
0.0419999999999994
0.4
0.4
0.00200000000000067
0.398
0.4
0.0140000000000002
0.386
0.4
0.00499999999999989
0.395
0.383999999999999
0.0160000000000009
0.4
0.349999999999999
0.0500000000000016
0.4
0.301999999999998
0.0980000000000025
0.4
0.272999999999998
0.127000000000002
0.4
0.247999999999998
0.152000000000003
0.4
0.228999999999997
0.171000000000003
0.4
0.215999999999998
0.184000000000003
0.4
0.220999999999997
0.179000000000004
0.4
0.246999999999996
0.153000000000004
0.4
0.292999999999996
0.107000000000005
0.4
0.328999999999995
0.0710000000000051
0.4
0.364999999999995
0.0350000000000055
0.4
0.399999999999999
0.000999999999994117
0.399000000000004
0.399999999999999
0.00799999999999557
0.392000000000003
0.399999999999999
0.00300000000000011
0.396999999999998
0.399999999999999
0.00800000000000267
0.391999999999996
0.399999999999999
0.0280000000000058
0.371999999999993
0.399999999999999
0.0740000000000087
0.32599999999999
0.399999999999999
0.11600000000001
0.283999999999988
0.399999999999999
0.154000000000014
0.245999999999984
0.399999999999999
0.209000000000017
0.190999999999981
0.399999999999999
0.294000000000022
0.105999999999977
0.399999999999999
0.353000000000023
0.0469999999999757
0.399999999999999
0.399999999999999
0.0380000000000287
0.36199999999997
0.399999999999999
0.121000000000031
0.278999999999968
0.399999999999999
0.204000000000033
0.195999999999966
0.399999999999999
0.254000000000037
0.145999999999962
0.399999999999999
0.31500000000004
0.0849999999999582
0.399999999999999
0.390000000000043
0.00999999999995538
0.399999999999999
0.399999999999999
0.0710000000000477
0.328999999999951
0.399999999999999
0.130000000000052
0.269999999999946
0.399999999999999
0.207000000000058
0.192999999999941
0.399999999999999
0.296000000000063
0.103999999999935
0.399999999999999
0.371000000000066
0.0289999999999324
0.399999999999999
0.399999999999999
0.0280000000000697
0.371999999999929
0.399999999999999
0.0990000000000748
0.300999999999924
0.399999999999999
0.16400000000008
0.235999999999919
0.399999999999999
0.200000000000081
0.199999999999918
0.399999999999999
0.205000000000084
0.194999999999915
0.399999999999999
0.217000000000084
0.182999999999915
0.399999999999999
0.231000000000087
0.168999999999912
0.399999999999999
0.281000000000091
0.118999999999907
0.399999999999999
0.333000000000091
0.0669999999999078
0.399999999999999
0.399999999999999
0.0100000000000975
0.389999999999901
0.399999999999999
0.108000000000104
0.291999999999895
0.399999999999999
0.220000000000105
0.179999999999893
0.399999999999999
0.287000000000106
0.112999999999893
0.399999999999999
0.34600000000011
0.0539999999998884
0.399999999999999
0.39800000000011
0.00199999999988876
0.399999999999999
0.399999999999999
0.0420000000001153
0.357999999999883
0.399999999999999
0.0410000000001176
0.358999999999881
0.399999999999999
0.0520000000001204
0.347999999999878
0.399999999999999
0.0590000000001254
0.340999999999873
0.399999999999999
0.0850000000001288
0.31499999999987
0.399999999999999
0.105000000000132
0.294999999999867
0.399999999999999
0.133000000000138
0.266999999999861
0.399999999999999
0.188000000000137
0.211999999999861
0.399999999999999
0.259000000000142
0.140999999999856
0.399999999999999
0.311000000000142
0.0889999999998565
0.399999999999999
0.339000000000148
0.0609999999998507
0.399999999999999
0.377000000000152
0.0229999999998469
0.399999999999999
0.399999999999999
0.00500000000015888
0.39499999999984
0.399999999999999
0.0160000000001617
0.383999999999837
0.399999999999999
0.0210000000001642
0.378999999999834
0.399999999999999
0.0280000000001692
0.371999999999829
0.399999999999999
0.039000000000172
0.360999999999827
0.399999999999999
0.0360000000001719
0.363999999999827
0.399999999999999
0.0110000000001733
0.388999999999825
0.399999999999999
0.0080000000001732
0.391999999999832
0.400000000000006
0.00700000000016132
0.392999999999844
0.400000000000006
0.0230000000001525
0.376999999999853
0.400000000000006
0.0200000000001381
0.379999999999868
0.400000000000006
0.0170000000001238
0.382999999999882
0.400000000000006
0.0140000000001095
0.385999999999896
0.400000000000006
0.0130000000001047
0.386999999999901
0.400000000000006
0.00200000000009481
0.397999999999911
0.381000000000085
0.0189999999999202
0.400000000000006
0.36200000000008
0.0379999999999256
0.400000000000006
0.343000000000075
0.0569999999999311
0.400000000000006
0.324000000000069
0.0759999999999366
0.400000000000006
0.297000000000054
0.102999999999952
0.400000000000006
0.263000000000048
0.136999999999958
0.400000000000006
0.244000000000042
0.155999999999963
0.400000000000006
0.235000000000028
0.164999999999978
0.400000000000006
0.25500000000001
0.144999999999996
0.400000000000006
0.280999999999992
0.119000000000014
0.400000000000006
0.294999999999973
0.105000000000032
0.400000000000006
0.322999999999965
0.0770000000000408
0.400000000000006
0.348999999999947
0.0510000000000588
0.400000000000006
0.370999999999938
0.0290000000000674
0.400000000000006
0.357999999999933
0.0420000000000726
0.400000000000006
0.342999999999918
0.0570000000000874
0.400000000000006
0.319999999999908
0.0800000000000978
0.400000000000006
0.294999999999902
0.105000000000103
0.400000000000006
0.252999999999886
0.147000000000119
0.400000000000006
0.210999999999871
0.189000000000135
0.400000000000006
0.176999999999865
0.223000000000141
0.400000000000006
0.163999999999859
0.236000000000146
0.400000000000006
0.168999999999855
0.231000000000151
0.400000000000006
0.16799999999985
0.232000000000156
0.400000000000006
0.187999999999832
0.212000000000174
0.400000000000006
0.229999999999819
0.170000000000186
0.400000000000006
0.257999999999811
0.142000000000195
0.400000000000006
0.262999999999806
0.137000000000199
0.400000000000006
0.278999999999797
0.121000000000208
0.400000000000006
0.287999999999784
0.112000000000222
0.400000000000006
0.276999999999774
0.123000000000232
0.400000000000006
0.234999999999758
0.165000000000248
0.400000000000006
0.174999999999741
0.225000000000264
0.400000000000006
0.104999999999734
0.295000000000272
0.400000000000006
0.136999999999716
0.263000000000289
0.400000000000006
0.182999999999709
0.217000000000297
0.400000000000006
0.187999999999704
0.212000000000302
0.400000000000006
0.19999999999969
0.200000000000315
0.400000000000006
0.211999999999676
0.188000000000329
0.400000000000006
0.218999999999667
0.181000000000338
0.400000000000006
0.229999999999663
0.170000000000343
0.400000000000006
0.228999999999658
0.171000000000348
0.400000000000006
0.215999999999653
0.184000000000353
0.400000000000006
0.190999999999647
0.209000000000358
0.400000000000006
0.148999999999631
0.251000000000374
0.400000000000006
0.0969999999996247
0.303000000000381
0.400000000000006
0.030999999999608
0.369000000000398
0.364999999999597
0.0350000000004087
0.400000000000006
0.30099999999959
0.0990000000004159
0.400000000000006
0.248999999999583
0.151000000000423
0.400000000000006
0.184999999999576
0.21500000000043
0.400000000000006
0.134999999999565
0.265000000000441
0.400000000000006
0.0929999999995488
0.307000000000457
0.400000000000006
0.0699999999995384
0.330000000000467
0.400000000000006
0.0609999999995239
0.339000000000482
0.400000000000006
0.0339999999995086
0.366000000000497
0.400000000000006
0.0169999999994985
0.383000000000507
0.389999999999489
0.0100000000005167
0.400000000000006
0.362999999999474
0.0370000000005319
0.400000000000006
0.328999999999468
0.071000000000538
0.400000000000006
0.286999999999452
0.113000000000554
0.400000000000006
0.236999999999441
0.163000000000565
0.400000000000006
0.176999999999424
0.223000000000582
0.400000000000006
0.0979999999994163
0.302000000000589
0.400000000000006
0.0229999999993993
0.377000000000606
0.335999999999387
0.0640000000006182
0.400000000000006
0.25499999999937
0.145000000000636
0.400000000000006
0.186999999999358
0.213000000000648
0.400000000000006
0.134999999999351
0.265000000000654
0.400000000000006
0.0949999999993452
0.305000000000661
0.400000000000006
0.077999999999335
0.322000000000671
0.400000000000006
0.05699999999932
0.343000000000686
0.400000000000006
0.0249999999993094
0.375000000000696
0.388999999999299
0.0110000000007062
0.400000000000006
0.338999999999288
0.0610000000007176
0.400000000000006
0.280999999999267
0.119000000000739
0.400000000000006
0.19999999999925
0.200000000000756
0.400000000000006
0.118999999999232
0.281000000000773
0.400000000000006
0.0299999999992338
0.370000000000772
0.348999999999222
0.0510000000007835
0.400000000000006
0.269999999999214
0.130000000000791
0.400000000000006
0.219999999999203
0.180000000000803
0.400000000000006
0.190999999999178
0.209000000000827
0.400000000000006
0.195999999999174
0.204000000000832
0.400000000000006
0.207999999999174
0.192000000000832
0.400000000000006
0.21899999999917
0.181000000000836
0.400000000000006
0.219999999999146
0.180000000000859
0.400000000000006
0.208999999999122
0.191000000000884
0.400000000000006
0.164999999999111
0.235000000000895
0.400000000000006
0.10699999999909
0.293000000000916
0.400000000000006
0.0339999999990823
0.366000000000923
0.35699999999909
0.0430000000009159
0.400000000000006
0.271999999999082
0.128000000000924
0.400000000000006
0.182999999999083
0.217000000000922
0.400000000000006
0.109999999999076
0.29000000000093
0.400000000000006
0.0519999999990546
0.348000000000951
0.400000000000006
0.0329999999990491
0.367000000000957
0.400000000000006
0.0139999999990437
0.386000000000962
0.400000000000006
0.00299999999901956
0.397000000000986
0.38999999999902
0.0100000000009857
0.400000000000006
0.388999999999015
0.0110000000009904
0.400000000000006
0.377999999998991
0.0220000000010145
0.400000000000006
0.32799999999898
0.0720000000010259
0.400000000000006
0.277999999998968
0.122000000001037
0.400000000000006
0.215999999998957
0.184000000001049
0.400000000000006
0.138999999998958
0.261000000001047
0.400000000000006
0.0499999999989598
0.350000000001046
0.369999999998953
0.0300000000010527
0.400000000000006
0.296999999998945
0.10300000000106
0.400000000000006
0.236999999998943
0.163000000001063
0.400000000000006
0.186999999998932
0.213000000001074
0.400000000000006
0.171999999998917
0.228000000001089
0.400000000000006
0.178999999998894
0.221000000001112
0.400000000000006
0.192999999998875
0.207000000001131
0.400000000000006
0.19199999999887
0.208000000001135
0.400000000000006
0.211999999998852
0.188000000001153
0.400000000000006
0.231999999998834
0.168000000001172
0.400000000000006
0.259999999998826
0.14000000000118
0.400000000000006
0.256999999998811
0.143000000001194
0.400000000000006
0.243999999998806
0.1560000000012
0.400000000000006
0.211999999998795
0.18800000000121
0.400000000000006
0.169999999998794
0.230000000001212
0.400000000000006
0.117999999998773
0.282000000001233
0.400000000000006
0.0519999999987704
0.348000000001235
0.387999999998755
0.012000000001251
0.400000000000006
0.335999999998734
0.0640000000012719
0.400000000000006
0.285999999998722
0.114000000001283
0.400000000000006
0.229999999998711
0.170000000001295
0.400000000000006
0.193999999998709
0.206000000001296
0.400000000000006
0.161999999998699
0.238000000001307
0.400000000000006
0.140999999998684
0.259000000001322
0.400000000000006
0.121999999998678
0.278000000001327
0.400000000000006
0.110999999998654
0.289000000001352
0.400000000000006
0.109999999998649
0.290000000001356
0.400000000000006
0.114999999998645
0.285000000001361
0.400000000000006
0.103999999998621
0.296000000001385
0.400000000000006
0.0989999999985969
0.301000000001409
0.400000000000006
0.0819999999985725
0.318000000001433
0.400000000000006
0.0529999999985478
0.347000000001458
0.400000000000006
0.0189999999985275
0.381000000001478
0.384999999998513
0.0150000000014927
0.400000000000006
0.344999999998493
0.0550000000015132
0.400000000000006
0.288999999998481
0.111000000001525
0.400000000000006
0.234999999998479
0.165000000001527
0.400000000000006
0.184999999998468
0.215000000001538
0.400000000000006
0.157999999998452
0.242000000001553
0.400000000000006
0.154999999998438
0.245000000001568
0.400000000000006
0.137999999998414
0.262000000001592
0.400000000000006
0.134999999998399
0.265000000001606
0.400000000000006
0.129999999998375
0.27000000000163
0.400000000000006
0.10299999999836
0.297000000001646
0.400000000000006
0.0609999999983586
0.339000000001647
0.400000000000006
0.0129999999983568
0.387000000001649
0.360999999998342
0.0390000000016641
0.400000000000006
0.31899999999834
0.0810000000016657
0.400000000000006
0.291999999998325
0.108000000001681
0.400000000000006
0.28899999999831
0.111000000001695
0.400000000000006
0.308999999998292
0.0910000000017135
0.400000000000006
0.354999999998284
0.0450000000017212
0.400000000000006
0.382999999998276
0.0170000000017296
0.400000000000006
0.400000000000006
0.0189999999982717
0.381000000001734
0.400000000000006
0.0529999999982635
0.347000000001742
0.400000000000006
0.0669999999982451
0.333000000001761
0.400000000000006
0.0619999999982213
0.338000000001784
0.400000000000006
0.0589999999982069
0.341000000001799
0.400000000000006
0.0499999999981924
0.350000000001813
0.400000000000006
0.0289999999981774
0.371000000001828
0.400000000000006
0.00199999999816214
0.398000000001844
0.384999999998143
0.0150000000018622
0.400000000000006
0.367999999998119
0.0320000000018865
0.400000000000006
0.352999999998104
0.0470000000019013
0.400000000000006
0.333999999998099
0.0660000000019068
0.400000000000006
0.324999999998084
0.0750000000019213
0.400000000000006
0.32399999999808
0.0760000000019261
0.400000000000006
0.339999999998071
0.0600000000019349
0.400000000000006
0.336999999998056
0.0630000000019493
0.400000000000006
0.335999999998052
0.064000000001954
0.400000000000006
0.322999999998046
0.0770000000019593
0.400000000000006
0.303999999998041
0.0960000000019647
0.400000000000006
0.26399999999802
0.136000000001985
0.400000000000006
0.215999999998019
0.184000000001987
0.400000000000006
0.163999999997998
0.236000000002008
0.400000000000006
0.121999999997996
0.27800000000201
0.400000000000006
0.0799999999979946
0.320000000002011
0.400000000000006
0.0299999999979832
0.370000000002022
0.385999999997978
0.0140000000020279
0.400000000000006
0.343999999997976
0.0560000000020295
0.400000000000006
0.301999999997975
0.0980000000020311
0.400000000000006
0.259999999997973
0.140000000002033
0.400000000000006
0.209999999997962
0.190000000002044
0.400000000000006
0.16799999999796
0.232000000002046
0.400000000000006
0.125999999997958
0.274000000002047
0.400000000000006
0.100999999997953
0.299000000002053
0.400000000000006
0.0649999999979514
0.335000000002054
0.400000000000006
0.0249999999979309
0.375000000002075
0.388999999997935
0.0110000000020705
0.400000000000006
0.36199999999792
0.0380000000020857
0.400000000000006
0.3219999999979
0.0780000000021062
0.400000000000006
0.277999999997888
0.122000000002117
0.400000000000006
0.241999999997887
0.158000000002119
0.400000000000006
0.209999999997876
0.190000000002129
0.400000000000006
0.182999999997861
0.217000000002145
0.400000000000006
0.142999999997841
0.257000000002165
0.400000000000006
0.121999999997826
0.27800000000218
0.400000000000006
0.112999999997811
0.287000000002195
0.400000000000006
0.109999999997797
0.290000000002209
0.400000000000006
0.0969999999977915
0.303000000002214
0.400000000000006
0.0799999999977672
0.320000000002238
0.400000000000006
0.0689999999977431
0.331000000002263
0.400000000000006
0.0759999999977197
0.324000000002286
0.400000000000006
0.0689999999977147
0.331000000002291
0.400000000000006
0.0579999999976906
0.342000000002315
0.400000000000006
0.0549999999976762
0.345000000002329
0.400000000000006
0.0519999999976619
0.348000000002344
0.400000000000006
0.0429999999976474
0.357000000002358
0.400000000000006
0.0219999999976324
0.378000000002373
0.400000000000006
0.0029999999976269
0.397000000002379
0.383999999997627
0.0160000000023786
0.400000000000006
0.372999999997603
0.0270000000024027
0.400000000000006
0.347999999997597
0.0520000000024083
0.400000000000006
0.320999999997582
0.0790000000024236
0.400000000000006
0.299999999997567
0.100000000002439
0.400000000000006
0.280999999997562
0.119000000002444
0.400000000000006
0.253999999997546
0.146000000002459
0.400000000000006
0.211999999997545
0.188000000002461
0.400000000000006
0.177999999997525
0.222000000002481
0.400000000000006
0.143999999997504
0.256000000002501
0.400000000000006
0.116999999997489
0.283000000002517
0.400000000000006
0.0749999999974875
0.325000000002518
0.400000000000006
0.0409999999974673
0.359000000002538
0.400000000000006
0.00699999999744705
0.393000000002559
0.395999999997429
0.00400000000257705
0.400000000000006
0.376999999997423
0.0230000000025825
0.400000000000006
0.363999999997418
0.0360000000025877
0.400000000000006
0.354999999997403
0.0450000000026023
0.400000000000006
0.351999999997389
0.0480000000026166
0.400000000000006
0.334999999997365
0.0650000000026409
0.400000000000006
0.31399999999735
0.086000000002656
0.400000000000006
0.286999999997334
0.113000000002671
0.400000000000006
0.252999999997314
0.147000000002691
0.400000000000006
0.194999999997293
0.205000000002684
0.399999999999977
0.130999999997357
0.26900000000262
0.399999999999977
0.0609999999974207
0.339000000002557
0.383999999997457
0.0160000000025207
0.399999999999977
0.302999999997496
0.0970000000024811
0.399999999999977
0.219999999997526
0.180000000002451
0.399999999999977
0.153999999997552
0.246000000002425
0.399999999999977
0.107999999997617
0.292000000002361
0.399999999999977
0.125999999997646
0.274000000002331
0.399999999999977
0.143999999997675
0.256000000002302
0.399999999999977
0.163999999997714
0.236000000002264
0.399999999999977
0.175999999997771
0.224000000002206
0.399999999999977
0.189999999997838
0.21000000000214
0.399999999999977
0.16899999999788
0.231000000002098
0.399999999999977
0.134999999997945
0.265000000002033
0.399999999999977
0.0789999999980182
0.321000000001959
0.399999999999977
0.0129999999980441
0.387000000001933
0.331999999998061
0.0680000000019163
0.399999999999977
0.256999999998129
0.143000000001848
0.399999999999977
0.18399999999815
0.216000000001827
0.399999999999977
0.127999999998224
0.272000000001754
0.399999999999977
0.083999999998241
0.316000000001736
0.399999999999977
0.0399999999982583
0.360000000001719
0.399999999999977
0.00199999999830425
0.398000000001673
0.374999999998352
0.0250000000016257
0.399999999999977
0.355999999998403
0.0440000000015743
0.399999999999977
0.326999999998463
0.0730000000015139
0.399999999999977
0.301999999998486
0.0980000000014911
0.399999999999977
0.280999999998528
0.119000000001449
0.399999999999977
0.261999999998579
0.138000000001398
0.399999999999977
0.219999999998606
0.180000000001371
0.399999999999977
0.192999999998676
0.207000000001301
0.399999999999977
0.171999999998718
0.228000000001259
0.399999999999977
0.16299999999876
0.237000000001217
0.399999999999977
0.151999999998793
0.248000000001184
0.399999999999977
0.132999999998844
0.267000000001133
0.399999999999977
0.121999999998877
0.2780000000011
0.399999999999977
0.12699999999893
0.273000000001048
0.399999999999977
0.138999999998987
0.26100000000099
0.399999999999977
0.12799999999902
0.272000000000958
0.399999999999977
0.124999999999091
0.275000000000887
0.399999999999977
0.123999999999114
0.276000000000863
0.399999999999977
0.126999999999157
0.27300000000082
0.399999999999977
0.12799999999919
0.272000000000787
0.399999999999977
0.120999999999242
0.279000000000735
0.399999999999977
0.134999999999309
0.265000000000668
0.399999999999977
0.170999999999367
0.22900000000061
0.399999999999977
0.222999999999388
0.177000000000589
0.399999999999977
0.272999999999456
0.127000000000521
0.399999999999977
0.333999999999492
0.0660000000004857
0.399999999999977
0.399999999999977
0.00699999999955025
0.393000000000427
0.399999999999977
0.0619999999996139
0.338000000000363
0.399999999999977
0.0879999999996812
0.312000000000296
0.399999999999977
0.113999999999749
0.286000000000229
0.399999999999977
0.127999999999815
0.272000000000162
0.399999999999977
0.108999999999867
0.291000000000111
0.399999999999977
0.09599999999989
0.304000000000087
0.399999999999977
0.06899999999996
0.331000000000017
0.399999999999977
0.0439999999999827
0.355999999999995
0.399999999999977
0.0080000000000382
0.391999999999939
0.378000000000043
0.0219999999999345
0.399999999999977
0.355000000000075
NaN
NaN
NaN
NaN
NaN
NaN
NaN
NaN
NaN
NaN
NaN
NaN
NaN
NaN
NaN
NaN
NaN
NaN
NaN
NaN
NaN
NaN
NaN
NaN
NaN
NaN
NaN
NaN
NaN
NaN
NaN
NaN
NaN
NaN
NaN
NaN
NaN
NaN
NaN
NaN
NaN
NaN
NaN
NaN
NaN
NaN
NaN
NaN
NaN
NaN
NaN
NaN
NaN
NaN
NaN
NaN
NaN
NaN
NaN
NaN
NaN
NaN
NaN
NaN
NaN
NaN
NaN
NaN
NaN
NaN
NaN
NaN
NaN
NaN
NaN
NaN
NaN
NaN
NaN
NaN
NaN
NaN
NaN
NaN
NaN
NaN
NaN
NaN
NaN
NaN
NaN
NaN
NaN
NaN
NaN
NaN
NaN
NaN
NaN
NaN
NaN
NaN
NaN
NaN
NaN
NaN
NaN
NaN
NaN
NaN
NaN
NaN
NaN
NaN
NaN
NaN
NaN
NaN
NaN
NaN
NaN
NaN
NaN
NaN
NaN
NaN
NaN
NaN
NaN
NaN
NaN
NaN
NaN
NaN
NaN
NaN
NaN
NaN
NaN
NaN
NaN
NaN
NaN
NaN
NaN
NaN
NaN
NaN
NaN
NaN
NaN
NaN
NaN
NaN
NaN
NaN
NaN
NaN
NaN
NaN
NaN
NaN
NaN
NaN
NaN
NaN
NaN
NaN
NaN
NaN
NaN
NaN
NaN
NaN
NaN
NaN
NaN
NaN
NaN
NaN
NaN
NaN
NaN
NaN
NaN
NaN
NaN
NaN
NaN
NaN
NaN
NaN
NaN
NaN
NaN
NaN
NaN
NaN
NaN
NaN
NaN
NaN
NaN
NaN
NaN
NaN
NaN
NaN
NaN
NaN
NaN
NaN
NaN
NaN
NaN
NaN
NaN
NaN
NaN
NaN
NaN
NaN
NaN
NaN
NaN
NaN
NaN
NaN
NaN
NaN
NaN
NaN
NaN
NaN
NaN
NaN
NaN
NaN
NaN
NaN
NaN
NaN
NaN
NaN
NaN
NaN
NaN
NaN
NaN
NaN
NaN
NaN
NaN
NaN
NaN
NaN
NaN
NaN
NaN
NaN
NaN
NaN
NaN
NaN
NaN
NaN
NaN
NaN
NaN
NaN
NaN
NaN
NaN
NaN
NaN
NaN
NaN
NaN
NaN
NaN
NaN
NaN
NaN
NaN
NaN
NaN
NaN
NaN
NaN
NaN
NaN
NaN
NaN
NaN
NaN
NaN
NaN
NaN
NaN
NaN
NaN
NaN
NaN
NaN
NaN
NaN
NaN
NaN
NaN
NaN
NaN
NaN
NaN
NaN
NaN
NaN
NaN
NaN
NaN
NaN
NaN
NaN
NaN
NaN
NaN
NaN
NaN
NaN
NaN
NaN
NaN
NaN
NaN
NaN
NaN
NaN
NaN
NaN
NaN
NaN
NaN
NaN
NaN
NaN
NaN
NaN
NaN
NaN
NaN
NaN
NaN
NaN
NaN
NaN
NaN
NaN
NaN
NaN
NaN
NaN
NaN
NaN
NaN
NaN
NaN
NaN
NaN
NaN
NaN
NaN
NaN
NaN
NaN
NaN
NaN
NaN
NaN
NaN
NaN
NaN
NaN
NaN
NaN
NaN
NaN
NaN
NaN
NaN
NaN
NaN
NaN
NaN
NaN
NaN
NaN
NaN
NaN
NaN
NaN
NaN
NaN
NaN
NaN
NaN
NaN
NaN
NaN
NaN
NaN
NaN
NaN
NaN
NaN
NaN
NaN
NaN
NaN
NaN
NaN
NaN
NaN
NaN
NaN
NaN
NaN
NaN
NaN
NaN
NaN
NaN
NaN
NaN
NaN
NaN
NaN
NaN
NaN
NaN
NaN
NaN
NaN
NaN
NaN
NaN
NaN
NaN
NaN
NaN
NaN
NaN
NaN
NaN
NaN
NaN
NaN
NaN
NaN
NaN
NaN
NaN
NaN
NaN
NaN
NaN
NaN
NaN
NaN
NaN
NaN
NaN
NaN
NaN
NaN
NaN
NaN
NaN
NaN
NaN
NaN
NaN
NaN
NaN
NaN
NaN
NaN
NaN
NaN
NaN
NaN
NaN
NaN
NaN
NaN
NaN
NaN
NaN
NaN
NaN
NaN
NaN
NaN
NaN
NaN
NaN
NaN
NaN
NaN
NaN
NaN
NaN
NaN
NaN
NaN
NaN
NaN
NaN
NaN
NaN
NaN
NaN
NaN
NaN
NaN
NaN
NaN
NaN
NaN
NaN
NaN
NaN
NaN
NaN
NaN
NaN
NaN
NaN
NaN
NaN
NaN
NaN
NaN
NaN
NaN
NaN
NaN
NaN
NaN
NaN
NaN
NaN
NaN
NaN
NaN
NaN
NaN
NaN
NaN
NaN
NaN
NaN
NaN
NaN
NaN
NaN
NaN
NaN
NaN
NaN
NaN
NaN
NaN
NaN
NaN
NaN
NaN
NaN
NaN
NaN
NaN
NaN
NaN
NaN
NaN
NaN
NaN
NaN
NaN
NaN
NaN
NaN
NaN
NaN
NaN
NaN
NaN
NaN
NaN
NaN
NaN
NaN
NaN
NaN
NaN
NaN
NaN
NaN
NaN
NaN
NaN
NaN
NaN
NaN
NaN
NaN
NaN
NaN
NaN
NaN
NaN
NaN
NaN
NaN
NaN
NaN
NaN
NaN
NaN
NaN
NaN
NaN
NaN
NaN
NaN
NaN
NaN
NaN
NaN
NaN
NaN
NaN
NaN
NaN
NaN
NaN
NaN
NaN
NaN
NaN
NaN
NaN
NaN
NaN
NaN
NaN
NaN
NaN
NaN
NaN
NaN
NaN
NaN
NaN
NaN
NaN
NaN
NaN
NaN
NaN
NaN
NaN
NaN
NaN
NaN
NaN
NaN
NaN
NaN
NaN
NaN
NaN
NaN
NaN
NaN
NaN
NaN
NaN
NaN
NaN
NaN
NaN
NaN
NaN
NaN
NaN
NaN
NaN
NaN
NaN
NaN
NaN
NaN
NaN
NaN
NaN
NaN
NaN
NaN
NaN
NaN
NaN
NaN
NaN
NaN
NaN
NaN
NaN
NaN
NaN
NaN
NaN
NaN
NaN
NaN
NaN
NaN
NaN
NaN
NaN
NaN
NaN
NaN
NaN
NaN
NaN
NaN
NaN
NaN
NaN
NaN
NaN
NaN
NaN
NaN
NaN
NaN
NaN
NaN
NaN
NaN
NaN
NaN
NaN
NaN
NaN
NaN
NaN
NaN
NaN
NaN
NaN
NaN
NaN
NaN
NaN
NaN
NaN
NaN
NaN
NaN
NaN
NaN
NaN
NaN
NaN
NaN
NaN
NaN
NaN
NaN
NaN
NaN
NaN
NaN
NaN
NaN
NaN
NaN
NaN
NaN
NaN
NaN
NaN
NaN
NaN
NaN
NaN
NaN
NaN
NaN
NaN
NaN
NaN
NaN
NaN
NaN
NaN
NaN
NaN
NaN
NaN
NaN
NaN
NaN
NaN
NaN
NaN
NaN
NaN
NaN
NaN
NaN
NaN
NaN
NaN
NaN
NaN
NaN
NaN
NaN
NaN
NaN
NaN
NaN
NaN
NaN
NaN
NaN
NaN
NaN
NaN
NaN
NaN
NaN
NaN
NaN
NaN
NaN
NaN
NaN
NaN
NaN
NaN
NaN
NaN
NaN
NaN
NaN
NaN
NaN
NaN
NaN
NaN
NaN
NaN
NaN
NaN
NaN
NaN
NaN
NaN
NaN
NaN
NaN
NaN
NaN
NaN
NaN
NaN
NaN
NaN
NaN
NaN
NaN
NaN
NaN
NaN
NaN
NaN
NaN
NaN
NaN
NaN
NaN
NaN
NaN
NaN
NaN
NaN
NaN
NaN
NaN
NaN
NaN
NaN
NaN
NaN
NaN
NaN
NaN
NaN
NaN
NaN
NaN
NaN
NaN
NaN
NaN
NaN
NaN
NaN
NaN
NaN
NaN
NaN
NaN
NaN
NaN
NaN
NaN
NaN
NaN
NaN
NaN
NaN
NaN
NaN
NaN
NaN
NaN
NaN
NaN
NaN
NaN
NaN
NaN
NaN
NaN
NaN
NaN
NaN
NaN
NaN
NaN
NaN
NaN
NaN
NaN
NaN
NaN
NaN
NaN
NaN
NaN
NaN
NaN
NaN
NaN
NaN
NaN
NaN
NaN
NaN
NaN
NaN
NaN
NaN
NaN
NaN
NaN
NaN
NaN
NaN
NaN
NaN
NaN
NaN
NaN
NaN
NaN
NaN
NaN
NaN
NaN
NaN
NaN
NaN
NaN
NaN
NaN
NaN
NaN
NaN
NaN
NaN
NaN
NaN
NaN
NaN
NaN
NaN
NaN
NaN
NaN
NaN
NaN
NaN
NaN
NaN
NaN
NaN
NaN
NaN
NaN
NaN
NaN
NaN
NaN
NaN
NaN
NaN
NaN
NaN
NaN
NaN
NaN
NaN
NaN
NaN
NaN
NaN
NaN
NaN
NaN
NaN
NaN
NaN
NaN
NaN
NaN
NaN
NaN
NaN
NaN
NaN
NaN
NaN
NaN
NaN
NaN
NaN
NaN
NaN
NaN
NaN
NaN
NaN
NaN
NaN
NaN
NaN
NaN
NaN
NaN
NaN
NaN
NaN
NaN
NaN
NaN
NaN
NaN
NaN
NaN
NaN
NaN
NaN
NaN
NaN
NaN
NaN
NaN
NaN
NaN
NaN
NaN
NaN
NaN
NaN
NaN
NaN
NaN
NaN
NaN
NaN
NaN
NaN
NaN
NaN
NaN
NaN
NaN
NaN
NaN
NaN
NaN
NaN
NaN
NaN
NaN
NaN
NaN
NaN
NaN
NaN
NaN
NaN
NaN
NaN
NaN
NaN
NaN
NaN
NaN
NaN
NaN
NaN
NaN
NaN
NaN
NaN
NaN
NaN
NaN
NaN
NaN
NaN
NaN
NaN
NaN
NaN
NaN
NaN
NaN
NaN
NaN
NaN
NaN
NaN
NaN
NaN
NaN
NaN
NaN
NaN
NaN
NaN
NaN
NaN
NaN
NaN
NaN
NaN
NaN
NaN
NaN
NaN
NaN
NaN
NaN
NaN
NaN
NaN
NaN
NaN
NaN
NaN
NaN
NaN
NaN
NaN
NaN
NaN
NaN
NaN
NaN
NaN
NaN
NaN
NaN
NaN
NaN
NaN
NaN
NaN
NaN
NaN
NaN
NaN
NaN
NaN
NaN
NaN
NaN
NaN
NaN
NaN
NaN
NaN
NaN
NaN
NaN
NaN
NaN
NaN
NaN
NaN
NaN
NaN
NaN
NaN
NaN
NaN
NaN
NaN
NaN
NaN
NaN
NaN
NaN
NaN
NaN
NaN
NaN
NaN
NaN
NaN
NaN
NaN
NaN
NaN
NaN
NaN
NaN
NaN
NaN
NaN
NaN
NaN
NaN
NaN
NaN
NaN
NaN
NaN
NaN
NaN
NaN
NaN
NaN
NaN
NaN
NaN
NaN
NaN
NaN
NaN
NaN
NaN
NaN
NaN
NaN
NaN
NaN
NaN
NaN
NaN
NaN
NaN
NaN
NaN
NaN
NaN
NaN
NaN
NaN
NaN
NaN
NaN
NaN
NaN
NaN
NaN
NaN
NaN
NaN
NaN
NaN
NaN
NaN
NaN
NaN
NaN
NaN
NaN
NaN
NaN
NaN
NaN
NaN
NaN
NaN
NaN
NaN
NaN
NaN
NaN
NaN
NaN
NaN
NaN
NaN
NaN
NaN
NaN
NaN
NaN
NaN
NaN
NaN
NaN
NaN
NaN
NaN
NaN
NaN
NaN
NaN
NaN
NaN
NaN
NaN
NaN
NaN
NaN
NaN
NaN
NaN
NaN
NaN
NaN
NaN
NaN
NaN
NaN
NaN
NaN
NaN
NaN
NaN
NaN
NaN
NaN
NaN
NaN
NaN
NaN
NaN
NaN
NaN
NaN
NaN
NaN
NaN
NaN
NaN
NaN
NaN
NaN
NaN
NaN
NaN
NaN
NaN
NaN
NaN
NaN
NaN
NaN
NaN
NaN
NaN
NaN
NaN
NaN
NaN
NaN
NaN
NaN
NaN
NaN
NaN
NaN
NaN
NaN
NaN
NaN
NaN
NaN
NaN
NaN
NaN
NaN
NaN
NaN
NaN
NaN
NaN
NaN
NaN
NaN
NaN
NaN
NaN
NaN
NaN
NaN
NaN
NaN
NaN
NaN
NaN
NaN
NaN
NaN
NaN
NaN
NaN
NaN
NaN
NaN
NaN
NaN
NaN
NaN
NaN
NaN
NaN
NaN
NaN
NaN
NaN
NaN
NaN
NaN
NaN
NaN
NaN
NaN
NaN
NaN
NaN
NaN
NaN
NaN
NaN
NaN
NaN
NaN
NaN
NaN
NaN
NaN
NaN
NaN
NaN
NaN
NaN
NaN
NaN
NaN
NaN
NaN
NaN
NaN
NaN
NaN
NaN
NaN
NaN
NaN
NaN
NaN
NaN
NaN
NaN
NaN
NaN
NaN
NaN
NaN
NaN
NaN
NaN
NaN
NaN
NaN
NaN
NaN
NaN
NaN
NaN
NaN
NaN
NaN
NaN
NaN
NaN
NaN
NaN
NaN
NaN
NaN
NaN
NaN
NaN
NaN
NaN
NaN
NaN
NaN
NaN
NaN
NaN
NaN
NaN
NaN
NaN
NaN
NaN
NaN
NaN
NaN
NaN
NaN
NaN
NaN
NaN
NaN
NaN
NaN
NaN
NaN
NaN
NaN
NaN
NaN
NaN
NaN
NaN
NaN
NaN
NaN
NaN
NaN
NaN
NaN
NaN
NaN
NaN
NaN
NaN
NaN
NaN
NaN
NaN
NaN
NaN
NaN
NaN
NaN
NaN
NaN
NaN
NaN
NaN
NaN
NaN
NaN
NaN
NaN
NaN
NaN
NaN
NaN
NaN
NaN
NaN
NaN
NaN
NaN
NaN
NaN
NaN
NaN
NaN
NaN
NaN
NaN
NaN
NaN
NaN
NaN
NaN
NaN
NaN
NaN
NaN
NaN
NaN
NaN
NaN
NaN
NaN
NaN
NaN
NaN
NaN
NaN
NaN
NaN
NaN
NaN
NaN
NaN
NaN
NaN
NaN
NaN
NaN
NaN
NaN
NaN
NaN
NaN
NaN
NaN
NaN
NaN
NaN
NaN
NaN
NaN
NaN
NaN
NaN
NaN
NaN
NaN
NaN
NaN
NaN
NaN
NaN
NaN
NaN
NaN
NaN
NaN
NaN
NaN
NaN
NaN
NaN
NaN
NaN
NaN
NaN
NaN
NaN
NaN
NaN
NaN
NaN
NaN
NaN
NaN
NaN
NaN
NaN
NaN
NaN
NaN
NaN
NaN
NaN
NaN
NaN
NaN
NaN
NaN
NaN
NaN
NaN
NaN
NaN
NaN
NaN
NaN
NaN
NaN
NaN
NaN
NaN
NaN
NaN
NaN
NaN
NaN
NaN
NaN
NaN
NaN
NaN
NaN
NaN
NaN
NaN
NaN
NaN
NaN
NaN
NaN
NaN
NaN
NaN
NaN
NaN
NaN
NaN
NaN
NaN
NaN
NaN
NaN
NaN
NaN
NaN
NaN
NaN
NaN
NaN
NaN
NaN
NaN
NaN
NaN
NaN
NaN
NaN
NaN
NaN
NaN
NaN
NaN
NaN
NaN
NaN
NaN
NaN
NaN
NaN
NaN
NaN
NaN
NaN
NaN
NaN
NaN
NaN
NaN
NaN
NaN
NaN
NaN
NaN
NaN
NaN
NaN
NaN
NaN
NaN
NaN
NaN
NaN
NaN
NaN
NaN
NaN
NaN
NaN
NaN
NaN
NaN
NaN
NaN
NaN
NaN
NaN
NaN
NaN
NaN
NaN
NaN
NaN
NaN
NaN
NaN
NaN
NaN
NaN
NaN
NaN
NaN
NaN
NaN
NaN
NaN
NaN
NaN
NaN
NaN
NaN
NaN
NaN
NaN
NaN
NaN
NaN
NaN
NaN
NaN
NaN
NaN
NaN
NaN
NaN
NaN
NaN
NaN
NaN
NaN
NaN
NaN
NaN
NaN
NaN
NaN
NaN
NaN
NaN
NaN
NaN
NaN
NaN
NaN
NaN
NaN
NaN
NaN
NaN
NaN
NaN
NaN
NaN
NaN
NaN
NaN
NaN
NaN
NaN
NaN
NaN
NaN
NaN
NaN
NaN
NaN
NaN
NaN
NaN
NaN
NaN
NaN
NaN
NaN
NaN
NaN
NaN
NaN
NaN
NaN
NaN
NaN
NaN
NaN
NaN
NaN
NaN
NaN
NaN
NaN
NaN
NaN
NaN
NaN
NaN
NaN
NaN
NaN
NaN
NaN
NaN
NaN
NaN
NaN
NaN
NaN
NaN
NaN
NaN
NaN
NaN
NaN
NaN
NaN
NaN
NaN
NaN
NaN
NaN
NaN
NaN
NaN
NaN
NaN
NaN
NaN
NaN
NaN
NaN
NaN
NaN
NaN
NaN
NaN
NaN
NaN
NaN
NaN
NaN
NaN
NaN
NaN
NaN
NaN
NaN
NaN
NaN
NaN
NaN
NaN
NaN
NaN
NaN
NaN
NaN
NaN
NaN
NaN
NaN
NaN
NaN
NaN
NaN
NaN
NaN
NaN
NaN
NaN
NaN
NaN
NaN
NaN
NaN
NaN
NaN
NaN
NaN
NaN
NaN
NaN
NaN
NaN
NaN
NaN
NaN
NaN
NaN
NaN
NaN
NaN
NaN
NaN
NaN
NaN
NaN
NaN
NaN
NaN
NaN
NaN
NaN
NaN
NaN
NaN
NaN
NaN
NaN
NaN
NaN
NaN
NaN
NaN
NaN
NaN
NaN
NaN
NaN
NaN
NaN
NaN
NaN
NaN
NaN
NaN
NaN
NaN
NaN
NaN
NaN
NaN
NaN
NaN
NaN
NaN
NaN
NaN
NaN
NaN
NaN
NaN
NaN
NaN
NaN
NaN
NaN
NaN
NaN
NaN
NaN
NaN
NaN
NaN
NaN
NaN
NaN
NaN
NaN
NaN
NaN
NaN
NaN
NaN
NaN
NaN
NaN
NaN
NaN
NaN
NaN
NaN
NaN
NaN
NaN
NaN
NaN
NaN
NaN
NaN
NaN
NaN
NaN
NaN
NaN
NaN
NaN
NaN
NaN
NaN
NaN
NaN
NaN
NaN
NaN
NaN
NaN
NaN
NaN
NaN
NaN
NaN
NaN
NaN
NaN
NaN
NaN
NaN
NaN
NaN
NaN
NaN
NaN
NaN
NaN
NaN
NaN
NaN
NaN
NaN
NaN
NaN
NaN
NaN
NaN
NaN
NaN
NaN
NaN
NaN
NaN
NaN
NaN
NaN
NaN
NaN
NaN
NaN
NaN
NaN
NaN
NaN
NaN
NaN
NaN
NaN
NaN
NaN
NaN
NaN
NaN
NaN
NaN
NaN
NaN
NaN
NaN
NaN
NaN
NaN
NaN
NaN
NaN
NaN
NaN
NaN
NaN
NaN
NaN
NaN
NaN
NaN
NaN
NaN
NaN
NaN
NaN
NaN
NaN
NaN
NaN
NaN
NaN
NaN
NaN
NaN
NaN
NaN
NaN
NaN
NaN
NaN
NaN
NaN
NaN
NaN
NaN
NaN
NaN
NaN
NaN
NaN
NaN
NaN
NaN
NaN
NaN
NaN
NaN
NaN
NaN
NaN
NaN
NaN
NaN
NaN
NaN
NaN
NaN
NaN
NaN
NaN
NaN
NaN
NaN
NaN
NaN
NaN
NaN
NaN
NaN
NaN
NaN
NaN
NaN
NaN
NaN
NaN
NaN
NaN
NaN
NaN
NaN
NaN
NaN
NaN
NaN
NaN
NaN
NaN
NaN
NaN
NaN
NaN
NaN
NaN
NaN
NaN
NaN
NaN
NaN
NaN
NaN
NaN
NaN
NaN
NaN
