0.00800000000000001
0.1
0.1
0.1
0.1
0.1
0.1
0.1
0.1
0.1
0.0839999999999992
0.0160000000000009
0.1
0.1
0.1
0.1
0.1
0.1
0.1
0.1
0.1
0.0659999999999985
0.0340000000000016
0.1
0.1
0.1
0.1
0.1
0.1
0.1
0.1
0.1
0.0759999999999974
0.0240000000000027
0.0999999999999996
0.0999999999999996
0.0999999999999996
0.0999999999999996
0.0999999999999996
0.0999999999999996
0.0999999999999996
0.0999999999999996
0.0999999999999996
0.0999999999999996
0.00400000000000045
0.0959999999999992
0.0999999999999996
0.0999999999999996
0.0999999999999996
0.0999999999999996
0.0999999999999996
0.0999999999999996
0.0999999999999996
0.0999999999999996
0.0999999999999996
0.0320000000000045
0.0679999999999952
0.0999999999999996
0.0999999999999996
0.0999999999999996
0.0999999999999996
0.0999999999999996
0.0999999999999996
0.0999999999999996
0.0999999999999996
0.0999999999999996
0.0220000000000082
0.0779999999999914
0.0999999999999996
0.0999999999999996
0.0999999999999996
0.0999999999999996
0.0999999999999996
0.0999999999999996
0.0999999999999996
0.0999999999999996
0.0999999999999996
0.0200000000000111
0.0799999999999894
0.0999999999999996
0.0999999999999996
0.0999999999999996
0.0999999999999996
0.0999999999999996
0.0999999999999996
0.0999999999999996
0.0999999999999996
0.0999999999999996
0.0500000000000131
0.0499999999999865
0.0999999999999996
0.0999999999999996
0.0999999999999996
0.0999999999999996
0.0999999999999996
0.0999999999999996
0.0999999999999996
0.0999999999999996
0.0999999999999996
0.0940000000000172
0.00599999999998246
0.0999999999999996
0.0999999999999996
0.0999999999999996
0.0999999999999996
0.0999999999999996
0.0999999999999996
0.0999999999999996
0.0999999999999996
0.0999999999999996
0.0999999999999996
0.00800000000002044
0.0919999999999792
0.0999999999999996
0.0999999999999996
0.0999999999999996
0.0999999999999996
0.0999999999999996
0.0999999999999996
0.0999999999999996
0.0999999999999996
0.0999999999999996
2.30926389122033e-14
0.0999999999999766
0.0999999999999996
0.0999999999999996
0.0999999999999996
0.0999999999999996
0.0999999999999996
0.0999999999999996
0.0999999999999996
0.0999999999999996
0.0700000000000269
0.0299999999999727
0.0999999999999996
0.0999999999999996
0.0999999999999996
0.0999999999999996
0.0999999999999996
0.0999999999999996
0.0999999999999996
0.0999999999999996
0.0999999999999996
0.0520000000000298
0.0479999999999698
0.0999999999999996
0.0999999999999996
0.0999999999999996
0.0999999999999996
0.0999999999999996
0.0999999999999996
0.0999999999999996
0.0999999999999996
0.0999999999999996
0.0360000000000333
0.0639999999999663
0.0999999999999996
0.0999999999999996
0.0999999999999996
0.0999999999999996
0.0999999999999996
0.0999999999999996
0.0999999999999996
0.0999999999999996
0.0999999999999996
0.0180000000000362
0.0819999999999652
0.100000000000001
0.100000000000001
0.100000000000001
0.100000000000001
0.100000000000001
0.100000000000001
0.100000000000001
0.100000000000001
0.100000000000001
0.0100000000000229
0.0899999999999785
0.100000000000001
0.100000000000001
0.100000000000001
0.100000000000001
0.100000000000001
0.100000000000001
0.100000000000001
0.100000000000001
0.0780000000000101
0.0219999999999914
0.100000000000001
0.100000000000001
0.100000000000001
0.100000000000001
0.100000000000001
0.100000000000001
0.100000000000001
0.100000000000001
0.100000000000001
0.0479999999999947
0.0520000000000067
0.100000000000001
0.100000000000001
0.100000000000001
0.100000000000001
0.100000000000001
0.100000000000001
0.100000000000001
0.100000000000001
0.100000000000001
0.0279999999999809
0.0720000000000205
0.100000000000001
0.100000000000001
0.100000000000001
0.100000000000001
0.100000000000001
0.100000000000001
0.100000000000001
0.100000000000001
0.100000000000001
0.00999999999996604
0.0900000000000354
0.100000000000001
0.100000000000001
0.100000000000001
0.100000000000001
0.100000000000001
0.100000000000001
0.100000000000001
0.100000000000001
0.100000000000001
0.00199999999995271
0.0980000000000487
0.100000000000001
0.100000000000001
0.100000000000001
0.100000000000001
0.100000000000001
0.100000000000001
0.100000000000001
0.100000000000001
0.100000000000001
0.0119999999999401
0.0880000000000614
0.100000000000001
0.100000000000001
0.100000000000001
0.100000000000001
0.100000000000001
0.100000000000001
0.100000000000001
0.100000000000001
0.100000000000001
0.0119999999999258
0.0880000000000756
0.100000000000001
0.100000000000001
0.100000000000001
0.100000000000001
0.100000000000001
0.100000000000001
0.100000000000001
0.100000000000001
0.0699999999999115
0.03000000000009
0.100000000000001
0.100000000000001
0.100000000000001
0.100000000000001
0.100000000000001
0.100000000000001
0.100000000000001
0.100000000000001
0.100000000000001
0.0239999999998979
0.0760000000001035
0.100000000000001
0.100000000000001
0.100000000000001
0.100000000000001
0.100000000000001
0.100000000000001
0.100000000000001
0.100000000000001
0.0899999999998862
0.0100000000001153
0.100000000000001
0.100000000000001
0.100000000000001
0.100000000000001
0.100000000000001
0.100000000000001
0.100000000000001
0.100000000000001
0.100000000000001
0.0659999999998711
0.0340000000001304
0.100000000000001
0.100000000000001
0.100000000000001
0.100000000000001
0.100000000000001
0.100000000000001
0.100000000000001
0.100000000000001
0.100000000000001
0.017999999999855
0.0820000000001464
0.100000000000001
0.100000000000001
0.100000000000001
0.100000000000001
0.100000000000001
0.100000000000001
0.100000000000001
0.100000000000001
0.0619999999998413
0.0380000000001601
0.100000000000001
0.100000000000001
0.100000000000001
0.100000000000001
0.100000000000001
0.100000000000001
0.100000000000001
0.100000000000001
0.100000000000001
0.0279999999998282
0.0720000000001733
0.100000000000001
0.100000000000001
0.100000000000001
0.100000000000001
0.100000000000001
0.100000000000001
0.100000000000001
0.100000000000001
0.100000000000001
0.0119999999998122
0.0880000000001893
0.100000000000001
0.100000000000001
0.0999999999999979
0.100000000000001
0.100000000000001
0.100000000000001
0.100000000000001
0.100000000000001
0.100000000000001
0.00799999999980372
0.0920000000001977
0.100000000000001
0.100000000000001
0.100000000000001
0.100000000000001
0.100000000000001
0.100000000000001
0.100000000000001
0.100000000000001
0.0899999999997902
0.0100000000002112
0.100000000000001
0.100000000000001
0.100000000000001
0.100000000000001
0.100000000000001
0.100000000000001
0.100000000000001
0.100000000000001
0.100000000000001
0.0579999999997725
0.042000000000229
0.100000000000001
0.100000000000001
0.100000000000001
0.100000000000001
0.100000000000001
0.100000000000001
0.100000000000001
0.100000000000001
0.0819999999997592
0.0180000000002423
0.100000000000001
0.100000000000001
0.100000000000001
0.100000000000001
0.100000000000001
0.100000000000001
0.100000000000001
0.100000000000001
0.0879999999997452
0.0120000000002563
0.100000000000001
0.100000000000001
0.100000000000001
0.100000000000001
0.100000000000001
0.100000000000001
0.100000000000001
0.100000000000001
0.100000000000001
0.00799999999973267
0.0920000000002688
0.100000000000001
0.100000000000001
0.100000000000001
0.100000000000001
0.100000000000001
0.100000000000001
0.100000000000001
0.100000000000001
0.0359999999997171
0.0640000000002843
0.100000000000001
0.100000000000001
0.100000000000001
0.100000000000001
0.100000000000001
0.100000000000001
0.100000000000001
0.100000000000001
0.0779999999997045
0.0220000000002969
0.100000000000001
0.100000000000001
0.100000000000001
0.100000000000001
0.100000000000001
0.100000000000001
0.100000000000001
0.100000000000001
0.100000000000001
0.0299999999996885
0.0700000000003129
0.100000000000001
0.100000000000001
0.100000000000001
0.100000000000001
0.100000000000001
0.100000000000001
0.100000000000001
0.100000000000001
0.100000000000001
0.00599999999967338
0.094000000000328
0.100000000000001
0.100000000000001
0.100000000000001
0.100000000000001
0.100000000000001
0.100000000000001
0.100000000000001
0.100000000000001
0.0619999999996637
0.0380000000003378
0.100000000000001
0.100000000000001
0.100000000000001
0.100000000000001
0.100000000000001
0.100000000000001
0.100000000000001
0.100000000000001
0.0699999999996521
0.0300000000003493
0.100000000000001
0.100000000000001
0.100000000000001
0.100000000000001
0.100000000000001
0.100000000000001
0.100000000000001
0.100000000000001
0.0659999999996401
0.0340000000003613
0.100000000000001
0.100000000000001
0.100000000000001
0.100000000000001
0.100000000000001
0.100000000000001
0.100000000000001
0.100000000000001
0.0659999999996259
0.0340000000003755
0.100000000000001
0.100000000000001
0.100000000000001
0.100000000000001
0.100000000000001
0.100000000000001
0.100000000000001
0.100000000000001
0.0799999999996146
0.0200000000003868
0.100000000000001
0.100000000000001
0.100000000000001
0.100000000000001
0.100000000000001
0.100000000000001
0.100000000000001
0.100000000000001
0.100000000000001
0.0179999999996028
0.0820000000003986
0.100000000000001
0.100000000000001
0.100000000000001
0.100000000000001
0.100000000000001
0.100000000000001
0.100000000000001
0.100000000000001
0.0839999999995911
0.0160000000004104
0.100000000000001
0.100000000000001
0.100000000000001
0.100000000000001
0.100000000000001
0.100000000000001
0.100000000000001
0.100000000000001
0.100000000000001
0.0519999999995733
0.0480000000004281
0.100000000000001
0.100000000000001
0.100000000000001
0.100000000000001
0.100000000000001
0.100000000000001
0.100000000000001
0.100000000000001
0.0739999999995575
0.0260000000004439
0.100000000000001
0.100000000000001
0.100000000000001
0.100000000000001
0.100000000000001
0.100000000000001
0.100000000000001
0.100000000000001
0.0499999999995424
0.050000000000459
0.100000000000001
0.100000000000001
0.100000000000001
0.100000000000001
0.100000000000001
0.100000000000001
0.100000000000001
0.100000000000001
0.0359999999995324
0.064000000000469
0.100000000000001
0.100000000000001
0.100000000000001
0.100000000000001
0.100000000000001
0.100000000000001
0.100000000000001
0.100000000000001
0.0159999999995222
0.0840000000004792
0.100000000000001
0.100000000000001
0.100000000000001
0.100000000000001
0.100000000000001
0.100000000000001
0.100000000000001
0.0679999999995076
0.0320000000004939
0.100000000000001
0.100000000000001
0.100000000000001
0.100000000000001
0.100000000000001
0.100000000000001
0.100000000000001
0.100000000000001
0.031999999999492
0.0680000000005094
0.100000000000001
0.100000000000001
0.100000000000001
0.100000000000001
0.100000000000001
0.100000000000001
0.100000000000001
0.100000000000001
0.0339999999994802
0.0660000000005212
0.100000000000001
0.100000000000001
0.100000000000001
0.100000000000001
0.100000000000001
0.100000000000001
0.100000000000001
0.0899999999994705
0.0100000000005309
0.100000000000001
0.100000000000001
0.100000000000001
0.100000000000001
0.100000000000001
0.100000000000001
0.100000000000001
0.100000000000001
0.0439999999994569
0.0560000000005445
0.100000000000001
0.100000000000001
0.100000000000001
0.100000000000001
0.100000000000001
0.100000000000001
0.100000000000001
0.100000000000001
0.0479999999994476
0.0520000000005538
0.100000000000001
0.100000000000001
0.100000000000001
0.100000000000001
0.100000000000001
0.100000000000001
0.100000000000001
0.100000000000001
0.0939999999994328
0.00600000000056866
0.100000000000001
0.100000000000001
0.100000000000001
0.100000000000001
0.100000000000001
0.100000000000001
0.100000000000001
0.100000000000001
0.100000000000001
0.0659999999994199
0.0340000000005816
0.100000000000001
0.100000000000001
0.100000000000001
0.100000000000001
0.100000000000001
0.100000000000001
0.100000000000001
0.100000000000001
0.100000000000001
0.0519999999994027
0.0480000000005987
0.100000000000001
0.100000000000001
0.100000000000001
0.100000000000001
0.100000000000001
0.100000000000001
0.100000000000001
0.100000000000001
0.100000000000001
0.00399999999938672
0.0960000000006147
0.100000000000001
0.100000000000001
0.100000000000001
0.100000000000001
0.100000000000001
0.100000000000001
0.100000000000001
0.0959999999993784
0.00400000000062306
0.100000000000001
0.100000000000001
0.100000000000001
0.100000000000001
0.100000000000001
0.100000000000001
0.100000000000001
0.100000000000001
0.0939999999993688
0.00600000000063261
0.100000000000001
0.100000000000001
0.100000000000001
0.100000000000001
0.100000000000001
0.100000000000001
0.100000000000001
0.100000000000001
0.100000000000001
0.0259999999993568
0.0740000000006447
0.0999999999999943
0.0999999999999943
0.0999999999999943
0.0999999999999943
0.0999999999999943
0.0999999999999943
0.0999999999999943
0.0999999999999943
0.0999999999999943
0.0119999999994036
0.0880000000005907
0.0999999999999943
0.0999999999999943
0.0999999999999943
0.0999999999999943
0.0999999999999943
0.0999999999999943
0.0999999999999943
0.0999999999999943
0.0999999999999943
0.0139999999994558
0.0860000000005385
0.0999999999999943
0.0999999999999943
0.0999999999999943
0.0999999999999943
0.0999999999999943
0.0999999999999943
0.0999999999999943
0.0999999999999943
0.0999999999999943
0.0219999999995082
0.0780000000004861
0.0999999999999943
0.0999999999999943
0.0999999999999943
0.0999999999999943
0.0999999999999943
0.0999999999999943
0.0999999999999943
0.0999999999999943
0.0999999999999943
0.00199999999956901
0.0980000000004253
0.0999999999999943
0.0999999999999943
0.0999999999999943
0.0999999999999943
0.0999999999999943
0.0999999999999943
0.0999999999999943
0.0999999999999943
0.0299999999996174
0.0700000000003769
0.0999999999999943
0.0999999999999943
0.0999999999999943
0.0999999999999943
0.0999999999999943
0.0999999999999943
0.0999999999999943
0.0999999999999943
0.0799999999996714
0.0200000000003229
0.0999999999999943
0.0999999999999943
0.0999999999999943
0.0999999999999943
0.0999999999999943
0.0999999999999943
0.0999999999999943
0.0999999999999943
0.0999999999999943
0.0519999999997225
0.0480000000002718
0.0999999999999943
0.0999999999999943
0.0999999999999943
0.0999999999999943
0.0999999999999943
0.0999999999999943
0.0999999999999943
0.0999999999999943
0.0999999999999943
0.0439999999997838
0.0560000000002105
0.0999999999999943
0.0999999999999943
0.0999999999999943
0.0999999999999943
0.0999999999999943
0.0999999999999943
0.0999999999999943
0.0999999999999943
0.0999999999999943
0.0419999999998453
0.058000000000149
0.0999999999999943
0.0999999999999943
0.0999999999999943
0.0999999999999943
0.0999999999999943
0.0999999999999943
0.0999999999999943
0.0999999999999943
0.0999999999999943
0.0239999999999014
0.0760000000000929
0.0999999999999943
0.0999999999999943
0.0999999999999943
0.0999999999999943
0.0999999999999943
0.0999999999999943
0.0999999999999943
0.0999999999999943
0.0359999999999587
0.0640000000000356
0.0999999999999943
0.0999999999999943
0.0999999999999943
0.0999999999999943
0.0999999999999943
0.0999999999999943
0.0999999999999943
0.0999999999999943
0.0580000000000069
0.0419999999999874
0.0999999999999943
0.0999999999999943
0.0999999999999943
0.0999999999999943
0.0999999999999943
0.0999999999999943
0.0999999999999943
0.0999999999999943
0.0980000000000558
0.0019999999999385
0.0999999999999943
0.0999999999999943
0.0999999999999943
0.0999999999999943
0.0999999999999943
0.0999999999999943
0.0999999999999943
0.0999999999999943
0.0999999999999943
0.0540000000001157
0.0459999999998786
0.0999999999999943
0.0999999999999943
0.0999999999999943
0.0999999999999943
0.0999999999999943
0.0999999999999943
0.0999999999999943
0.0999999999999943
0.0999999999999943
0.032000000000167
0.0679999999998273
0.0999999999999943
0.0999999999999943
0.0999999999999943
0.0999999999999943
0.0999999999999943
0.0999999999999943
0.0999999999999943
0.0999999999999943
0.0999999999999943
0.0140000000002232
0.0859999999997711
0.0999999999999943
0.0999999999999943
0.0999999999999943
0.0999999999999943
0.0999999999999943
0.0999999999999943
0.0999999999999943
0.0999999999999943
0.0760000000002776
0.0239999999997167
0.0999999999999943
0.0999999999999943
0.0999999999999943
0.0999999999999943
0.0999999999999943
0.0999999999999943
0.0999999999999943
0.0999999999999943
0.0800000000003251
0.0199999999996692
0.0999999999999943
0.0999999999999943
0.0999999999999943
0.0999999999999943
0.0999999999999943
0.0999999999999943
0.0999999999999943
0.0999999999999943
0.0720000000003722
0.0279999999996221
0.0999999999999943
0.0999999999999943
0.0999999999999943
0.0999999999999943
0.0999999999999943
0.0999999999999943
0.0999999999999943
0.0999999999999943
0.09600000000043
0.00399999999956435
0.0999999999999943
0.0999999999999943
0.0999999999999943
0.0999999999999943
0.0999999999999943
0.0999999999999943
0.0999999999999943
0.0999999999999943
0.0999999999999943
0.0460000000004896
0.0539999999995047
0.0999999999999943
0.0999999999999943
0.0999999999999943
0.0999999999999943
0.0999999999999943
0.0999999999999943
0.0999999999999943
0.0999999999999943
0.0999999999999943
0.0300000000005411
0.0699999999994532
0.0999999999999943
0.0999999999999943
0.0999999999999943
0.0999999999999943
0.0999999999999943
0.0999999999999943
0.0999999999999943
0.0999999999999943
0.0999999999999943
0.0160000000006022
0.0839999999993921
0.0999999999999943
0.0999999999999943
0.0999999999999943
0.0999999999999943
0.0999999999999943
0.0999999999999943
0.0999999999999943
0.0999999999999943
0.0460000000006602
0.0539999999993341
0.0999999999999943
0.0999999999999943
0.0999999999999943
0.0999999999999943
0.0999999999999943
0.0999999999999943
0.0999999999999943
0.0999999999999943
0.0240000000007115
0.0759999999992829
0.0999999999999943
0.0999999999999943
0.0999999999999943
0.0999999999999943
0.0999999999999943
0.0999999999999943
0.0999999999999943
0.0999999999999943
0.0220000000007587
0.0779999999992356
0.0999999999999943
0.0999999999999943
0.0999999999999943
0.0999999999999943
0.0999999999999943
0.0999999999999943
0.0999999999999943
0.0999999999999943
0.0560000000008074
0.0439999999991869
0.0999999999999943
0.0999999999999943
0.0999999999999943
0.0999999999999943
0.0999999999999943
0.0999999999999943
0.0999999999999943
0.0999999999999943
0.0999999999999943
0.050000000000864
0.0499999999991303
0.0999999999999943
0.0999999999999943
0.0999999999999943
0.0999999999999943
0.0999999999999943
0.0999999999999943
0.0999999999999943
0.0999999999999943
0.0999999999999943
0.0540000000009258
0.0459999999990686
0.0999999999999943
0.0999999999999943
0.0999999999999943
0.0999999999999943
0.0999999999999943
0.0999999999999943
0.0999999999999943
0.0999999999999943
0.0999999999999943
0.0560000000009779
0.0439999999990164
0.0999999999999943
0.0999999999999943
0.0999999999999943
0.0999999999999943
0.0999999999999943
0.0999999999999943
0.0999999999999943
0.0999999999999943
0.0999999999999943
0.0160000000010285
0.0839999999989658
0.0999999999999943
0.0999999999999943
0.0999999999999943
0.0999999999999943
0.0999999999999943
0.0999999999999943
0.0999999999999943
0.0999999999999943
0.064000000001073
0.0359999999989213
0.0999999999999943
0.0999999999999943
0.0999999999999943
0.0999999999999943
0.0999999999999943
0.0999999999999943
0.0999999999999943
0.0999999999999943
0.0999999999999943
0.0720000000011254
0.0279999999988689
0.0999999999999943
0.0999999999999943
0.0999999999999943
0.0999999999999943
0.0999999999999943
0.0999999999999943
0.0999999999999943
0.0999999999999943
0.0999999999999943
0.0760000000011871
0.0239999999988072
0.0999999999999943
0.0999999999999943
0.0999999999999943
0.0999999999999943
0.0999999999999943
0.0999999999999943
0.0999999999999943
0.0999999999999943
0.0999999999999943
0.0900000000012398
0.00999999999875456
0.0999999999999943
0.0999999999999943
0.0999999999999943
0.0999999999999943
0.0999999999999943
0.0999999999999943
0.0999999999999943
0.0999999999999943
0.0999999999999943
0.0760000000013008
0.0239999999986935
0.0999999999999943
0.0999999999999943
0.0999999999999943
0.0999999999999943
0.0999999999999943
0.0999999999999943
0.0999999999999943
0.0999999999999943
0.0999999999999943
0.0180000000013507
0.0819999999986436
0.0999999999999943
0.0999999999999943
0.0999999999999943
0.0999999999999943
0.0999999999999943
0.0999999999999943
0.0999999999999943
0.0999999999999943
0.0760000000014003
0.023999999998594
0.0999999999999943
0.0999999999999943
0.0999999999999943
0.0999999999999943
0.0999999999999943
0.0999999999999943
0.0999999999999943
0.0999999999999943
0.0999999999999943
0.0360000000014509
0.0639999999985434
0.0999999999999943
0.0999999999999943
0.0999999999999943
0.0999999999999943
0.0999999999999943
0.0999999999999943
0.0999999999999943
0.0999999999999943
0.0999999999999943
0.00600000000150658
0.0939999999984877
0.0999999999999943
0.0999999999999943
0.0999999999999943
0.0999999999999943
0.0999999999999943
0.0999999999999943
0.0999999999999943
0.0999999999999943
0.0999999999999943
0.00200000000155853
0.0979999999984358
0.0999999999999943
0.0999999999999943
0.0999999999999943
0.0999999999999943
0.0999999999999943
0.0999999999999943
0.0999999999999943
0.0999999999999943
0.0600000000016081
0.0399999999983862
0.0999999999999943
0.0999999999999943
0.0999999999999943
0.0999999999999943
0.0999999999999943
0.0999999999999943
0.0999999999999943
0.0999999999999943
0.0780000000016656
0.0219999999983287
0.0999999999999943
0.0999999999999943
0.0999999999999943
0.0999999999999943
0.0999999999999943
0.0999999999999943
0.0999999999999943
0.0999999999999943
0.0999999999999943
0.0240000000017204
0.0759999999982739
0.0999999999999943
0.0999999999999943
0.0999999999999943
0.0999999999999943
0.0999999999999943
0.0999999999999943
0.0999999999999943
0.0999999999999943
0.0720000000017649
0.0279999999982294
0.0999999999999943
0.0999999999999943
0.0999999999999943
0.0999999999999943
0.0999999999999943
0.0999999999999943
0.0999999999999943
0.0999999999999943
0.0999999999999943
1.81898940354586e-12
0.0999999999981753
0.0999999999999943
0.0999999999999943
0.0999999999999943
0.0999999999999943
0.0999999999999943
0.0999999999999943
0.0999999999999943
0.0999999999999943
0.0100000000018667
0.0899999999981276
0.0999999999999943
0.0999999999999943
0.0999999999999943
0.0999999999999943
0.0999999999999943
0.0999999999999943
0.0999999999999943
0.0999999999999943
0.0580000000019112
0.0419999999980831
0.0999999999999943
0.0999999999999943
0.0999999999999943
0.0999999999999943
0.0999999999999943
0.0999999999999943
0.0999999999999943
0.0999999999999943
0.0999999999999943
0.0260000000019716
0.0739999999980228
0.0999999999999943
0.0999999999999943
0.0999999999999943
0.0999999999999943
0.0999999999999943
0.0999999999999943
0.0999999999999943
0.0999999999999943
0.0999999999999943
0.0100000000020231
0.0899999999979713
0.0999999999999943
0.0999999999999943
0.0999999999999943
0.0999999999999943
0.0999999999999943
0.0999999999999943
0.0999999999999943
0.0999999999999943
0.0980000000020738
0.00199999999792055
0.0999999999999943
0.0999999999999943
0.0999999999999943
0.0999999999999943
0.0999999999999943
0.0999999999999943
0.0999999999999943
0.0999999999999943
0.0999999999999943
0.0700000000021248
0.0299999999978695
0.0999999999999943
0.0999999999999943
0.0999999999999943
0.0999999999999943
0.0999999999999943
0.0999999999999943
0.0999999999999943
0.0999999999999943
0.0999999999999943
0.00400000000217915
0.0959999999978152
0.0999999999999943
0.0999999999999943
0.0999999999999943
0.0999999999999943
0.0999999999999943
0.0999999999999943
0.0999999999999943
0.0920000000022299
0.00799999999776446
0.0999999999999943
0.0999999999999943
0.0999999999999943
0.0999999999999943
0.0999999999999943
0.0999999999999943
0.0999999999999943
0.0999999999999943
0.0999999999999943
0.0120000000022884
0.0879999999977059
0.0999999999999943
0.0999999999999943
0.0999999999999943
0.0999999999999943
0.0999999999999943
0.0999999999999943
0.0999999999999943
0.0999999999999943
0.0380000000023415
0.0619999999976528
0.0999999999999943
0.0999999999999943
0.0999999999999943
0.0999999999999943
0.0999999999999943
0.0999999999999943
0.0999999999999943
0.0999999999999943
0.0880000000023955
0.0119999999975988
0.0999999999999943
0.0999999999999943
0.0999999999999943
0.0999999999999943
0.0999999999999943
0.0999999999999943
0.0999999999999943
0.0999999999999943
0.0999999999999943
0.0300000000024454
0.0699999999975489
0.0999999999999943
0.0999999999999943
0.0999999999999943
0.0999999999999943
0.0999999999999943
0.0999999999999943
0.0999999999999943
0.0999999999999943
0.0620000000024987
0.0379999999974956
0.0999999999999943
0.0999999999999943
0.0999999999999943
0.0999999999999943
0.0999999999999943
0.0999999999999943
0.0999999999999943
0.0999999999999943
0.0460000000025502
0.0539999999974441
0.0999999999999943
0.0999999999999943
0.0999999999999943
0.0999999999999943
0.0999999999999943
0.0999999999999943
0.0999999999999943
0.0999999999999943
0.0280000000026064
0.0719999999973879
0.0999999999999943
0.0999999999999943
0.0999999999999943
0.0999999999999943
0.0999999999999943
0.0999999999999943
0.0999999999999943
0.0999999999999943
0.0260000000026537
0.0739999999973406
0.0999999999999943
0.0999999999999943
0.0999999999999943
0.0999999999999943
0.0999999999999943
0.0999999999999943
0.0999999999999943
0.0999999999999943
0.0360000000027014
0.0639999999972929
0.0999999999999943
0.0999999999999943
0.0999999999999943
0.0999999999999943
0.0999999999999943
0.0999999999999943
0.0999999999999943
0.0999999999999943
0.0680000000027547
0.0319999999972396
0.0999999999999943
0.0999999999999943
0.0999999999999943
0.0999999999999943
0.0999999999999943
0.0999999999999943
0.0999999999999943
0.0999999999999943
0.080000000002812
0.0199999999971823
0.0999999999999943
0.0999999999999943
0.0999999999999943
0.0999999999999943
0.0999999999999943
0.0999999999999943
0.0999999999999943
0.0999999999999943
0.0540000000028584
0.0459999999971359
0.0999999999999943
0.0999999999999943
0.0999999999999943
0.0999999999999943
0.0999999999999943
0.0999999999999943
0.0999999999999943
0.0999999999999943
0.0420000000029148
0.0579999999970795
0.0999999999999943
0.0999999999999943
0.0999999999999943
0.0999999999999943
0.100000000000009
0.0999999999999943
0.0999999999999943
0.0999999999999943
0.0540000000029579
0.0459999999970364
0.0999999999999943
0.0999999999999943
0.0999999999999943
0.0999999999999943
0.0999999999999943
0.0999999999999943
0.0999999999999943
0.0999999999999943
0.0820000000030063
0.017999999996988
0.0999999999999943
0.0999999999999943
0.0999999999999943
0.0999999999999943
0.0999999999999943
0.0999999999999943
0.0999999999999943
0.0999999999999943
0.0999999999999943
0.0140000000030511
0.0859999999969432
0.0999999999999943
0.0999999999999943
0.0999999999999943
0.0999999999999943
0.0999999999999943
0.0999999999999943
0.0999999999999943
0.0999999999999943
0.0440000000031091
0.0559999999968852
0.0999999999999943
0.0999999999999943
0.0999999999999943
0.0999999999999943
0.0999999999999943
0.0999999999999943
0.0999999999999943
0.0999999999999943
0.0280000000031464
0.0719999999968479
0.0999999999999943
0.0999999999999943
0.0999999999999943
0.0999999999999943
0.0999999999999943
0.0999999999999943
0.0999999999999943
0.0999999999999943
0.00600000000318346
0.0939999999968109
0.0999999999999943
0.0999999999999943
0.0999999999999943
0.0999999999999943
0.0999999999999943
0.0999999999999943
0.0999999999999943
0.0940000000032342
0.00599999999676015
0.0999999999999943
0.0999999999999943
0.0999999999999943
0.0999999999999943
0.0999999999999943
0.0999999999999943
0.0999999999999943
0.0999999999999943
0.0860000000032812
0.0139999999967131
0.0999999999999943
0.0999999999999943
0.0999999999999943
0.0999999999999943
0.0999999999999943
0.0999999999999943
0.0999999999999943
0.0999999999999943
0.0940000000033194
0.00599999999667489
0.0999999999999943
0.0999999999999943
0.0999999999999943
0.0999999999999943
0.0999999999999943
0.0999999999999943
0.0999999999999943
0.0999999999999943
0.0999999999999943
3.38218342221808e-12
0.0999999999966121
0.0999999999999943
0.0999999999999943
0.0999999999999943
0.0999999999999943
0.0999999999999943
0.0999999999999943
0.0999999999999943
0.064000000003432
0.0359999999965623
0.0999999999999943
0.0999999999999943
0.0999999999999943
0.0999999999999943
0.0999999999999943
0.0999999999999943
0.0999999999999943
0.0920000000034804
0.00799999999651391
0.0999999999999943
0.0999999999999943
0.0999999999999943
0.0999999999999943
0.0999999999999943
0.0999999999999943
0.0999999999999943
0.0999999999999943
0.0360000000035257
0.0639999999964687
0.0999999999999943
0.0999999999999943
0.0999999999999943
0.0999999999999943
0.0999999999999943
0.0999999999999943
0.0999999999999943
0.0999999999999943
0.00600000000358136
0.093999999996413
0.0999999999999943
0.0999999999999943
0.0999999999999943
0.0999999999999943
0.0999999999999943
0.0999999999999943
0.0999999999999943
0.0500000000036209
0.0499999999963734
0.0999999999999943
0.0999999999999943
0.0999999999999943
0.0999999999999943
0.0999999999999943
0.0999999999999943
0.0999999999999943
0.09600000000367
0.00399999999632428
0.0999999999999943
0.0999999999999943
0.0999999999999943
0.0999999999999943
0.0999999999999943
0.0999999999999943
0.0999999999999943
0.0999999999999943
0.0999999999999943
0.00200000000373279
0.0979999999962615
0.0999999999999943
0.0999999999999943
0.0999999999999943
0.0999999999999943
0.0999999999999943
0.0999999999999943
0.0999999999999943
0.0999999999999943
3.78008735424373e-12
0.0999999999962142
0.0999999999999943
0.0999999999999943
0.0999999999999943
0.0999999999999943
0.0999999999999943
0.0999999999999943
0.0999999999999943
0.0680000000038206
0.0319999999961738
0.0999999999999943
0.0999999999999943
0.0999999999999943
0.0999999999999943
0.0999999999999943
0.0999999999999943
0.0999999999999943
0.0999999999999943
0.0460000000038576
0.0539999999961367
0.0999999999999943
0.0999999999999943
0.0999999999999943
0.0999999999999943
0.0999999999999943
0.0999999999999943
0.0999999999999943
0.0999999999999943
0.0680000000039058
0.0319999999960885
0.0999999999999943
0.0999999999999943
0.0999999999999943
0.0999999999999943
0.0999999999999943
0.0999999999999943
0.0999999999999943
0.0999999999999943
0.0999999999999943
0.0300000000039518
0.0699999999960426
0.0999999999999943
0.0999999999999943
0.0999999999999943
0.0999999999999943
0.0999999999999943
0.0999999999999943
0.0999999999999943
0.0999999999999943
0.0999999999999943
0.00800000000401724
0.0919999999959771
0.0999999999999943
0.0999999999999943
0.0999999999999943
0.0999999999999943
0.0999999999999943
0.0999999999999943
0.0999999999999943
0.0999999999999943
0.0940000000040584
0.00599999999593592
0.0999999999999943
0.0999999999999943
0.0999999999999943
0.0999999999999943
0.0999999999999943
0.0999999999999943
0.0999999999999943
0.0999999999999943
0.0999999999999943
0.048000000004123
0.0519999999958713
0.0999999999999943
0.0999999999999943
0.0999999999999943
0.0999999999999943
0.0999999999999943
0.0999999999999943
0.0999999999999943
0.0999999999999943
0.0580000000041707
0.0419999999958236
0.0999999999999943
0.0999999999999943
0.0999999999999943
0.0999999999999943
0.0999999999999943
0.0999999999999943
0.0999999999999943
0.0999999999999943
0.0940000000042289
0.00599999999576539
0.0999999999999943
0.0999999999999943
0.0999999999999943
0.0999999999999943
0.0999999999999943
0.0999999999999943
0.0999999999999943
0.0999999999999943
0.0999999999999943
0.0540000000042937
0.0459999999957006
0.0999999999999943
0.0999999999999943
0.0999999999999943
0.0999999999999943
0.0999999999999943
0.0999999999999943
0.0999999999999943
0.0999999999999943
0.0999999999999943
0.0460000000043408
0.0539999999956535
0.0999999999999943
0.0999999999999943
0.0999999999999943
0.0999999999999943
0.0999999999999943
0.0999999999999943
0.0999999999999943
0.0999999999999943
0.0999999999999943
0.0560000000043885
0.0439999999956058
0.0999999999999943
0.0999999999999943
0.0999999999999943
0.0999999999999943
0.0999999999999943
0.0999999999999943
0.0999999999999943
0.0999999999999943
0.0999999999999943
0.0440000000044449
0.0559999999955494
0.0999999999999943
0.0999999999999943
0.0999999999999943
0.0999999999999943
0.0999999999999943
0.0999999999999943
0.0999999999999943
0.0999999999999943
0.0940000000044847
0.0059999999955096
0.0999999999999943
0.0999999999999943
0.0999999999999943
0.0999999999999943
0.0999999999999943
0.0999999999999943
0.0999999999999943
0.0999999999999943
0.0999999999999943
0.0600000000045497
0.0399999999954446
0.0999999999999943
0.0999999999999943
0.0999999999999943
0.0999999999999943
0.0999999999999943
0.0999999999999943
0.0999999999999943
0.0999999999999943
0.0999999999999943
0.0380000000046152
0.0619999999953791
0.0999999999999943
0.0999999999999943
0.0999999999999943
0.0999999999999943
0.0999999999999943
0.0999999999999943
0.0999999999999943
0.0999999999999943
0.0999999999999943
0.0440000000046723
0.055999999995322
0.0999999999999943
0.0999999999999943
0.0999999999999943
0.0999999999999943
0.0999999999999943
0.0999999999999943
0.0999999999999943
0.0999999999999943
0.0999999999999943
0.0200000000047282
0.0799999999952661
0.0999999999999943
0.0999999999999943
0.0999999999999943
0.0999999999999943
0.0999999999999943
0.0999999999999943
0.0999999999999943
0.0999999999999943
0.0500000000047862
0.0499999999952081
0.0999999999999943
0.0999999999999943
0.0999999999999943
0.0999999999999943
0.0999999999999943
0.0999999999999943
0.0999999999999943
0.0999999999999943
0.0999999999999943
0.00400000000485079
0.0959999999951435
0.0999999999999943
0.0999999999999943
0.0999999999999943
0.0999999999999943
0.0999999999999943
0.0999999999999943
0.0999999999999943
0.0999999999999943
0.0680000000049006
0.0319999999950937
0.0999999999999943
0.0999999999999943
0.0999999999999943
0.0999999999999943
0.0999999999999943
0.0999999999999943
0.0999999999999943
0.0999999999999943
0.0999999999999943
0.0600000000049477
0.0399999999950467
0.0999999999999943
0.0999999999999943
0.0999999999999943
0.0999999999999943
0.0999999999999943
0.0999999999999943
0.0999999999999943
0.0999999999999943
0.0999999999999943
0.0600000000050045
0.0399999999949898
0.0999999999999943
0.0999999999999943
0.0999999999999943
0.0999999999999943
0.0999999999999943
0.0999999999999943
0.0999999999999943
0.0999999999999943
0.0999999999999943
0.0400000000050511
0.0599999999949432
0.0999999999999943
0.0999999999999943
0.0999999999999943
0.0999999999999943
0.0999999999999943
0.0999999999999943
0.0999999999999943
0.0999999999999943
0.09400000000511
0.00599999999488432
0.0999999999999943
0.0999999999999943
0.0999999999999943
0.0999999999999943
0.0999999999999943
0.0999999999999943
0.0999999999999943
0.0999999999999943
0.0999999999999943
0.0780000000051757
0.0219999999948186
0.0999999999999943
0.0999999999999943
0.0999999999999943
0.0999999999999943
0.0999999999999943
0.0999999999999943
0.0999999999999943
0.0999999999999943
0.0999999999999943
0.0920000000052426
0.00799999999475176
0.0999999999999943
0.0999999999999943
0.0999999999999943
0.0999999999999943
0.0999999999999943
0.0999999999999943
0.0999999999999943
0.0999999999999943
0.0999999999999943
0.0999999999999943
0.0180000000053155
0.0819999999946788
0.0999999999999943
0.0999999999999943
0.0999999999999943
0.0999999999999943
0.0999999999999943
0.0999999999999943
0.0999999999999943
0.0999999999999943
0.0999999999999943
0.0540000000053737
0.0459999999946206
0.0999999999999943
0.0999999999999943
0.0999999999999943
0.0999999999999943
0.0999999999999943
0.0999999999999943
0.0999999999999943
0.0999999999999943
0.0999999999999943
0.0440000000054397
0.0559999999945546
0.0999999999999943
0.0999999999999943
0.0999999999999943
0.0999999999999943
0.0999999999999943
0.0999999999999943
0.0999999999999943
0.0999999999999943
0.0999999999999943
0.00400000000550449
0.0959999999944898
0.0999999999999943
0.0999999999999943
0.0999999999999943
0.0999999999999943
0.0999999999999943
0.0999999999999943
0.0999999999999943
0.0999999999999943
0.0820000000055643
0.01799999999443
0.0999999999999943
0.0999999999999943
0.0999999999999943
0.0999999999999943
0.0999999999999943
0.0999999999999943
0.0999999999999943
0.0999999999999943
0.0999999999999943
0.0700000000056207
0.0299999999943736
0.0999999999999943
0.0999999999999943
0.0999999999999943
0.0999999999999943
0.0999999999999943
0.0999999999999943
0.0999999999999943
0.0999999999999943
0.0999999999999943
0.0800000000056684
0.0199999999943259
0.0999999999999943
0.0999999999999943
0.0999999999999943
0.0999999999999943
0.0999999999999943
0.0999999999999943
0.0999999999999943
0.0999999999999943
0.0999999999999943
0.0580000000057339
0.0419999999942604
0.0999999999999943
0.0999999999999943
0.0999999999999943
0.0999999999999943
0.0999999999999943
0.0999999999999943
0.0999999999999943
0.0999999999999943
0.090000000005773
0.0099999999942213
0.0999999999999943
0.0999999999999943
0.0999999999999943
0.0999999999999943
0.0999999999999943
0.0999999999999943
0.0999999999999943
0.0999999999999943
0.0999999999999943
0.0540000000058285
0.0459999999941658
0.0999999999999943
0.0999999999999943
0.0999999999999943
0.0999999999999943
0.0999999999999943
0.0999999999999943
0.0999999999999943
0.0999999999999943
0.0999999999999943
0.0480000000058851
0.0519999999941092
0.0999999999999943
0.0999999999999943
0.0999999999999943
0.0999999999999943
0.0999999999999943
0.0999999999999943
0.0999999999999943
0.0999999999999943
0.0999999999999943
0.0500000000059515
0.0499999999940428
0.0999999999999943
0.0999999999999943
0.0999999999999943
0.0999999999999943
0.0999999999999943
0.0999999999999943
0.0999999999999943
0.0999999999999943
0.0999999999999943
0.0160000000060165
0.0839999999939778
0.0999999999999943
0.0999999999999943
0.0999999999999943
0.0999999999999943
0.0999999999999943
0.0999999999999943
0.0999999999999943
0.0999999999999943
0.0280000000060738
0.0719999999939205
0.0999999999999943
0.0999999999999943
0.0999999999999943
0.0999999999999943
0.0999999999999943
0.0999999999999943
0.0999999999999943
0.0999999999999943
0.0780000000061136
0.0219999999938807
0.0999999999999943
0.0999999999999943
0.0999999999999943
0.0999999999999943
0.0999999999999943
0.0999999999999943
0.0999999999999943
0.0999999999999943
0.0999999999999943
0.05200000000616
0.0479999999938343
0.0999999999999943
0.0999999999999943
0.0999999999999943
0.0999999999999943
0.0999999999999943
0.0999999999999943
0.0999999999999943
0.0999999999999943
0.0999999999999943
0.0460000000062166
0.0539999999937777
0.0999999999999943
0.0999999999999943
0.0999999999999943
0.0999999999999943
0.0999999999999943
0.0999999999999943
0.0999999999999943
0.0999999999999943
0.0999999999999943
0.048000000006283
0.0519999999937113
0.0999999999999943
0.0999999999999943
0.0999999999999943
0.0999999999999943
0.0999999999999943
0.0999999999999943
0.0999999999999943
0.0999999999999943
0.0999999999999943
0.00800000000634782
0.0919999999936465
0.0999999999999943
0.0999999999999943
0.0999999999999943
0.0999999999999943
0.0999999999999943
0.0999999999999943
0.0999999999999943
0.0999999999999943
0.0640000000063878
0.0359999999936065
0.0999999999999943
0.0999999999999943
0.0999999999999943
0.0999999999999943
0.0999999999999943
0.0999999999999943
0.0999999999999943
0.0999999999999943
0.0999999999999943
0.0340000000064435
0.0659999999935508
0.0999999999999943
0.0999999999999943
0.0999999999999943
0.0999999999999943
0.0999999999999943
0.0999999999999943
0.0999999999999943
0.0999999999999943
0.0999999999999943
0.0240000000065095
0.0759999999934848
0.0999999999999943
0.0999999999999943
0.0999999999999943
0.0999999999999943
0.0999999999999943
0.0999999999999943
0.0999999999999943
0.0999999999999943
0.0999999999999943
0.0320000000065761
0.0679999999934182
0.0999999999999943
0.0999999999999943
0.0999999999999943
0.0999999999999943
0.0999999999999943
0.0999999999999943
0.0999999999999943
0.0999999999999943
0.0999999999999943
0.0460000000066429
0.0539999999933514
0.0999999999999943
0.0999999999999943
0.0999999999999943
0.0999999999999943
0.0999999999999943
0.0999999999999943
0.0999999999999943
0.0999999999999943
0.0999999999999943
0.00800000000668888
0.0919999999933054
0.0999999999999943
0.0999999999999943
0.0999999999999943
0.0999999999999943
0.0999999999999943
0.0999999999999943
0.0999999999999943
0.0999999999999943
0.0320000000067466
0.0679999999932477
0.0999999999999943
0.0999999999999943
0.0999999999999943
0.0999999999999943
0.0999999999999943
0.0999999999999943
0.0999999999999943
0.0999999999999943
0.0820000000067864
0.0179999999932079
0.0999999999999943
0.0999999999999943
0.0999999999999943
0.0999999999999943
0.0999999999999943
0.0999999999999943
0.0999999999999943
0.0999999999999943
0.0999999999999943
0.0560000000068328
0.0439999999931615
0.0999999999999943
0.0999999999999943
0.0999999999999943
0.0999999999999943
0.0999999999999943
0.0999999999999943
0.0999999999999943
0.0999999999999943
0.0999999999999943
0.0620000000068899
0.0379999999931044
0.0999999999999943
0.0999999999999943
0.0999999999999943
0.0999999999999943
0.0999999999999943
0.0999999999999943
0.0999999999999943
0.0999999999999943
0.0999999999999943
0.0740000000069472
0.0259999999930471
0.0999999999999943
0.0999999999999943
0.0999999999999943
0.0999999999999943
0.0999999999999943
0.0999999999999943
0.0999999999999943
0.0999999999999943
0.0999999999999943
0.0460000000070124
0.0539999999929819
0.0999999999999943
0.0999999999999943
0.0999999999999943
0.0999999999999943
0.0999999999999943
0.0999999999999943
0.0999999999999943
0.0999999999999943
0.0940000000070711
0.00599999999292322
0.0999999999999943
0.0999999999999943
0.0999999999999943
0.0999999999999943
0.0999999999999943
0.0999999999999943
0.0999999999999943
0.0999999999999943
0.0999999999999943
0.0660000000071364
0.033999999992858
0.0999999999999943
0.0999999999999943
0.0999999999999943
0.0999999999999943
0.0999999999999943
0.0999999999999943
0.0999999999999943
0.0999999999999943
0.0999999999999943
0.0620000000072025
0.0379999999927918
0.0999999999999943
0.0999999999999943
0.0999999999999943
0.0999999999999943
0.0999999999999943
0.0999999999999943
0.0999999999999943
0.0999999999999943
0.0999999999999943
0.0540000000072496
0.0459999999927447
0.0999999999999943
0.0999999999999943
0.0999999999999943
0.0999999999999943
0.0999999999999943
0.0999999999999943
0.0999999999999943
0.0999999999999943
0.0999999999999943
0.0240000000073053
0.075999999992689
0.0999999999999943
0.0999999999999943
0.0999999999999943
0.0999999999999943
0.0999999999999943
0.0999999999999943
0.0999999999999943
0.0999999999999943
0.048000000007363
0.0519999999926313
0.0999999999999943
0.0999999999999943
0.0999999999999943
0.0999999999999943
0.0999999999999943
0.0999999999999943
0.0999999999999943
0.0999999999999943
0.0840000000074212
0.0159999999925731
0.0999999999999943
0.0999999999999943
0.0999999999999943
0.0999999999999943
0.0999999999999943
0.0999999999999943
0.0999999999999943
0.0999999999999943
0.0999999999999943
0.054000000007477
0.0459999999925174
0.0999999999999943
0.0999999999999943
0.0999999999999943
0.0999999999999943
0.0999999999999943
0.0999999999999943
0.0999999999999943
0.0999999999999943
0.0999999999999943
0.0440000000075429
0.0559999999924514
0.0999999999999943
0.0999999999999943
0.0999999999999943
0.0999999999999943
0.0999999999999943
0.0999999999999943
0.0999999999999943
0.0999999999999943
0.0999999999999943
0.0380000000075995
0.0619999999923948
0.0999999999999943
0.0999999999999943
0.0999999999999943
0.0999999999999943
0.0999999999999943
0.0999999999999943
0.0999999999999943
0.0999999999999943
0.0999999999999943
0.0140000000076554
0.0859999999923389
0.0999999999999943
0.0999999999999943
0.0999999999999943
0.0999999999999943
0.0999999999999943
0.0999999999999943
0.0999999999999943
0.0999999999999943
0.0260000000077127
0.0739999999922816
0.0999999999999943
0.0999999999999943
0.0999999999999943
0.0999999999999943
0.0999999999999943
0.0999999999999943
0.0999999999999943
0.0999999999999943
0.0440000000077703
0.055999999992224
0.0999999999999943
0.0999999999999943
0.0999999999999943
0.0999999999999943
0.0999999999999943
0.0999999999999943
0.0999999999999943
0.0999999999999943
0.0999999999999943
7.8159700933611e-12
0.0999999999921783
0.0999999999999943
0.0999999999999943
0.0999999999999943
0.0999999999999943
0.0999999999999943
0.0999999999999943
0.0999999999999943
0.0999999999999943
0.0880000000078667
0.0119999999921276
0.0999999999999943
0.0999999999999943
0.0999999999999943
0.0999999999999943
0.0999999999999943
0.0999999999999943
0.0999999999999943
0.0999999999999943
0.0999999999999943
0.0840000000079328
0.0159999999920615
0.0999999999999943
0.0999999999999943
0.0999999999999943
0.0999999999999943
0.0999999999999943
0.0999999999999943
0.0999999999999943
0.0999999999999943
0.0999999999999943
0.0360000000079879
0.0639999999920065
0.0999999999999943
0.0999999999999943
0.0999999999999943
0.0999999999999943
0.0999999999999943
0.0999999999999943
0.0999999999999943
0.0999999999999943
0.0460000000080356
0.0539999999919587
0.0999999999999943
0.0999999999999943
0.0999999999999943
0.0999999999999943
0.0999999999999943
0.0999999999999943
0.0999999999999943
0.0999999999999943
0.0900000000080752
0.00999999999191914
0.0999999999999943
0.0999999999999943
0.0999999999999943
0.0999999999999943
0.0999999999999943
0.0999999999999943
0.0999999999999943
0.0999999999999943
0.0999999999999943
0.0600000000081309
0.0399999999918634
0.0999999999999943
0.0999999999999943
0.0999999999999943
0.0999999999999943
0.0999999999999943
0.0999999999999943
0.0999999999999943
0.0999999999999943
0.0999999999999943
0.0580000000081782
0.0419999999918161
0.0999999999999943
0.0999999999999943
0.0999999999999943
0.0999999999999943
0.0999999999999943
0.0999999999999943
0.0999999999999943
0.0999999999999943
0.0999999999999943
0.044000000008225
0.0559999999917693
0.0999999999999943
0.0999999999999943
0.0999999999999943
0.0999999999999943
0.0999999999999943
0.0999999999999943
0.0999999999999943
0.0999999999999943
0.0880000000082646
0.0119999999917297
0.0999999999999943
0.0999999999999943
0.0999999999999943
0.0999999999999943
0.0999999999999943
0.0999999999999943
0.0999999999999943
0.0999999999999943
0.0940000000083216
0.00599999999167267
0.0999999999999943
0.0999999999999943
0.0999999999999943
0.0999999999999943
0.0999999999999943
0.0999999999999943
0.0999999999999943
0.0999999999999943
0.0999999999999943
0.0200000000083662
0.0799999999916281
0.0999999999999943
0.0999999999999943
0.0999999999999943
0.0999999999999943
0.0999999999999943
0.0999999999999943
0.0999999999999943
0.0999999999999943
0.0600000000084151
0.0399999999915792
0.0999999999999943
0.0999999999999943
0.0999999999999943
0.0999999999999943
0.0999999999999943
0.0999999999999943
0.0999999999999943
0.0999999999999943
0.0999999999999943
0.0560000000084813
0.0439999999915131
0.0999999999999943
0.0999999999999943
0.0999999999999943
0.0999999999999943
0.0999999999999943
0.0999999999999943
0.0999999999999943
0.0999999999999943
0.0999999999999943
0.0440000000085377
0.0559999999914567
0.0999999999999943
0.0999999999999943
0.0999999999999943
0.0999999999999943
0.0999999999999943
0.0999999999999943
0.0999999999999943
0.0999999999999943
0.0780000000085863
0.021999999991408
0.0999999999999943
0.0999999999999943
0.0999999999999943
0.0999999999999943
0.0999999999999943
0.0999999999999943
0.0999999999999943
0.0999999999999943
0.0999999999999943
0.00400000000863088
0.0959999999913634
0.0999999999999943
0.0999999999999943
0.0999999999999943
0.0999999999999943
0.0999999999999943
0.0999999999999943
0.0999999999999943
0.0999999999999943
0.0700000000086902
0.0299999999913041
0.0999999999999943
0.0999999999999943
0.0999999999999943
0.0999999999999943
0.0999999999999943
0.0999999999999943
0.0999999999999943
0.0999999999999943
0.0999999999999943
0.0740000000087377
0.0259999999912566
0.0999999999999943
0.0999999999999943
0.0999999999999943
0.0999999999999943
0.0999999999999943
0.0999999999999943
0.0999999999999943
0.0999999999999943
0.0999999999999943
0.086000000008795
0.0139999999911993
0.0999999999999943
0.0999999999999943
0.0999999999999943
0.0999999999999943
0.0999999999999943
0.0999999999999943
0.0999999999999943
0.0999999999999943
0.0999999999999943
0.0560000000088507
0.0439999999911436
0.0999999999999943
0.0999999999999943
0.0999999999999943
0.0999999999999943
0.0999999999999943
0.0999999999999943
0.0999999999999943
0.0999999999999943
0.092000000008909
0.00799999999108536
0.0999999999999943
0.0999999999999943
0.0999999999999943
0.0999999999999943
0.0999999999999943
0.0999999999999943
0.0999999999999943
0.0999999999999943
0.0999999999999943
0.0520000000089738
0.0479999999910206
0.0999999999999943
0.0999999999999943
0.0999999999999943
0.0999999999999943
0.0999999999999943
0.0999999999999943
0.0999999999999943
0.0999999999999943
0.0999999999999943
0.0400000000090301
0.0599999999909642
0.0999999999999943
0.0999999999999943
0.0999999999999943
0.0999999999999943
0.0999999999999943
0.0999999999999943
0.0999999999999943
0.0999999999999943
0.0999999999999943
0.0460000000090872
0.0539999999909071
0.0999999999999943
0.0999999999999943
0.0999999999999943
0.0999999999999943
0.0999999999999943
0.0999999999999943
0.0999999999999943
0.0999999999999943
0.0999999999999943
0.0240000000091527
0.0759999999908416
0.0999999999999943
0.0999999999999943
0.0999999999999943
0.0999999999999943
0.0999999999999943
0.0999999999999943
0.0999999999999943
0.0999999999999943
0.0680000000091923
0.0319999999908021
0.0999999999999943
0.0999999999999943
0.0999999999999943
0.0999999999999943
0.0999999999999943
0.0999999999999943
0.0999999999999943
0.0999999999999943
0.0999999999999943
0.0480000000092389
0.0519999999907554
0.0999999999999943
0.0999999999999943
0.0999999999999943
0.0999999999999943
0.0999999999999943
0.0999999999999943
0.0999999999999943
0.0999999999999943
0.0999999999999943
0.0340000000092857
0.0659999999907086
0.0999999999999943
0.0999999999999943
0.0999999999999943
0.0999999999999943
0.0999999999999943
0.0999999999999943
0.0999999999999943
0.0999999999999943
0.0999999999999943
0.0380000000093332
0.0619999999906611
0.0999999999999943
0.0999999999999943
0.0999999999999943
0.0999999999999943
0.0999999999999943
0.0999999999999943
0.0999999999999943
0.0999999999999943
0.0999999999999943
0.0340000000093994
0.0659999999905949
0.0999999999999943
0.0999999999999943
0.0999999999999943
0.0999999999999943
0.0999999999999943
0.0999999999999943
0.0999999999999943
0.0999999999999943
0.0800000000094485
0.0199999999905458
0.0999999999999943
0.0999999999999943
0.0999999999999943
0.0999999999999943
0.0999999999999943
0.0999999999999943
0.0999999999999943
0.0999999999999943
0.0999999999999943
0.0140000000095029
0.0859999999904915
0.0999999999999943
0.0999999999999943
0.0999999999999943
0.0999999999999943
0.0999999999999943
0.0999999999999943
0.0999999999999943
0.0999999999999943
0.0640000000095426
0.0359999999904517
0.0999999999999943
0.0999999999999943
0.0999999999999943
0.0999999999999943
0.0999999999999943
0.0999999999999943
0.0999999999999943
0.0999999999999943
0.0999999999999943
0.0340000000095984
0.065999999990396
0.0999999999999943
0.0999999999999943
0.0999999999999943
0.0999999999999943
0.0999999999999943
0.0999999999999943
0.0999999999999943
0.0999999999999943
0.0940000000096575
0.00599999999033685
0.0999999999999943
0.0999999999999943
0.0999999999999943
0.0999999999999943
0.0999999999999943
0.0999999999999943
0.0999999999999943
0.0999999999999943
0.0999999999999943
0.0280000000097118
0.0719999999902825
0.0999999999999943
0.0999999999999943
0.0999999999999943
0.0999999999999943
0.0999999999999943
0.0999999999999943
0.0999999999999943
0.0999999999999943
0.0580000000097698
0.0419999999902245
0.0999999999999943
0.0999999999999943
0.0999999999999943
0.0999999999999943
0.0999999999999943
0.0999999999999943
0.0999999999999943
0.0999999999999943
0.0999999999999943
0.016000000009825
0.0839999999901693
0.0999999999999943
0.0999999999999943
0.0999999999999943
0.0999999999999943
0.0999999999999943
0.0999999999999943
0.0999999999999943
0.0999999999999943
0.0900000000098657
0.00999999999012857
0.0999999999999943
0.0999999999999943
0.0999999999999943
0.0999999999999943
0.0999999999999943
0.0999999999999943
0.0999999999999943
0.0999999999999943
0.0999999999999943
0.0840000000099224
0.015999999990072
0.0999999999999943
0.0999999999999943
0.0999999999999943
0.0999999999999943
0.0999999999999943
0.0999999999999943
0.0999999999999943
0.0999999999999943
0.0999999999999943
0.0700000000099692
0.0299999999900251
0.0999999999999943
0.0999999999999943
0.0999999999999943
0.0999999999999943
0.0999999999999943
0.0999999999999943
0.0999999999999943
0.0999999999999943
0.0999999999999943
0.00800000001001422
0.0919999999899801
0.0999999999999943
0.0999999999999943
0.0999999999999943
0.0999999999999943
0.0999999999999943
0.0999999999999943
0.0999999999999943
0.0999999999999943
0.0640000000100542
0.0359999999899401
0.0999999999999943
0.0999999999999943
0.0999999999999943
0.0999999999999943
0.0999999999999943
0.0999999999999943
0.0999999999999943
0.0999999999999943
0.0999999999999943
0.0360000000101195
0.0639999999898748
0.0999999999999943
0.0999999999999943
0.0999999999999943
0.100000000000023
0.100000000000023
0.100000000000023
0.100000000000023
0.100000000000023
0.100000000000023
0.0360000000100058
0.0639999999900169
0.100000000000023
0.100000000000023
0.100000000000023
0.100000000000023
0.100000000000023
0.100000000000023
0.100000000000023
0.100000000000023
0.100000000000023
0.0160000000097966
0.0839999999902261
0.100000000000023
0.100000000000023
0.100000000000023
0.100000000000023
0.100000000000023
0.100000000000023
0.100000000000023
0.100000000000023
0.0600000000096088
0.0399999999904139
0.100000000000023
0.100000000000023
0.100000000000023
0.100000000000023
0.100000000000023
0.100000000000023
0.100000000000023
0.100000000000023
0.100000000000023
0.0240000000093801
0.0759999999906427
0.100000000000023
0.100000000000023
0.100000000000023
0.100000000000023
0.100000000000023
0.100000000000023
0.100000000000023
0.100000000000023
0.0940000000092027
0.00599999999082002
0.100000000000023
0.100000000000023
0.100000000000023
0.100000000000023
0.100000000000023
0.100000000000023
0.100000000000023
0.100000000000023
0.100000000000023
0.0800000000089653
0.0199999999910574
0.100000000000023
0.100000000000023
0.100000000000023
0.100000000000023
0.100000000000023
0.100000000000023
0.100000000000023
0.100000000000023
0.100000000000023
0.0880000000087193
0.0119999999913034
0.100000000000023
0.100000000000023
0.100000000000023
0.100000000000023
0.100000000000023
0.100000000000023
0.100000000000023
0.100000000000023
0.100000000000023
0.0900000000085015
0.00999999999152124
0.100000000000023
0.100000000000023
0.100000000000023
0.100000000000023
0.100000000000023
0.100000000000023
0.100000000000023
0.100000000000023
0.100000000000023
0.0560000000082823
0.0439999999917404
0.100000000000023
0.100000000000023
0.100000000000023
0.100000000000023
0.100000000000023
0.100000000000023
0.100000000000023
0.100000000000023
0.100000000000023
0.018000000008044
0.0819999999919787
0.100000000000023
0.100000000000023
0.100000000000023
0.100000000000023
0.100000000000023
0.100000000000023
0.100000000000023
0.100000000000023
0.0840000000078476
0.0159999999921752
0.100000000000023
0.100000000000023
0.100000000000023
0.100000000000023
0.100000000000023
0.100000000000023
0.100000000000023
0.100000000000023
0.100000000000023
0.0660000000076479
0.0339999999923748
0.100000000000023
0.100000000000023
0.100000000000023
0.100000000000023
0.100000000000023
0.100000000000023
0.100000000000023
0.100000000000023
0.100000000000023
0.0560000000074297
0.0439999999925931
0.100000000000023
0.100000000000023
0.100000000000023
0.100000000000023
0.100000000000023
0.100000000000023
0.100000000000023
0.100000000000023
0.100000000000023
0.00400000000718137
0.0959999999928414
0.100000000000023
0.100000000000023
0.100000000000023
0.100000000000023
0.100000000000023
0.100000000000023
0.100000000000023
0.100000000000023
0.00600000000696355
0.0939999999930592
0.100000000000023
0.100000000000023
0.100000000000023
0.100000000000023
0.100000000000023
0.100000000000023
0.100000000000023
0.100000000000023
0.0340000000067562
0.0659999999932666
0.100000000000023
0.100000000000023
0.100000000000023
0.100000000000023
0.100000000000023
0.100000000000023
0.100000000000023
0.100000000000023
0.100000000000023
0.0100000000065279
0.0899999999934948
0.100000000000023
0.100000000000023
0.100000000000023
0.100000000000023
0.100000000000023
0.100000000000023
0.100000000000023
0.100000000000023
0.100000000000023
0.022000000006301
0.0779999999937218
0.100000000000023
0.100000000000023
0.100000000000023
0.100000000000023
0.100000000000023
0.100000000000023
0.100000000000023
0.100000000000023
0.100000000000023
0.0320000000060645
0.0679999999939582
0.100000000000023
0.100000000000023
0.100000000000023
0.100000000000023
0.100000000000023
0.100000000000023
0.100000000000023
0.100000000000023
0.100000000000023
0.00400000000581713
0.0959999999942056
0.100000000000023
0.100000000000023
0.100000000000023
0.100000000000023
0.100000000000023
0.100000000000023
0.100000000000023
0.100000000000023
0.0720000000056302
0.0279999999943925
0.100000000000023
0.100000000000023
0.100000000000023
0.100000000000023
0.100000000000023
0.100000000000023
0.100000000000023
0.100000000000023
0.100000000000023
0.0560000000053833
0.0439999999946394
0.100000000000023
0.100000000000023
0.100000000000023
0.100000000000023
0.100000000000023
0.100000000000023
0.100000000000023
0.100000000000023
0.100000000000023
0.0500000000051841
0.0499999999948386
0.100000000000023
0.100000000000023
0.100000000000023
0.100000000000023
0.100000000000023
0.100000000000023
0.100000000000023
0.100000000000023
0.100000000000023
0.0560000000049286
NaN
NaN
NaN
NaN
NaN
NaN
NaN
NaN
NaN
NaN
NaN
NaN
NaN
NaN
NaN
NaN
NaN
NaN
NaN
NaN
NaN
NaN
NaN
NaN
NaN
NaN
NaN
NaN
NaN
NaN
NaN
NaN
NaN
NaN
NaN
NaN
NaN
NaN
NaN
NaN
NaN
NaN
NaN
NaN
NaN
NaN
NaN
NaN
NaN
NaN
NaN
NaN
NaN
NaN
NaN
NaN
NaN
NaN
NaN
NaN
NaN
NaN
NaN
NaN
NaN
NaN
NaN
NaN
NaN
NaN
NaN
NaN
NaN
NaN
NaN
NaN
NaN
NaN
NaN
NaN
NaN
NaN
NaN
NaN
NaN
NaN
NaN
NaN
NaN
NaN
NaN
NaN
NaN
NaN
NaN
NaN
NaN
NaN
NaN
NaN
NaN
NaN
NaN
NaN
NaN
NaN
NaN
NaN
NaN
NaN
NaN
NaN
NaN
NaN
NaN
NaN
NaN
NaN
NaN
NaN
NaN
NaN
NaN
NaN
NaN
NaN
NaN
NaN
NaN
NaN
NaN
NaN
NaN
NaN
NaN
NaN
NaN
NaN
NaN
NaN
NaN
NaN
NaN
NaN
NaN
NaN
NaN
NaN
NaN
NaN
NaN
NaN
NaN
NaN
NaN
NaN
NaN
NaN
NaN
NaN
NaN
NaN
NaN
NaN
NaN
NaN
NaN
NaN
NaN
NaN
NaN
NaN
NaN
NaN
NaN
NaN
NaN
NaN
NaN
NaN
NaN
NaN
NaN
NaN
NaN
NaN
NaN
NaN
NaN
NaN
NaN
NaN
NaN
NaN
NaN
NaN
NaN
NaN
NaN
NaN
NaN
NaN
NaN
NaN
NaN
NaN
NaN
NaN
NaN
NaN
NaN
NaN
NaN
NaN
NaN
NaN
NaN
NaN
NaN
NaN
NaN
NaN
NaN
NaN
NaN
NaN
NaN
NaN
NaN
NaN
NaN
NaN
NaN
NaN
NaN
NaN
NaN
NaN
NaN
NaN
NaN
NaN
NaN
NaN
NaN
NaN
NaN
NaN
NaN
NaN
NaN
NaN
NaN
NaN
NaN
NaN
NaN
NaN
NaN
NaN
NaN
NaN
NaN
NaN
NaN
NaN
NaN
NaN
NaN
NaN
NaN
NaN
NaN
NaN
NaN
NaN
NaN
NaN
NaN
NaN
NaN
NaN
NaN
NaN
NaN
NaN
NaN
NaN
NaN
NaN
NaN
NaN
NaN
NaN
NaN
NaN
NaN
NaN
NaN
NaN
NaN
NaN
NaN
NaN
NaN
NaN
NaN
NaN
NaN
NaN
NaN
NaN
NaN
NaN
NaN
NaN
NaN
NaN
NaN
NaN
NaN
NaN
NaN
NaN
NaN
NaN
NaN
NaN
NaN
NaN
NaN
NaN
NaN
NaN
NaN
NaN
NaN
NaN
NaN
NaN
NaN
NaN
NaN
NaN
NaN
NaN
NaN
NaN
NaN
NaN
NaN
NaN
NaN
NaN
NaN
NaN
NaN
NaN
NaN
NaN
NaN
NaN
NaN
NaN
