   2.6750000e+00   9.8900000e-01
   1.0349000e+01   1.0670000e+00
   1.8508000e+01   9.2500000e-01
   2.6614000e+01   1.0380000e+00
   3.4282000e+01   9.7800000e-01
   4.2591000e+01   9.8500000e-01
   5.0729000e+01   1.0330000e+00
   5.8481000e+01   1.0030000e+00
   6.6702000e+01   9.5100000e-01
   7.4538000e+01   1.0430000e+00
   8.2119000e+01   9.7600000e-01
   9.0129000e+01   9.0200000e-01
   9.8215000e+01   1.0450000e+00
   1.0585000e+02   1.0070000e+00
   1.1411300e+02   9.3500000e-01
   1.2203000e+02   1.0760000e+00
   1.2971000e+02   1.0150000e+00
   1.3755800e+02   9.1600000e-01
   1.4537500e+02   1.0630000e+00
   1.5316500e+02   9.7800000e-01
   1.6149700e+02   9.9300000e-01
   1.6922900e+02   1.0480000e+00
   1.7690100e+02   9.6300000e-01
   1.8500200e+02   9.3500000e-01
   1.9261700e+02   1.0350000e+00
   2.0040100e+02   9.2100000e-01
   2.0881000e+02   1.0200000e+00
   2.1661400e+02   1.0210000e+00
   2.2427300e+02   9.2200000e-01
   2.3230000e+02   1.0050000e+00
   2.3988100e+02   1.0130000e+00
