   2.6470000e+00   7.5400000e-01
   9.4780000e+00   8.1600000e-01
   1.5492000e+01   9.0600000e-01
   2.2287000e+01   8.5500000e-01
   2.8952000e+01   9.0500000e-01
   3.5683000e+01   9.0100000e-01
   4.2547000e+01   8.9300000e-01
   4.9400000e+01   8.1500000e-01
   5.6462000e+01   8.2100000e-01
   6.3336000e+01   8.2300000e-01
   6.9991000e+01   8.2900000e-01
   7.6302000e+01   8.9600000e-01
   8.2845000e+01   7.2600000e-01
   8.9581000e+01   8.2400000e-01
   9.6064000e+01   8.5300000e-01
   1.0257300e+02   8.0700000e-01
   1.0908100e+02   7.7600000e-01
   1.1587500e+02   8.7100000e-01
   1.2222500e+02   8.8700000e-01
   1.2870800e+02   8.0400000e-01
   1.3556200e+02   8.2000000e-01
   1.4232900e+02   8.9400000e-01
   1.4903800e+02   8.8800000e-01
   1.5585600e+02   8.4900000e-01
   1.6291200e+02   8.4200000e-01
   1.6984600e+02   8.8700000e-01
   1.7623600e+02   7.5200000e-01
   1.8285600e+02   7.9100000e-01
   1.8961100e+02   8.7000000e-01
   1.9631100e+02   9.3600000e-01
   2.0303700e+02   7.4200000e-01
   2.0999200e+02   8.3800000e-01
   2.1642500e+02   8.3900000e-01
   2.2308500e+02   8.5000000e-01
   2.2962500e+02   7.7900000e-01
   2.3632900e+02   7.8200000e-01
