   3.7940000e+00   9.4800000e-01
   1.3406000e+01   1.1980000e+00
   2.2270000e+01   1.3450000e+00
   3.0188000e+01   9.5600000e-01
   3.9791000e+01   8.9500000e-01
   4.8970000e+01   1.0480000e+00
   5.6978000e+01   1.2990000e+00
   6.5204000e+01   8.3600000e-01
   7.4251000e+01   9.6300000e-01
   8.2789000e+01   1.2710000e+00
   9.0346000e+01   9.9100000e-01
   9.9072000e+01   8.4900000e-01
   1.0732900e+02   1.0560000e+00
   1.1473300e+02   1.2490000e+00
   1.2326100e+02   8.9300000e-01
   1.3192100e+02   1.0540000e+00
   1.3932400e+02   1.2510000e+00
   1.4780600e+02   8.5600000e-01
   1.5675200e+02   1.0260000e+00
   1.6454300e+02   1.2210000e+00
   1.7257400e+02   8.3400000e-01
   1.8118700e+02   9.2200000e-01
   1.8884800e+02   1.2110000e+00
   1.9642300e+02   7.9800000e-01
   2.0469400e+02   9.9600000e-01
   2.1234600e+02   1.2840000e+00
   2.2044100e+02   8.1200000e-01
   2.2934300e+02   9.6000000e-01
   2.3761200e+02   1.2550000e+00
