   2.9000000e+00   1.1620000e+00
   1.1229000e+01   1.0470000e+00
   2.0315000e+01   9.0200000e-01
   2.9767000e+01   1.1450000e+00
   3.8904000e+01   1.2380000e+00
   4.7775000e+01   1.2470000e+00
   5.6619000e+01   8.8200000e-01
   6.6171000e+01   1.1510000e+00
   7.4732000e+01   1.2810000e+00
   8.3224000e+01   8.6500000e-01
   9.2667000e+01   1.1230000e+00
   1.0072900e+02   1.2760000e+00
   1.0948800e+02   8.6900000e-01
   1.1852100e+02   1.1430000e+00
   1.2699200e+02   1.2420000e+00
   1.3559600e+02   8.9600000e-01
   1.4433300e+02   1.1820000e+00
   1.5213900e+02   9.4600000e-01
   1.6138700e+02   1.0330000e+00
   1.6963400e+02   1.2300000e+00
   1.7797000e+02   8.7400000e-01
   1.8675600e+02   1.0750000e+00
   1.9396000e+02   1.1190000e+00
   2.0283500e+02   1.0010000e+00
   2.1104800e+02   1.1470000e+00
   2.1831300e+02   9.3800000e-01
   2.2733100e+02   8.9600000e-01
   2.3624000e+02   1.1170000e+00
