   1.3290000e+00   9.1700000e-01
   8.9010000e+00   8.9900000e-01
   1.6636000e+01   9.4600000e-01
   2.4274000e+01   9.4600000e-01
   3.1879000e+01   9.8600000e-01
   3.9396000e+01   9.6700000e-01
   4.6904000e+01   9.7100000e-01
   5.4240000e+01   8.6000000e-01
   6.1336000e+01   9.3800000e-01
   6.9277000e+01   9.4500000e-01
   7.7030000e+01   9.1800000e-01
   8.4978000e+01   9.9400000e-01
   9.2707000e+01   9.6200000e-01
   9.9527000e+01   7.6800000e-01
   1.0683700e+02   1.0210000e+00
   1.1438000e+02   9.7300000e-01
   1.2208900e+02   9.2400000e-01
   1.2978300e+02   9.3100000e-01
   1.3680100e+02   7.3900000e-01
   1.4493900e+02   1.0070000e+00
   1.5308500e+02   9.9700000e-01
   1.6116700e+02   1.0100000e+00
   1.6902000e+02   1.0180000e+00
   1.7692500e+02   1.0090000e+00
   1.8475500e+02   1.0160000e+00
   1.9259700e+02   9.8200000e-01
   2.0017500e+02   9.7800000e-01
   2.0798000e+02   9.4700000e-01
   2.1566000e+02   9.3800000e-01
   2.2337400e+02   9.4100000e-01
   2.3110100e+02   9.2200000e-01
   2.3925600e+02   1.0600000e+00
