   2.3750000e+00   8.7100000e-01
   1.0484000e+01   9.1100000e-01
   1.8868000e+01   1.0050000e+00
   2.6672000e+01   1.1100000e+00
   3.3726000e+01   7.6400000e-01
   4.2130000e+01   9.2600000e-01
   5.0629000e+01   9.3700000e-01
   5.9312000e+01   1.0010000e+00
   6.7673000e+01   1.1080000e+00
   7.5846000e+01   1.1080000e+00
   8.3339000e+01   1.0210000e+00
   9.0431000e+01   8.2300000e-01
   9.8980000e+01   9.6900000e-01
   1.0714100e+02   1.1650000e+00
   1.1541900e+02   1.1840000e+00
   1.2288500e+02   8.2300000e-01
   1.3111200e+02   9.2600000e-01
   1.3953900e+02   9.6500000e-01
   1.4780400e+02   1.0420000e+00
   1.5494100e+02   1.2280000e+00
   1.6298300e+02   9.0800000e-01
   1.7122300e+02   8.8200000e-01
   1.7968900e+02   9.3800000e-01
   1.8788900e+02   1.1010000e+00
   1.9611400e+02   1.1840000e+00
   2.0383500e+02   1.0440000e+00
   2.1171900e+02   8.7100000e-01
   2.1959200e+02   8.0500000e-01
   2.2714800e+02   1.0610000e+00
   2.3481400e+02   1.1910000e+00
