   2.4790000e+00   8.6000000e-01
   9.7250000e+00   9.3800000e-01
   1.6899000e+01   9.3900000e-01
   2.4154000e+01   9.6900000e-01
   3.1650000e+01   9.3800000e-01
   3.9243000e+01   9.0100000e-01
   4.6798000e+01   8.9200000e-01
   5.4266000e+01   8.9300000e-01
   6.1569000e+01   9.2900000e-01
   6.8813000e+01   9.4000000e-01
   7.6070000e+01   9.4000000e-01
   8.3197000e+01   9.0300000e-01
   9.0126000e+01   7.7500000e-01
   9.7371000e+01   8.5500000e-01
   1.0479300e+02   9.1900000e-01
   1.1212500e+02   9.5700000e-01
   1.1941900e+02   9.5500000e-01
   1.2670400e+02   9.4900000e-01
   1.3405700e+02   9.1700000e-01
   1.4129100e+02   8.6400000e-01
   1.4867800e+02   8.8400000e-01
   1.5590200e+02   9.3500000e-01
   1.6313400e+02   9.3400000e-01
   1.7018800e+02   9.5200000e-01
   1.7738700e+02   8.7800000e-01
   1.8423500e+02   8.1400000e-01
   1.9120900e+02   8.2500000e-01
   1.9824400e+02   9.1600000e-01
   2.0529500e+02   9.0900000e-01
   2.1198100e+02   9.1600000e-01
   2.1903600e+02   8.6900000e-01
   2.2614500e+02   8.3900000e-01
   2.3331000e+02   8.7600000e-01
   2.4034600e+02   9.1700000e-01
