   2.4620000e+00   9.0300000e-01
   1.0423000e+01   9.8500000e-01
   1.8090000e+01   1.0130000e+00
   2.5617000e+01   1.0300000e+00
   3.2964000e+01   1.0020000e+00
   4.0060000e+01   9.2600000e-01
   4.7375000e+01   8.7200000e-01
   5.5203000e+01   8.3900000e-01
   6.2866000e+01   8.7500000e-01
   7.0054000e+01   1.0130000e+00
   7.7218000e+01   9.7800000e-01
   8.4440000e+01   1.0240000e+00
   9.1548000e+01   9.1500000e-01
   9.8914000e+01   8.6100000e-01
   1.0639400e+02   8.3200000e-01
   1.1412600e+02   8.7100000e-01
   1.2133500e+02   9.1000000e-01
   1.2821500e+02   9.8500000e-01
   1.3559300e+02   9.8000000e-01
   1.4336300e+02   1.0300000e+00
   1.5091300e+02   9.2100000e-01
   1.5850900e+02   7.8600000e-01
   1.6620300e+02   8.2600000e-01
   1.7328600e+02   8.1800000e-01
   1.8001100e+02   8.6100000e-01
   1.8686300e+02   1.0150000e+00
   1.9407800e+02   8.7400000e-01
   2.0170000e+02   8.7400000e-01
   2.0943100e+02   8.4100000e-01
   2.1682300e+02   9.1700000e-01
   2.2463500e+02   8.9000000e-01
   2.3224100e+02   1.0030000e+00
   2.3953700e+02   9.8300000e-01
