   2.8680000e+00   9.7300000e-01
   1.0855000e+01   1.3610000e+00
   1.9947000e+01   8.2300000e-01
   3.0305000e+01   1.0140000e+00
   3.9398000e+01   1.2280000e+00
   4.8010000e+01   1.3030000e+00
   5.6071000e+01   7.9600000e-01
   6.5487000e+01   1.0530000e+00
   7.3788000e+01   1.2310000e+00
   8.1438000e+01   1.2830000e+00
   9.0348000e+01   7.9700000e-01
   9.8445000e+01   1.2250000e+00
   1.0546900e+02   9.4500000e-01
   1.1376100e+02   8.6500000e-01
   1.2174900e+02   1.1900000e+00
   1.2920800e+02   1.2560000e+00
   1.3719800e+02   8.2400000e-01
   1.4524900e+02   1.1310000e+00
   1.5222900e+02   8.6100000e-01
   1.6108000e+02   1.0950000e+00
   1.6960500e+02   1.2440000e+00
   1.7687100e+02   8.7600000e-01
   1.8428000e+02   8.7500000e-01
   1.9155900e+02   1.1800000e+00
   1.9925100e+02   7.5400000e-01
   2.0831800e+02   1.0590000e+00
   2.1652800e+02   1.0410000e+00
   2.2301000e+02   8.1800000e-01
   2.3094000e+02   8.2800000e-01
   2.3861400e+02   9.3700000e-01
