   2.1020000e+00   7.7100000e-01
   8.8980000e+00   8.5000000e-01
   1.5186000e+01   9.0000000e-01
   2.1831000e+01   7.9600000e-01
   2.8867000e+01   8.2100000e-01
   3.5742000e+01   8.7000000e-01
   4.2402000e+01   9.4300000e-01
   4.9318000e+01   8.0700000e-01
   5.6519000e+01   7.4500000e-01
   6.3591000e+01   9.3900000e-01
   7.0679000e+01   9.6500000e-01
   7.7846000e+01   8.7900000e-01
   8.5257000e+01   8.0300000e-01
   9.2314000e+01   8.6900000e-01
   9.9420000e+01   9.7500000e-01
   1.0645400e+02   9.7000000e-01
   1.1379100e+02   8.0900000e-01
   1.2106400e+02   8.4400000e-01
   1.2814000e+02   8.9600000e-01
   1.3490900e+02   9.6100000e-01
   1.4205600e+02   8.1900000e-01
   1.4933300e+02   8.0500000e-01
   1.5666000e+02   9.2100000e-01
   1.6360500e+02   9.4200000e-01
   1.7061100e+02   9.2300000e-01
   1.7765700e+02   7.9800000e-01
   1.8489700e+02   8.9600000e-01
   1.9202700e+02   9.5800000e-01
   1.9898400e+02   9.0800000e-01
   2.0558300e+02   7.4700000e-01
   2.1220600e+02   8.6200000e-01
   2.1879000e+02   9.2300000e-01
   2.2532500e+02   8.9800000e-01
   2.3256100e+02   8.0700000e-01
   2.3974500e+02   8.8100000e-01
