   2.6060000e+00   9.7100000e-01
   1.0920000e+01   1.0090000e+00
   1.9513000e+01   1.0170000e+00
   2.8122000e+01   1.1000000e+00
   3.6361000e+01   1.0880000e+00
   4.4755000e+01   1.0620000e+00
   5.3078000e+01   1.0630000e+00
   6.1255000e+01   1.0080000e+00
   6.9402000e+01   9.6400000e-01
   7.7520000e+01   1.0430000e+00
   8.5269000e+01   9.5800000e-01
   9.3494000e+01   1.0290000e+00
   1.0115600e+02   1.0000000e+00
   1.0931700e+02   9.3100000e-01
   1.1719000e+02   1.0110000e+00
   1.2481100e+02   9.8500000e-01
   1.3310000e+02   9.6300000e-01
   1.4038300e+02   9.6800000e-01
   1.4863200e+02   9.3800000e-01
   1.5608700e+02   9.8300000e-01
   1.6395200e+02   9.0800000e-01
   1.7176400e+02   1.0470000e+00
   1.7931800e+02   9.1400000e-01
   1.8740100e+02   1.0050000e+00
   1.9503100e+02   9.8700000e-01
   2.0295600e+02   9.1400000e-01
   2.1057700e+02   1.0480000e+00
   2.1842000e+02   9.0700000e-01
   2.2611300e+02   1.0700000e+00
   2.3386100e+02   8.9600000e-01
