   2.1180000e+00   7.4500000e-01
   8.5110000e+00   7.8500000e-01
   1.4991000e+01   8.9500000e-01
   2.1523000e+01   7.5100000e-01
   2.8384000e+01   8.1700000e-01
   3.4868000e+01   9.8500000e-01
   4.1132000e+01   7.3400000e-01
   4.7546000e+01   8.3500000e-01
   5.3594000e+01   7.2800000e-01
   6.0328000e+01   8.0800000e-01
   6.6379000e+01   7.9100000e-01
   7.3077000e+01   7.6800000e-01
   7.9444000e+01   9.0500000e-01
   8.5768000e+01   7.2800000e-01
   9.2159000e+01   8.1600000e-01
   9.8146000e+01   7.4100000e-01
   1.0485000e+02   7.5600000e-01
   1.1090300e+02   9.3700000e-01
   1.1710200e+02   7.0800000e-01
   1.2313000e+02   7.9400000e-01
   1.2862500e+02   6.7000000e-01
   1.3469800e+02   7.8200000e-01
   1.4047100e+02   6.8300000e-01
   1.4680400e+02   7.8800000e-01
   1.5258400e+02   6.9300000e-01
   1.5887400e+02   7.4000000e-01
   1.6453200e+02   7.5600000e-01
   1.7056400e+02   7.0800000e-01
   1.7633200e+02   8.6100000e-01
   1.8241900e+02   7.2200000e-01
   1.8870100e+02   8.1900000e-01
   1.9449600e+02   6.7800000e-01
   2.0083200e+02   7.7200000e-01
   2.0624600e+02   6.7000000e-01
   2.1257400e+02   7.3000000e-01
   2.1810300e+02   7.0800000e-01
   2.2449900e+02   7.4200000e-01
   2.3045100e+02   9.3500000e-01
   2.3667400e+02   7.0900000e-01
