   2.6880000e+00   7.4200000e-01
   8.5660000e+00   7.0200000e-01
   1.5057000e+01   9.1800000e-01
   2.1647000e+01   8.1200000e-01
   2.8606000e+01   7.8800000e-01
   3.5324000e+01   8.1300000e-01
   4.1779000e+01   8.8300000e-01
   4.8095000e+01   7.4000000e-01
   5.4734000e+01   8.1500000e-01
   6.1288000e+01   8.6900000e-01
   6.7524000e+01   7.4700000e-01
   7.3831000e+01   7.5100000e-01
   7.9967000e+01   8.0900000e-01
   8.6000000e+01   7.1100000e-01
   9.2304000e+01   7.3900000e-01
   9.8489000e+01   7.8000000e-01
   1.0429800e+02   7.2300000e-01
   1.1071700e+02   7.4200000e-01
   1.1634400e+02   7.7400000e-01
   1.2217200e+02   7.0900000e-01
   1.2837000e+02   7.4800000e-01
   1.3432400e+02   7.9700000e-01
   1.4030300e+02   7.0000000e-01
   1.4634000e+02   7.5400000e-01
   1.5230600e+02   8.1500000e-01
   1.5834300e+02   7.1300000e-01
   1.6443900e+02   7.5400000e-01
   1.7031900e+02   7.9500000e-01
   1.7633000e+02   7.1100000e-01
   1.8247900e+02   7.8500000e-01
   1.8842900e+02   7.8200000e-01
   1.9435400e+02   7.0900000e-01
   2.0026700e+02   7.5800000e-01
   2.0604700e+02   7.2600000e-01
   2.1233600e+02   7.2300000e-01
   2.1827100e+02   7.7800000e-01
   2.2413800e+02   7.0100000e-01
   2.3019000e+02   7.3500000e-01
   2.3607900e+02   7.6700000e-01
