   1.2570000e+00   1.2300000e+00
   1.0762000e+01   1.1280000e+00
   1.9924000e+01   1.1220000e+00
   2.9460000e+01   1.2290000e+00
   3.8968000e+01   1.2420000e+00
   4.8677000e+01   1.2660000e+00
   5.7825000e+01   1.0020000e+00
   6.7432000e+01   1.2850000e+00
   7.7081000e+01   1.2890000e+00
   8.6604000e+01   1.1970000e+00
   9.5770000e+01   1.0010000e+00
   1.0530000e+02   1.2640000e+00
   1.1492400e+02   1.2380000e+00
   1.2400000e+02   1.0840000e+00
   1.3326900e+02   1.1840000e+00
   1.4231700e+02   1.1260000e+00
   1.5089300e+02   9.7200000e-01
   1.5955000e+02   1.1660000e+00
   1.6821300e+02   1.0830000e+00
   1.7676300e+02   9.2300000e-01
   1.8561600e+02   1.1670000e+00
   1.9474600e+02   1.1230000e+00
   2.0347000e+02   1.1430000e+00
   2.1270500e+02   1.0270000e+00
   2.2177100e+02   1.1840000e+00
   2.3060400e+02   1.0220000e+00
   2.3959500e+02   1.1650000e+00
