   2.1770000e+00   9.9100000e-01
   1.0749000e+01   1.1130000e+00
   1.8414000e+01   9.9000000e-01
   2.6932000e+01   9.3800000e-01
   3.5093000e+01   1.0600000e+00
   4.2709000e+01   1.0080000e+00
   5.0617000e+01   8.8800000e-01
   5.8757000e+01   1.0330000e+00
   6.6235000e+01   9.6400000e-01
   7.4320000e+01   9.4300000e-01
   8.2255000e+01   1.0460000e+00
   8.9829000e+01   1.0110000e+00
   9.8124000e+01   9.3500000e-01
   1.0619800e+02   1.0430000e+00
   1.1386900e+02   9.9900000e-01
   1.2206400e+02   9.2100000e-01
   1.2994700e+02   1.0350000e+00
   1.3747300e+02   9.4400000e-01
   1.4547700e+02   9.1300000e-01
   1.5332700e+02   1.1640000e+00
   1.6123100e+02   9.0800000e-01
   1.6940400e+02   9.7800000e-01
   1.7739100e+02   1.1130000e+00
   1.8513800e+02   9.3800000e-01
   1.9352300e+02   9.9600000e-01
   2.0162800e+02   1.0690000e+00
   2.0930400e+02   1.0230000e+00
   2.1766900e+02   9.4000000e-01
   2.2592400e+02   1.1240000e+00
   2.3382200e+02   1.0110000e+00
