   2.2990000e+00   7.0700000e-01
   8.8060000e+00   6.3700000e-01
   1.5334000e+01   6.7100000e-01
   2.1611000e+01   9.6300000e-01
   2.7821000e+01   1.0610000e+00
   3.3995000e+01   6.0500000e-01
   4.0515000e+01   7.2000000e-01
   4.6429000e+01   9.2000000e-01
   5.2128000e+01   6.8400000e-01
   5.8246000e+01   6.4900000e-01
   6.4199000e+01   8.2200000e-01
   6.9710000e+01   7.0100000e-01
   7.5418000e+01   6.4800000e-01
   8.0911000e+01   7.7000000e-01
   8.6534000e+01   6.7600000e-01
   9.2344000e+01   7.0500000e-01
   9.8185000e+01   7.2800000e-01
   1.0361400e+02   7.1900000e-01
   1.0947500e+02   6.7100000e-01
   1.1540800e+02   8.4700000e-01
   1.2097500e+02   6.7800000e-01
   1.2691100e+02   6.7000000e-01
   1.3261200e+02   7.5200000e-01
   1.3826600e+02   7.2900000e-01
   1.4396000e+02   6.4700000e-01
   1.4993300e+02   7.2100000e-01
   1.5595400e+02   9.1000000e-01
   1.6158900e+02   6.0300000e-01
   1.6734300e+02   7.3800000e-01
   1.7300700e+02   8.0700000e-01
   1.7866800e+02   6.8200000e-01
   1.8479800e+02   7.1200000e-01
   1.9067900e+02   8.2200000e-01
   1.9621600e+02   6.4500000e-01
   2.0195700e+02   7.0700000e-01
   2.0756300e+02   7.7900000e-01
   2.1310600e+02   6.6600000e-01
   2.1938500e+02   7.0400000e-01
   2.2539100e+02   8.6600000e-01
   2.3090300e+02   6.2800000e-01
   2.3670600e+02   6.6400000e-01
