   2.3940000e+00   9.6600000e-01
   9.7250000e+00   1.0310000e+00
   1.7512000e+01   8.7800000e-01
   2.4827000e+01   9.7300000e-01
   3.2453000e+01   8.7200000e-01
   3.9119000e+01   8.5600000e-01
   4.6517000e+01   8.6600000e-01
   5.2802000e+01   7.7300000e-01
   5.9835000e+01   9.2300000e-01
   6.6636000e+01   7.9700000e-01
   7.3899000e+01   9.5500000e-01
   8.1026000e+01   8.4400000e-01
   8.7715000e+01   8.8500000e-01
   9.4815000e+01   8.1400000e-01
   1.0102600e+02   7.5800000e-01
   1.0830500e+02   9.0100000e-01
   1.1515200e+02   9.2900000e-01
   1.2237300e+02   8.3400000e-01
   1.2900500e+02   8.7100000e-01
   1.3552200e+02   7.8600000e-01
   1.4228800e+02   9.8200000e-01
   1.4940500e+02   8.1300000e-01
   1.5676000e+02   9.4100000e-01
   1.6392700e+02   9.5700000e-01
   1.7123600e+02   8.4500000e-01
   1.7851500e+02   9.2700000e-01
   1.8538000e+02   8.2900000e-01
   1.9208400e+02   8.6500000e-01
   1.9872600e+02   7.7400000e-01
   2.0559700e+02   8.6900000e-01
   2.1175600e+02   7.0400000e-01
   2.1858500e+02   8.4400000e-01
   2.2523600e+02   8.3900000e-01
   2.3184700e+02   8.6000000e-01
   2.3898200e+02   8.6500000e-01
