   2.5380000e+00   1.0300000e+00
   1.0933000e+01   1.1630000e+00
   1.9629000e+01   1.1590000e+00
   2.8370000e+01   1.1810000e+00
   3.7037000e+01   1.1040000e+00
   4.5540000e+01   1.1350000e+00
   5.3878000e+01   1.0900000e+00
   6.2250000e+01   1.1080000e+00
   7.0468000e+01   1.1000000e+00
   7.8911000e+01   1.1040000e+00
   8.7105000e+01   1.0240000e+00
   9.5406000e+01   1.0240000e+00
   1.0357600e+02   1.0050000e+00
   1.1164800e+02   1.0020000e+00
   1.1975800e+02   9.6600000e-01
   1.2763600e+02   9.5000000e-01
   1.3585500e+02   9.3400000e-01
   1.4350200e+02   9.2600000e-01
   1.5126300e+02   9.5700000e-01
   1.5890500e+02   9.7200000e-01
   1.6648400e+02   9.6200000e-01
   1.7388000e+02   9.6600000e-01
   1.8119200e+02   9.7500000e-01
   1.8892200e+02   9.4400000e-01
   1.9634000e+02   9.0900000e-01
   2.0382800e+02   8.8600000e-01
   2.1154500e+02   9.2100000e-01
   2.1905100e+02   9.9600000e-01
   2.2678400e+02   9.8000000e-01
   2.3430300e+02   9.7000000e-01
