   2.8180000e+00   1.1120000e+00
   1.0888000e+01   1.2880000e+00
   1.8161000e+01   8.0300000e-01
   2.6708000e+01   8.1000000e-01
   3.4522000e+01   8.7700000e-01
   4.0387000e+01   7.0300000e-01
   4.7564000e+01   7.1800000e-01
   5.5581000e+01   1.1890000e+00
   6.2513000e+01   8.1400000e-01
   7.1128000e+01   7.3600000e-01
   7.9434000e+01   9.4400000e-01
   8.7510000e+01   1.2480000e+00
   9.4425000e+01   7.9500000e-01
   1.0171200e+02   7.4400000e-01
   1.0966000e+02   1.0870000e+00
   1.1619400e+02   7.3700000e-01
   1.2475300e+02   8.6100000e-01
   1.3322000e+02   1.0470000e+00
   1.4011800e+02   8.9000000e-01
   1.4819300e+02   7.4500000e-01
   1.5664600e+02   8.4400000e-01
   1.6262000e+02   7.5700000e-01
   1.7043300e+02   8.6500000e-01
   1.7878500e+02   8.0400000e-01
   1.8731500e+02   8.8100000e-01
   1.9315800e+02   8.2200000e-01
   2.0160700e+02   9.0700000e-01
   2.0950500e+02   1.0590000e+00
   2.1725000e+02   1.2790000e+00
   2.2519300e+02   7.9600000e-01
   2.3432900e+02   7.8400000e-01
