   2.6240000e+00   7.8300000e-01
   1.0069000e+01   1.0210000e+00
   1.8222000e+01   1.0130000e+00
   2.5457000e+01   1.1490000e+00
   3.2483000e+01   7.2800000e-01
   4.0335000e+01   8.6800000e-01
   4.6675000e+01   9.7300000e-01
   5.3769000e+01   7.3600000e-01
   6.0599000e+01   9.4100000e-01
   6.7132000e+01   7.6100000e-01
   7.4562000e+01   7.2800000e-01
   8.1335000e+01   9.4600000e-01
   8.7635000e+01   6.5800000e-01
   9.4626000e+01   7.6300000e-01
   1.0022100e+02   8.2100000e-01
   1.0777500e+02   7.3700000e-01
   1.1536800e+02   1.0160000e+00
   1.2262400e+02   1.0960000e+00
   1.3016500e+02   8.3200000e-01
   1.3824500e+02   1.0360000e+00
   1.4563800e+02   1.1460000e+00
   1.5271500e+02   7.5300000e-01
   1.6066300e+02   7.9300000e-01
   1.6733300e+02   1.0550000e+00
   1.7393600e+02   7.5100000e-01
   1.8099800e+02   8.7800000e-01
   1.8679300e+02   7.4100000e-01
   1.9438100e+02   7.3900000e-01
   2.0171100e+02   9.4900000e-01
   2.0792000e+02   6.7900000e-01
   2.1531100e+02   9.2100000e-01
   2.2210900e+02   1.0930000e+00
   2.2847700e+02   6.6400000e-01
   2.3554400e+02   8.0500000e-01
