   2.7770000e+00   8.9500000e-01
   1.1109000e+01   9.5100000e-01
   1.9454000e+01   1.0710000e+00
   2.7682000e+01   1.1480000e+00
   3.5590000e+01   9.5000000e-01
   4.3874000e+01   8.8700000e-01
   5.2144000e+01   9.9900000e-01
   5.9612000e+01   1.2700000e+00
   6.7435000e+01   8.3100000e-01
   7.5663000e+01   8.8600000e-01
   8.3352000e+01   1.1150000e+00
   9.0190000e+01   8.1300000e-01
   9.8238000e+01   8.1500000e-01
   1.0578000e+02   1.0480000e+00
   1.1247000e+02   7.8600000e-01
   1.2040000e+02   8.5300000e-01
   1.2810900e+02   9.8000000e-01
   1.3466600e+02   8.4600000e-01
   1.4260900e+02   8.2900000e-01
   1.5012900e+02   9.8500000e-01
   1.5680900e+02   1.0200000e+00
   1.6441100e+02   7.7800000e-01
   1.7204500e+02   8.8300000e-01
   1.7896500e+02   1.2050000e+00
   1.8630700e+02   7.9100000e-01
   1.9413700e+02   8.9200000e-01
   2.0089100e+02   1.0860000e+00
   2.0823200e+02   7.5100000e-01
   2.1586800e+02   9.6100000e-01
   2.2261500e+02   1.2050000e+00
   2.2988500e+02   7.6000000e-01
   2.3754600e+02   9.5600000e-01
