   2.1500000e+00   9.9300000e-01
   1.0494000e+01   1.0160000e+00
   1.8478000e+01   1.1130000e+00
   2.6608000e+01   9.2900000e-01
   3.4651000e+01   1.0470000e+00
   4.2552000e+01   9.6100000e-01
   5.0847000e+01   9.9600000e-01
   5.8626000e+01   9.6800000e-01
   6.6628000e+01   9.9500000e-01
   7.4428000e+01   9.5700000e-01
   8.2319000e+01   1.0250000e+00
   9.0000000e+01   9.3600000e-01
   9.7375000e+01   9.6000000e-01
   1.0551700e+02   9.6600000e-01
   1.1276800e+02   9.6100000e-01
   1.2094600e+02   9.6500000e-01
   1.2848300e+02   9.4500000e-01
   1.3646700e+02   1.0610000e+00
   1.4422900e+02   9.2300000e-01
   1.5171200e+02   9.5200000e-01
   1.5976900e+02   1.0040000e+00
   1.6738100e+02   9.4500000e-01
   1.7506100e+02   9.9000000e-01
   1.8299000e+02   9.6900000e-01
   1.9050800e+02   9.3200000e-01
   1.9779000e+02   1.0070000e+00
   2.0556400e+02   9.5900000e-01
   2.1286700e+02   8.6200000e-01
   2.2044900e+02   9.8500000e-01
   2.2813500e+02   9.6900000e-01
   2.3583100e+02   1.0600000e+00
