   2.7590000e+00   8.3500000e-01
   8.9560000e+00   7.1000000e-01
   1.5386000e+01   7.4500000e-01
   2.1526000e+01   7.4800000e-01
   2.7340000e+01   8.7400000e-01
   3.3748000e+01   6.9400000e-01
   4.0317000e+01   8.6400000e-01
   4.6280000e+01   8.5400000e-01
   5.2352000e+01   6.8000000e-01
   5.8310000e+01   6.9900000e-01
   6.4619000e+01   7.7500000e-01
   7.0273000e+01   7.6500000e-01
   7.6010000e+01   6.6500000e-01
   8.2119000e+01   7.8300000e-01
   8.8031000e+01   8.5300000e-01
   9.3847000e+01   6.8600000e-01
   1.0018400e+02   7.8200000e-01
   1.0597000e+02   8.2800000e-01
   1.1210100e+02   7.0100000e-01
   1.1802100e+02   7.2100000e-01
   1.2406400e+02   7.7500000e-01
   1.2952000e+02   6.6400000e-01
   1.3565500e+02   7.1200000e-01
   1.4159800e+02   7.1600000e-01
   1.4680300e+02   6.1900000e-01
   1.5240100e+02   7.0300000e-01
   1.5839600e+02   7.5500000e-01
   1.6405300e+02   7.7300000e-01
   1.6965200e+02   6.7600000e-01
   1.7562900e+02   7.8300000e-01
   1.8135200e+02   7.2400000e-01
   1.8728900e+02   6.7600000e-01
   1.9328200e+02   7.7600000e-01
   1.9901700e+02   7.8500000e-01
   2.0482500e+02   6.7400000e-01
   2.1081700e+02   6.7000000e-01
   2.1652900e+02   8.5900000e-01
   2.2263900e+02   6.9200000e-01
   2.2904800e+02   7.7000000e-01
   2.3481600e+02   7.9800000e-01
   2.4054000e+02   6.7600000e-01
