   2.6480000e+00   7.3300000e-01
   1.0142000e+01   8.2700000e-01
   1.7811000e+01   9.7000000e-01
   2.5097000e+01   9.4600000e-01
   3.2359000e+01   1.0380000e+00
   3.9723000e+01   9.1600000e-01
   4.7557000e+01   8.0200000e-01
   5.5549000e+01   9.6600000e-01
   6.3243000e+01   9.5700000e-01
   7.0419000e+01   1.0430000e+00
   7.7458000e+01   9.7200000e-01
   8.4779000e+01   8.0700000e-01
   9.2835000e+01   9.3800000e-01
   1.0082800e+02   9.6800000e-01
   1.0852200e+02   1.0170000e+00
   1.1629200e+02   1.0350000e+00
   1.2327400e+02   9.9700000e-01
   1.3004900e+02   7.5000000e-01
   1.3718300e+02   7.2300000e-01
   1.4412000e+02   1.0280000e+00
   1.5189700e+02   1.1340000e+00
   1.6010800e+02   1.0840000e+00
   1.6812500e+02   9.3400000e-01
   1.7628300e+02   8.9400000e-01
   1.8424600e+02   9.5400000e-01
   1.9135000e+02   8.5900000e-01
   1.9804300e+02   9.7400000e-01
   2.0453600e+02   7.4500000e-01
   2.1195200e+02   7.2600000e-01
   2.1909100e+02   9.1400000e-01
   2.2553200e+02   9.7200000e-01
   2.3245200e+02   8.6900000e-01
   2.4020300e+02   8.1300000e-01
