   2.2810000e+00   9.6000000e-01
   1.0537000e+01   1.0870000e+00
   1.8193000e+01   1.0020000e+00
   2.7221000e+01   9.2800000e-01
   3.5717000e+01   1.1210000e+00
   4.3042000e+01   9.1800000e-01
   5.1516000e+01   8.3300000e-01
   5.9580000e+01   1.0690000e+00
   6.6554000e+01   8.7600000e-01
   7.4747000e+01   8.0300000e-01
   8.1672000e+01   9.1200000e-01
   8.8202000e+01   7.8000000e-01
   9.6292000e+01   9.8800000e-01
   1.0335900e+02   1.1240000e+00
   1.1168400e+02   8.7500000e-01
   1.1980900e+02   1.0510000e+00
   1.2661000e+02   8.7800000e-01
   1.3490100e+02   8.3100000e-01
   1.4231400e+02   1.1860000e+00
   1.4956500e+02   7.9100000e-01
   1.5783900e+02   9.1100000e-01
   1.6540900e+02   1.1740000e+00
   1.7283100e+02   7.8500000e-01
   1.8112800e+02   9.5900000e-01
   1.8812700e+02   1.2580000e+00
   1.9568300e+02   7.8400000e-01
   2.0343300e+02   1.0410000e+00
   2.1004200e+02   7.8100000e-01
   2.1818200e+02   8.4900000e-01
   2.2556600e+02   1.1830000e+00
   2.3265200e+02   7.8100000e-01
   2.4040200e+02   9.6700000e-01
