   2.5480000e+00   8.1300000e-01
   9.3740000e+00   8.6700000e-01
   1.5899000e+01   8.3800000e-01
   2.2604000e+01   8.0300000e-01
   2.9335000e+01   8.5600000e-01
   3.5815000e+01   8.2100000e-01
   4.2401000e+01   8.1600000e-01
   4.9091000e+01   8.3400000e-01
   5.5559000e+01   8.2100000e-01
   6.2164000e+01   7.9900000e-01
   6.8832000e+01   8.5700000e-01
   7.5262000e+01   8.1000000e-01
   8.1948000e+01   7.9200000e-01
   8.8215000e+01   7.8200000e-01
   9.4544000e+01   8.2400000e-01
   1.0135400e+02   8.0800000e-01
   1.0801900e+02   8.7100000e-01
   1.1462700e+02   8.2300000e-01
   1.2136800e+02   8.1700000e-01
   1.2788100e+02   8.5000000e-01
   1.3452400e+02   8.2300000e-01
   1.4132200e+02   8.2500000e-01
   1.4787400e+02   8.2700000e-01
   1.5465900e+02   8.5600000e-01
   1.6121100e+02   8.0400000e-01
   1.6782500e+02   8.5300000e-01
   1.7438900e+02   8.2900000e-01
   1.8151500e+02   8.4600000e-01
   1.8818200e+02   8.7900000e-01
   1.9519700e+02   9.0400000e-01
   2.0192400e+02   8.2000000e-01
   2.0879200e+02   8.7900000e-01
   2.1532400e+02   8.2300000e-01
   2.2198500e+02   7.8100000e-01
   2.2831300e+02   7.8400000e-01
   2.3476300e+02   8.2500000e-01
