   2.4540000e+00   7.6300000e-01
   8.9460000e+00   7.4700000e-01
   1.5296000e+01   7.2000000e-01
   2.1995000e+01   8.6400000e-01
   2.8905000e+01   8.8700000e-01
   3.5821000e+01   8.7200000e-01
   4.2574000e+01   8.4800000e-01
   4.9190000e+01   8.5500000e-01
   5.5705000e+01   8.1200000e-01
   6.2231000e+01   8.1800000e-01
   6.8646000e+01   7.8600000e-01
   7.4501000e+01   8.1400000e-01
   8.0969000e+01   8.0500000e-01
   8.7679000e+01   8.7100000e-01
   9.4546000e+01   8.8000000e-01
   1.0145800e+02   8.6000000e-01
   1.0801000e+02   8.0100000e-01
   1.1487300e+02   8.4200000e-01
   1.2146400e+02   7.4700000e-01
   1.2809300e+02   8.1500000e-01
   1.3478200e+02   8.9200000e-01
   1.4176100e+02   9.0000000e-01
   1.4861700e+02   8.4100000e-01
   1.5528100e+02   7.9900000e-01
   1.6200300e+02   7.9200000e-01
   1.6859900e+02   8.3900000e-01
   1.7535700e+02   8.7100000e-01
   1.8223700e+02   7.9500000e-01
   1.8895000e+02   8.3200000e-01
   1.9558000e+02   8.5400000e-01
   2.0234600e+02   8.5300000e-01
   2.0843100e+02   7.1100000e-01
   2.1489600e+02   7.7100000e-01
   2.2167800e+02   8.7500000e-01
   2.2880400e+02   9.1500000e-01
   2.3577900e+02   8.8200000e-01
