   1.2970000e+00   9.1600000e-01
   9.8250000e+00   1.0520000e+00
   1.8311000e+01   1.1590000e+00
   2.6788000e+01   1.1880000e+00
   3.5297000e+01   1.2210000e+00
   4.3535000e+01   1.1240000e+00
   5.2091000e+01   9.8500000e-01
   6.0752000e+01   8.8000000e-01
   6.9376000e+01   1.0460000e+00
   7.7809000e+01   1.1310000e+00
   8.5961000e+01   1.1860000e+00
   9.3960000e+01   1.0010000e+00
   1.0223000e+02   8.6900000e-01
   1.1050500e+02   8.7900000e-01
   1.1859600e+02   1.0510000e+00
   1.2619600e+02   1.0930000e+00
   1.3373500e+02   1.1250000e+00
   1.4188200e+02   8.9000000e-01
   1.5014600e+02   9.0400000e-01
   1.5800900e+02   1.0090000e+00
   1.6556100e+02   1.1120000e+00
   1.7359600e+02   1.0830000e+00
   1.8149500e+02   8.2500000e-01
   1.8964800e+02   9.3800000e-01
   1.9737500e+02   1.0890000e+00
   2.0499600e+02   1.0800000e+00
   2.1226600e+02   7.6700000e-01
   2.2016100e+02   7.8300000e-01
   2.2781300e+02   9.1600000e-01
   2.3477100e+02   1.0670000e+00
