   2.6510000e+00   8.2000000e-01
   1.0791000e+01   9.2700000e-01
   1.9122000e+01   1.2720000e+00
   2.7971000e+01   1.1140000e+00
   3.6579000e+01   1.2500000e+00
   4.5229000e+01   1.1260000e+00
   5.3868000e+01   1.1070000e+00
   6.2885000e+01   9.5800000e-01
   7.1934000e+01   9.8600000e-01
   8.1139000e+01   1.1220000e+00
   9.0146000e+01   1.1800000e+00
   9.9232000e+01   1.2010000e+00
   1.0810000e+02   1.1280000e+00
   1.1660400e+02   1.2310000e+00
   1.2533400e+02   1.1250000e+00
   1.3360400e+02   9.1200000e-01
   1.4209600e+02   8.9000000e-01
   1.5063200e+02   1.0490000e+00
   1.5915000e+02   1.1190000e+00
   1.6779800e+02   1.1920000e+00
   1.7660600e+02   1.1320000e+00
   1.8502700e+02   1.2420000e+00
   1.9393700e+02   9.3200000e-01
   2.0197000e+02   9.6500000e-01
   2.1064600e+02   9.3300000e-01
   2.1933000e+02   1.0530000e+00
   2.2772500e+02   1.2110000e+00
   2.3594300e+02   9.1500000e-01
