   2.2770000e+00   7.9800000e-01
   8.8370000e+00   8.1200000e-01
   1.5332000e+01   8.0200000e-01
   2.1953000e+01   8.3100000e-01
   2.8438000e+01   8.0800000e-01
   3.4437000e+01   7.4900000e-01
   4.1001000e+01   7.9400000e-01
   4.7625000e+01   8.1900000e-01
   5.4453000e+01   8.6500000e-01
   6.1127000e+01   8.6400000e-01
   6.8059000e+01   8.8200000e-01
   7.5074000e+01   8.7000000e-01
   8.2031000e+01   8.3900000e-01
   8.8702000e+01   8.9900000e-01
   9.5736000e+01   9.2800000e-01
   1.0262500e+02   8.1900000e-01
   1.0969700e+02   8.4700000e-01
   1.1609200e+02   7.6200000e-01
   1.2295900e+02   8.4700000e-01
   1.2946000e+02   8.2600000e-01
   1.3608300e+02   8.3900000e-01
   1.4263700e+02   8.3400000e-01
   1.4906100e+02   8.0300000e-01
   1.5542000e+02   8.2500000e-01
   1.6225600e+02   8.2900000e-01
   1.6889000e+02   8.5600000e-01
   1.7563900e+02   8.3400000e-01
   1.8226200e+02   8.1400000e-01
   1.8875800e+02   8.2200000e-01
   1.9534500e+02   8.4400000e-01
   2.0211000e+02   8.2700000e-01
   2.0859400e+02   8.6200000e-01
   2.1552200e+02   8.8900000e-01
   2.2248300e+02   8.9500000e-01
   2.2946500e+02   9.1800000e-01
   2.3639200e+02   8.7700000e-01
