   2.2830000e+00   9.8800000e-01
   1.0004000e+01   8.0800000e-01
   1.7879000e+01   9.7700000e-01
   2.5815000e+01   9.5100000e-01
   3.3938000e+01   1.0280000e+00
   4.1541000e+01   9.4000000e-01
   4.8749000e+01   9.4600000e-01
   5.5983000e+01   9.0300000e-01
   6.3809000e+01   9.9900000e-01
   7.1757000e+01   1.0510000e+00
   7.9779000e+01   1.0120000e+00
   8.7460000e+01   9.6100000e-01
   9.5266000e+01   1.0460000e+00
   1.0325000e+02   9.6700000e-01
   1.1136000e+02   9.9100000e-01
   1.1938000e+02   1.0060000e+00
   1.2737700e+02   1.0120000e+00
   1.3532800e+02   9.3800000e-01
   1.4331700e+02   1.0320000e+00
   1.5138500e+02   1.0010000e+00
   1.5945400e+02   1.1070000e+00
   1.6744300e+02   9.5300000e-01
   1.7494200e+02   7.8600000e-01
   1.8201900e+02   8.3000000e-01
   1.8921800e+02   9.7600000e-01
   1.9708500e+02   8.7700000e-01
   2.0427100e+02   8.5400000e-01
   2.1099100e+02   8.4500000e-01
   2.1849600e+02   9.8600000e-01
   2.2642200e+02   9.9400000e-01
   2.3444700e+02   1.0350000e+00
