-5.495000e-04
-5.307500e-04
-5.020000e-04
-4.937500e-04
-5.285000e-04
-5.497500e-04
-5.465000e-04
-5.067500e-04
-5.025000e-04
-5.252500e-04
-5.512500e-04
-5.235000e-04
-4.970000e-04
-4.902500e-04
-5.255000e-04
-5.575000e-04
-5.390000e-04
-5.082500e-04
-5.065000e-04
-5.332500e-04
-5.590000e-04
-5.402500e-04
-5.092500e-04
-5.062500e-04
-5.295000e-04
-5.592500e-04
-5.470000e-04
-5.080000e-04
-5.057500e-04
-5.320000e-04
-5.495000e-04
-5.287500e-04
-4.940000e-04
-4.887500e-04
-5.080000e-04
-5.437500e-04
-5.247500e-04
-4.967500e-04
-4.867500e-04
-5.130000e-04
-5.380000e-04
-5.230000e-04
-4.945000e-04
-4.737500e-04
-5.167500e-04
-5.332500e-04
-5.117500e-04
-4.840000e-04
-4.647500e-04
-5.030000e-04
-5.282500e-04
-5.192500e-04
-4.837500e-04
-4.800000e-04
-5.062500e-04
-5.352500e-04
-5.227500e-04
-4.930000e-04
-4.785000e-04
-5.150000e-04
-5.250000e-04
-5.122500e-04
-4.785000e-04
-4.672500e-04
-4.937500e-04
-5.257500e-04
-5.147500e-04
-4.852500e-04
-4.800000e-04
-5.092500e-04
-5.415000e-04
-5.295000e-04
-4.990000e-04
-4.887500e-04
-5.210000e-04
-5.457500e-04
-5.280000e-04
-4.837500e-04
-4.795000e-04
-4.917500e-04
-5.315000e-04
-5.145000e-04
-4.852500e-04
-4.720000e-04
-5.092500e-04
-5.317500e-04
-5.337500e-04
-4.930000e-04
-4.830000e-04
-5.050000e-04
-5.290000e-04
-5.110000e-04
-4.767500e-04
-4.665000e-04
-4.882500e-04
-5.165000e-04
-5.102500e-04
-4.742500e-04
-4.567500e-04
-4.880000e-04
-5.237500e-04
-5.112500e-04
-4.757500e-04
-4.715000e-04
-4.952500e-04
-5.182500e-04
-5.097500e-04
-4.697500e-04
-4.682500e-04
-4.962500e-04
-5.210000e-04
-5.105000e-04
-4.737500e-04
-4.650000e-04
-4.992500e-04
-5.260000e-04
-5.137500e-04
-4.852500e-04
-4.682500e-04
-4.917500e-04
-5.220000e-04
-5.197500e-04
-4.777500e-04
-4.755000e-04
-4.975000e-04
-5.330000e-04
-5.260000e-04
-4.842500e-04
-4.747500e-04
-5.012500e-04
-5.340000e-04
-5.255000e-04
-4.852500e-04
-4.732500e-04
-4.900000e-04
-5.300000e-04
-5.102500e-04
-4.792500e-04
-4.607500e-04
-4.882500e-04
-5.180000e-04
-5.082500e-04
-4.712500e-04
-4.660000e-04
-4.817500e-04
-5.170000e-04
-5.020000e-04
-4.805000e-04
-4.622500e-04
-4.930000e-04
-5.197500e-04
-5.155000e-04
-4.765000e-04
-4.587500e-04
-4.802500e-04
-5.047500e-04
-5.060000e-04
-4.762500e-04
-4.617500e-04
-4.920000e-04
-5.155000e-04
-5.157500e-04
-4.695000e-04
-4.580000e-04
-4.817500e-04
-5.142500e-04
-5.050000e-04
-4.760000e-04
-4.600000e-04
-4.892500e-04
-5.167500e-04
-5.092500e-04
-4.685000e-04
-4.577500e-04
-4.942500e-04
-5.172500e-04
-5.075000e-04
-4.827500e-04
-4.592500e-04
-4.832500e-04
-5.100000e-04
-5.072500e-04
-4.802500e-04
-4.607500e-04
-4.965000e-04
-5.245000e-04
-5.195000e-04
-4.797500e-04
-4.645000e-04
-4.862500e-04
-5.260000e-04
-5.197500e-04
-4.857500e-04
-4.677500e-04
-4.972500e-04
-5.285000e-04
-5.237500e-04
-4.857500e-04
-4.767500e-04
-5.017500e-04
-5.295000e-04
-5.215000e-04
-4.862500e-04
-4.682500e-04
-4.977500e-04
-5.275000e-04
-5.152500e-04
-4.772500e-04
-4.660000e-04
-4.812500e-04
-5.140000e-04
-5.207500e-04
-4.820000e-04
-4.665000e-04
-4.752500e-04
-5.250000e-04
-5.102500e-04
-4.825000e-04
-4.610000e-04
-4.890000e-04
-5.285000e-04
-5.162500e-04
-4.897500e-04
-4.755000e-04
-4.995000e-04
-5.250000e-04
-5.282500e-04
-4.832500e-04
-4.617500e-04
-4.885000e-04
-5.155000e-04
-5.127500e-04
-4.785000e-04
-4.685000e-04
-4.907500e-04
-5.285000e-04
-5.205000e-04
-4.867500e-04
-4.685000e-04
-4.895000e-04
-5.162500e-04
-5.070000e-04
-4.770000e-04
-4.630000e-04
-4.835000e-04
-5.217500e-04
-5.107500e-04
-4.960000e-04
-4.705000e-04
-4.917500e-04
-5.232500e-04
-5.167500e-04
-4.847500e-04
-4.637500e-04
-4.917500e-04
-5.157500e-04
-5.155000e-04
-4.747500e-04
-4.637500e-04
-4.862500e-04
-5.230000e-04
-5.190000e-04
-4.810000e-04
-4.640000e-04
-4.907500e-04
-5.222500e-04
-5.135000e-04
-4.837500e-04
-4.612500e-04
-4.852500e-04
-5.167500e-04
-5.105000e-04
-4.830000e-04
-4.562500e-04
-4.827500e-04
-5.140000e-04
-5.155000e-04
-4.870000e-04
-4.737500e-04
-4.902500e-04
-5.145000e-04
-5.190000e-04
-4.870000e-04
-4.592500e-04
-4.895000e-04
-5.190000e-04
-5.180000e-04
-4.760000e-04
-4.587500e-04
-4.770000e-04
-5.107500e-04
-5.155000e-04
-4.762500e-04
-4.460000e-04
-4.795000e-04
-5.050000e-04
-5.047500e-04
-4.785000e-04
-4.595000e-04
-4.842500e-04
-5.112500e-04
-5.132500e-04
-4.810000e-04
-4.585000e-04
-4.742500e-04
-5.100000e-04
-5.010000e-04
-4.777500e-04
-4.480000e-04
-4.787500e-04
-5.112500e-04
-5.175000e-04
-4.785000e-04
-4.587500e-04
-4.750000e-04
-4.960000e-04
-4.950000e-04
-4.585000e-04
-4.455000e-04
-4.652500e-04
-4.957500e-04
-5.012500e-04
-4.672500e-04
-4.505000e-04
-4.660000e-04
-5.022500e-04
-5.057500e-04
-4.717500e-04
-4.442500e-04
-4.652500e-04
-5.007500e-04
-4.892500e-04
-4.642500e-04
-4.450000e-04
-4.632500e-04
-4.917500e-04
-4.960000e-04
-4.610000e-04
-4.302500e-04
-4.510000e-04
-4.797500e-04
-4.932500e-04
-4.600000e-04
-4.337500e-04
-4.605000e-04
-4.915000e-04
-4.925000e-04
-4.580000e-04
-4.322500e-04
-4.530000e-04
-4.820000e-04
-4.792500e-04
-4.540000e-04
-4.262500e-04
-4.472500e-04
-4.882500e-04
-4.827500e-04
-4.505000e-04
-4.255000e-04
-4.432500e-04
-4.770000e-04
-4.852500e-04
-4.530000e-04
-4.265000e-04
-4.475000e-04
-4.762500e-04
-4.920000e-04
-4.550000e-04
-4.402500e-04
-4.520000e-04
-4.887500e-04
-4.907500e-04
-4.735000e-04
-4.365000e-04
-4.652500e-04
-4.970000e-04
-5.027500e-04
-4.725000e-04
-4.407500e-04
-4.587500e-04
-4.915000e-04
-4.862500e-04
-4.565000e-04
-4.422500e-04
-4.547500e-04
-4.822500e-04
-4.825000e-04
-4.545000e-04
-4.262500e-04
-4.500000e-04
-4.792500e-04
-4.917500e-04
-4.680000e-04
-4.415000e-04
-4.620000e-04
-4.917500e-04
-4.910000e-04
-4.632500e-04
-4.380000e-04
-4.480000e-04
-4.862500e-04
-4.927500e-04
-4.665000e-04
-4.495000e-04
-4.645000e-04
-4.900000e-04
-4.925000e-04
-4.535000e-04
-4.260000e-04
-4.377500e-04
-4.755000e-04
-4.792500e-04
-4.560000e-04
-4.315000e-04
-4.432500e-04
-4.835000e-04
-4.850000e-04
-4.585000e-04
-4.375000e-04
-4.460000e-04
-4.832500e-04
-4.842500e-04
-4.557500e-04
-4.320000e-04
-4.522500e-04
-4.870000e-04
-4.962500e-04
-4.685000e-04
-4.472500e-04
-4.545000e-04
-4.820000e-04
-4.920000e-04
-4.522500e-04
-4.257500e-04
-4.382500e-04
-4.735000e-04
-4.847500e-04
-4.635000e-04
-4.487500e-04
-4.665000e-04
-5.060000e-04
-5.207500e-04
-4.977500e-04
-4.715000e-04
-4.802500e-04
-5.055000e-04
-5.037500e-04
-4.720000e-04
-4.380000e-04
-4.420000e-04
-4.710000e-04
-4.815000e-04
-4.515000e-04
-4.237500e-04
-4.365000e-04
-4.702500e-04
-4.807500e-04
-4.505000e-04
-4.315000e-04
-4.450000e-04
-4.822500e-04
-4.912500e-04
-4.657500e-04
-4.427500e-04
-4.542500e-04
-4.802500e-04
-4.830000e-04
-4.487500e-04
-4.117500e-04
-4.362500e-04
-4.705000e-04
-4.827500e-04
-4.527500e-04
-4.245000e-04
-4.510000e-04
-4.900000e-04
-5.042500e-04
-4.767500e-04
-4.465000e-04
-4.565000e-04
-4.905000e-04
-4.942500e-04
-4.532500e-04
-4.157500e-04
-4.232500e-04
-4.537500e-04
-4.662500e-04
-4.417500e-04
-4.202500e-04
-4.290000e-04
-4.585000e-04
-4.657500e-04
-4.400000e-04
-4.040000e-04
-4.165000e-04
-4.465000e-04
-4.545000e-04
-4.307500e-04
-4.020000e-04
-4.135000e-04
-4.425000e-04
-4.450000e-04
-4.245000e-04
-3.937500e-04
-4.115000e-04
-4.415000e-04
-4.650000e-04
-4.395000e-04
-4.157500e-04
-4.290000e-04
-4.615000e-04
-4.750000e-04
-4.367500e-04
-4.122500e-04
-4.215000e-04
-4.575000e-04
-4.650000e-04
-4.312500e-04
-4.050000e-04
-4.117500e-04
-4.450000e-04
-4.517500e-04
-4.352500e-04
-4.160000e-04
-4.217500e-04
-4.600000e-04
-4.705000e-04
-4.507500e-04
-4.235000e-04
-4.237500e-04
-4.592500e-04
-4.662500e-04
-4.432500e-04
-4.067500e-04
-4.167500e-04
-4.455000e-04
-4.550000e-04
-4.290000e-04
-4.040000e-04
-4.095000e-04
-4.370000e-04
-4.587500e-04
-4.335000e-04
-4.122500e-04
-4.240000e-04
-4.540000e-04
-4.735000e-04
-4.410000e-04
-4.157500e-04
-4.240000e-04
-4.597500e-04
-4.690000e-04
-4.407500e-04
-4.045000e-04
-4.112500e-04
-4.460000e-04
-4.635000e-04
-4.422500e-04
-4.160000e-04
-4.230000e-04
-4.557500e-04
-4.695000e-04
-4.377500e-04
-4.060000e-04
-4.025000e-04
-4.392500e-04
-4.545000e-04
-4.402500e-04
-4.210000e-04
-4.365000e-04
-4.770000e-04
-4.900000e-04
-4.615000e-04
-4.295000e-04
-4.400000e-04
-4.680000e-04
-4.740000e-04
-4.387500e-04
-4.040000e-04
-4.112500e-04
-4.402500e-04
-4.587500e-04
-4.347500e-04
-4.127500e-04
-4.257500e-04
-4.562500e-04
-4.680000e-04
-4.375000e-04
-4.045000e-04
-4.072500e-04
-4.390000e-04
-4.475000e-04
-4.175000e-04
-3.820000e-04
-3.965000e-04
-4.310000e-04
-4.622500e-04
-4.317500e-04
-4.080000e-04
-4.005000e-04
-4.450000e-04
-4.545000e-04
-4.365000e-04
-3.980000e-04
-4.012500e-04
-4.350000e-04
-4.492500e-04
-4.247500e-04
-3.950000e-04
-4.082500e-04
-4.420000e-04
-4.632500e-04
-4.387500e-04
-4.122500e-04
-4.157500e-04
-4.365000e-04
-4.537500e-04
-4.330000e-04
-3.965000e-04
-4.052500e-04
-4.262500e-04
-4.465000e-04
-4.122500e-04
-3.870000e-04
-3.905000e-04
-4.255000e-04
-4.362500e-04
-4.095000e-04
-3.920000e-04
-4.000000e-04
-4.407500e-04
-4.670000e-04
-4.510000e-04
-4.167500e-04
-4.227500e-04
-4.587500e-04
-4.717500e-04
-4.457500e-04
-4.127500e-04
-4.165000e-04
-4.447500e-04
-4.612500e-04
-4.340000e-04
-3.930000e-04
-3.997500e-04
-4.302500e-04
-4.455000e-04
-4.215000e-04
-4.017500e-04
-3.952500e-04
-4.312500e-04
-4.437500e-04
-4.297500e-04
-4.012500e-04
-4.000000e-04
-4.440000e-04
-4.542500e-04
-4.360000e-04
-4.000000e-04
-4.062500e-04
-4.490000e-04
-4.620000e-04
-4.390000e-04
-4.080000e-04
-4.047500e-04
-4.457500e-04
-4.605000e-04
-4.280000e-04
-3.972500e-04
-4.090000e-04
-4.397500e-04
-4.587500e-04
-4.280000e-04
-3.940000e-04
-3.917500e-04
-4.202500e-04
-4.452500e-04
-4.245000e-04
-4.117500e-04
-4.067500e-04
-4.382500e-04
-4.577500e-04
-4.277500e-04
-3.912500e-04
-3.945000e-04
-4.260000e-04
-4.385000e-04
-4.190000e-04
-3.942500e-04
-3.940000e-04
-4.290000e-04
-4.592500e-04
-4.262500e-04
-4.027500e-04
-4.072500e-04
-4.382500e-04
-4.535000e-04
-4.392500e-04
-4.095000e-04
-4.107500e-04
-4.407500e-04
-4.642500e-04
-4.327500e-04
-4.072500e-04
-3.990000e-04
-4.325000e-04
-4.485000e-04
-4.280000e-04
-3.957500e-04
-4.035000e-04
-4.315000e-04
-4.552500e-04
-4.255000e-04
-3.987500e-04
-3.975000e-04
-4.385000e-04
-4.567500e-04
-4.400000e-04
-4.082500e-04
-4.020000e-04
-4.395000e-04
-4.497500e-04
-4.337500e-04
-4.002500e-04
-3.895000e-04
-4.292500e-04
-4.382500e-04
-4.237500e-04
-3.890000e-04
-3.882500e-04
-4.182500e-04
-4.457500e-04
-4.305000e-04
-3.995000e-04
-3.887500e-04
-4.215000e-04
-4.435000e-04
-4.202500e-04
-3.965000e-04
-4.037500e-04
-4.357500e-04
-4.650000e-04
-4.422500e-04
-4.122500e-04
-4.092500e-04
-4.435000e-04
-4.560000e-04
-4.297500e-04
-4.025000e-04
-3.940000e-04
-4.287500e-04
-4.612500e-04
-4.390000e-04
-4.082500e-04
-4.055000e-04
-4.277500e-04
-4.467500e-04
-4.250000e-04
-3.892500e-04
-3.850000e-04
-4.212500e-04
-4.440000e-04
-4.217500e-04
-3.982500e-04
-4.032500e-04
-4.392500e-04
-4.605000e-04
-4.475000e-04
-4.010000e-04
-3.975000e-04
-4.182500e-04
-4.397500e-04
-4.187500e-04
-3.820000e-04
-3.845000e-04
-4.185000e-04
-4.405000e-04
-4.237500e-04
-3.930000e-04
-3.967500e-04
-4.085000e-04
-4.465000e-04
-4.275000e-04
-3.975000e-04
-3.955000e-04
-4.272500e-04
-4.555000e-04
-4.382500e-04
-4.055000e-04
-4.007500e-04
-4.310000e-04
-4.487500e-04
-4.375000e-04
-3.960000e-04
-3.947500e-04
-4.222500e-04
-4.472500e-04
-4.327500e-04
-3.877500e-04
-3.817500e-04
-4.117500e-04
-4.232500e-04
-4.002500e-04
-3.665000e-04
-3.637500e-04
-4.062500e-04
-4.405000e-04
-4.345000e-04
-4.092500e-04
-3.977500e-04
-4.360000e-04
-4.510000e-04
-4.292500e-04
-3.787500e-04
-3.815000e-04
-4.075000e-04
-4.300000e-04
-4.072500e-04
-3.780000e-04
-3.762500e-04
-4.117500e-04
-4.510000e-04
-4.327500e-04
-3.995000e-04
-3.885000e-04
-4.200000e-04
-4.267500e-04
-4.155000e-04
-3.697500e-04
-3.750000e-04
-4.032500e-04
-4.335000e-04
-4.272500e-04
-4.082500e-04
-4.057500e-04
-4.325000e-04
-4.635000e-04
-4.377500e-04
-3.935000e-04
-3.832500e-04
-4.042500e-04
-4.242500e-04
-4.122500e-04
-3.775000e-04
-3.725000e-04
-4.012500e-04
-4.342500e-04
-4.230000e-04
-3.982500e-04
-4.050000e-04
-4.317500e-04
-4.657500e-04
-4.400000e-04
-3.955000e-04
-3.867500e-04
-4.172500e-04
-4.392500e-04
-4.347500e-04
-4.012500e-04
-3.967500e-04
-4.255000e-04
-4.572500e-04
-4.477500e-04
-4.060000e-04
-4.057500e-04
-4.182500e-04
-4.500000e-04
-4.252500e-04
-3.970000e-04
-3.790000e-04
-4.210000e-04
-4.455000e-04
-4.260000e-04
-3.992500e-04
-4.007500e-04
-4.365000e-04
-4.687500e-04
-4.565000e-04
-4.270000e-04
-4.280000e-04
-4.477500e-04
-4.657500e-04
-4.402500e-04
-4.017500e-04
-3.860000e-04
-4.170000e-04
-4.392500e-04
-4.157500e-04
-3.812500e-04
-3.767500e-04
-4.130000e-04
-4.350000e-04
-4.112500e-04
-3.767500e-04
-3.660000e-04
-3.952500e-04
-4.245000e-04
-4.295000e-04
-3.947500e-04
-3.905000e-04
-4.247500e-04
-4.485000e-04
-4.380000e-04
-3.940000e-04
-3.892500e-04
-4.257500e-04
-4.527500e-04
-4.435000e-04
-4.060000e-04
-4.010000e-04
-4.282500e-04
-4.565000e-04
-4.350000e-04
-3.947500e-04
-3.737500e-04
-4.107500e-04
-4.225000e-04
-4.142500e-04
-3.695000e-04
-3.582500e-04
-3.890000e-04
-4.262500e-04
-4.207500e-04
-3.937500e-04
-3.912500e-04
-4.215000e-04
-4.452500e-04
-4.280000e-04
-3.867500e-04
-3.707500e-04
-3.895000e-04
-4.095000e-04
-4.005000e-04
-3.700000e-04
-3.637500e-04
-4.052500e-04
-4.382500e-04
-4.325000e-04
-4.020000e-04
-4.050000e-04
-4.347500e-04
-4.530000e-04
-4.352500e-04
-3.902500e-04
-3.765000e-04
-4.010000e-04
-4.257500e-04
-4.130000e-04
-3.687500e-04
-3.630000e-04
-3.722500e-04
-3.992500e-04
-3.877500e-04
-3.585000e-04
-3.505000e-04
-3.760000e-04
-4.162500e-04
-4.072500e-04
-3.770000e-04
-3.727500e-04
-3.955000e-04
-4.340000e-04
-4.317500e-04
-3.950000e-04
-3.955000e-04
-4.317500e-04
-4.577500e-04
-4.420000e-04
-4.185000e-04
-3.945000e-04
-4.232500e-04
-4.340000e-04
-4.102500e-04
-3.660000e-04
-3.567500e-04
-3.857500e-04
-4.140000e-04
-4.085000e-04
-3.720000e-04
-3.620000e-04
-3.857500e-04
-4.102500e-04
-3.932500e-04
-3.632500e-04
-3.512500e-04
-3.812500e-04
-4.137500e-04
-4.152500e-04
-3.770000e-04
-3.745000e-04
-4.112500e-04
-4.457500e-04
-4.370000e-04
-3.985000e-04
-3.860000e-04
-4.002500e-04
-4.237500e-04
-4.017500e-04
-3.635000e-04
-3.517500e-04
-3.875000e-04
-4.080000e-04
-4.052500e-04
-3.680000e-04
-3.612500e-04
-3.840000e-04
-4.107500e-04
-3.947500e-04
-3.662500e-04
-3.447500e-04
-3.777500e-04
-4.047500e-04
-3.985000e-04
-3.547500e-04
-3.397500e-04
-3.592500e-04
-3.797500e-04
-3.685000e-04
-3.395000e-04
-3.212500e-04
-3.482500e-04
-3.847500e-04
-3.795000e-04
-3.555000e-04
-3.437500e-04
-3.805000e-04
-4.100000e-04
-4.017500e-04
-3.637500e-04
-3.477500e-04
-3.740000e-04
-3.972500e-04
-3.922500e-04
-3.542500e-04
-3.405000e-04
-3.655000e-04
-4.025000e-04
-3.950000e-04
-3.585000e-04
-3.452500e-04
-3.820000e-04
-4.082500e-04
-3.952500e-04
-3.605000e-04
-3.310000e-04
-3.515000e-04
-3.802500e-04
-3.680000e-04
-3.402500e-04
-3.175000e-04
-3.527500e-04
-3.927500e-04
-3.810000e-04
-3.535000e-04
-3.390000e-04
-3.740000e-04
-4.067500e-04
-3.950000e-04
-3.597500e-04
-3.437500e-04
-3.605000e-04
-3.875000e-04
-3.782500e-04
-3.400000e-04
-3.272500e-04
-3.497500e-04
-3.860000e-04
-3.712500e-04
-3.437500e-04
-3.297500e-04
-3.522500e-04
-3.832500e-04
-3.640000e-04
-3.415000e-04
-3.227500e-04
-3.495000e-04
-3.797500e-04
-3.890000e-04
-3.512500e-04
-3.445000e-04
-3.750000e-04
-4.152500e-04
-4.160000e-04
-3.835000e-04
-3.645000e-04
-3.837500e-04
-4.132500e-04
-4.032500e-04
-3.710000e-04
-3.575000e-04
-3.747500e-04
-3.965000e-04
-3.927500e-04
-3.635000e-04
-3.387500e-04
-3.580000e-04
-3.882500e-04
-3.855000e-04
-3.572500e-04
-3.410000e-04
-3.722500e-04
-3.965000e-04
-4.000000e-04
-3.527500e-04
-3.450000e-04
-3.610000e-04
-3.945000e-04
-3.907500e-04
-3.580000e-04
-3.472500e-04
-3.637500e-04
-4.095000e-04
-3.942500e-04
-3.750000e-04
-3.567500e-04
-3.802500e-04
-4.032500e-04
-3.980000e-04
-3.645000e-04
-3.462500e-04
-3.647500e-04
-3.957500e-04
-3.995000e-04
-3.610000e-04
-3.545000e-04
-3.752500e-04
-4.067500e-04
-4.022500e-04
-3.697500e-04
-3.545000e-04
-3.710000e-04
-3.997500e-04
-3.905000e-04
-3.545000e-04
-3.405000e-04
-3.652500e-04
-3.985000e-04
-3.892500e-04
-3.685000e-04
-3.632500e-04
-3.767500e-04
-4.167500e-04
-4.055000e-04
-3.727500e-04
-3.507500e-04
-3.650000e-04
-3.925000e-04
-3.832500e-04
-3.590000e-04
-3.432500e-04
-3.707500e-04
-4.057500e-04
-4.035000e-04
-3.745000e-04
-3.557500e-04
-3.777500e-04
-3.982500e-04
-4.077500e-04
-3.665000e-04
-3.527500e-04
-3.772500e-04
-4.075000e-04
-4.065000e-04
-3.722500e-04
-3.475000e-04
-3.720000e-04
-4.047500e-04
-3.932500e-04
-3.692500e-04
-3.570000e-04
-3.807500e-04
-4.117500e-04
-4.032500e-04
-3.740000e-04
-3.510000e-04
-3.615000e-04
-3.910000e-04
-3.870000e-04
-3.617500e-04
-3.452500e-04
-3.680000e-04
-4.085000e-04
-4.077500e-04
-3.830000e-04
-3.525000e-04
-3.695000e-04
-3.865000e-04
-3.855000e-04
-3.447500e-04
-3.302500e-04
-3.470000e-04
-3.882500e-04
-3.837500e-04
-3.542500e-04
-3.442500e-04
-3.640000e-04
-3.917500e-04
-3.992500e-04
-3.647500e-04
-3.415000e-04
-3.540000e-04
-3.932500e-04
-3.815000e-04
-3.575000e-04
-3.320000e-04
-3.567500e-04
-3.967500e-04
-4.015000e-04
-3.702500e-04
-3.517500e-04
-3.600000e-04
-3.952500e-04
-3.927500e-04
-3.552500e-04
-3.320000e-04
-3.505000e-04
-3.912500e-04
-3.905000e-04
-3.610000e-04
-3.385000e-04
-3.650000e-04
-3.927500e-04
-3.945000e-04
-3.605000e-04
-3.327500e-04
-3.457500e-04
-3.727500e-04
-3.652500e-04
-3.267500e-04
-3.025000e-04
-3.142500e-04
-3.562500e-04
-3.620000e-04
-3.387500e-04
-3.170000e-04
-3.432500e-04
-3.735000e-04
-3.860000e-04
-3.505000e-04
-3.287500e-04
-3.390000e-04
-3.720000e-04
-3.605000e-04
-3.450000e-04
-3.200000e-04
-3.440000e-04
-3.790000e-04
-3.925000e-04
-3.567500e-04
-3.390000e-04
-3.550000e-04
-3.825000e-04
-3.797500e-04
-3.490000e-04
-3.172500e-04
-3.287500e-04
-3.702500e-04
-3.680000e-04
-3.455000e-04
-3.270000e-04
-3.495000e-04
-3.942500e-04
-3.915000e-04
-3.685000e-04
-3.512500e-04
-3.670000e-04
-3.872500e-04
-3.912500e-04
-3.495000e-04
-3.280000e-04
-3.467500e-04
-3.812500e-04
-3.857500e-04
-3.575000e-04
-3.375000e-04
-3.520000e-04
-3.830000e-04
-3.915000e-04
-3.667500e-04
-3.387500e-04
-3.560000e-04
-3.992500e-04
-3.922500e-04
-3.612500e-04
-3.337500e-04
-3.470000e-04
-3.730000e-04
-3.720000e-04
-3.362500e-04
-3.135000e-04
-3.355000e-04
-3.692500e-04
-3.812500e-04
-3.557500e-04
-3.357500e-04
-3.527500e-04
-3.767500e-04
-3.927500e-04
-3.627500e-04
-3.430000e-04
-3.580000e-04
-3.917500e-04
-3.917500e-04
-3.660000e-04
-3.367500e-04
-3.505000e-04
-3.780000e-04
-3.857500e-04
-3.512500e-04
-3.240000e-04
-3.420000e-04
-3.722500e-04
-3.852500e-04
-3.532500e-04
-3.357500e-04
-3.460000e-04
-3.832500e-04
-3.820000e-04
-3.495000e-04
-3.377500e-04
-3.575000e-04
-3.967500e-04
-4.020000e-04
-3.675000e-04
-3.382500e-04
-3.570000e-04
-3.827500e-04
-3.835000e-04
-3.480000e-04
-3.230000e-04
-3.415000e-04
-3.777500e-04
-3.790000e-04
-3.590000e-04
-3.315000e-04
-3.462500e-04
-3.635000e-04
-3.812500e-04
-3.422500e-04
-3.235000e-04
-3.355000e-04
-3.795000e-04
-3.837500e-04
-3.645000e-04
-3.355000e-04
-3.597500e-04
-3.917500e-04
-3.830000e-04
-3.555000e-04
-3.220000e-04
-3.317500e-04
-3.712500e-04
-3.792500e-04
-3.550000e-04
-3.280000e-04
-3.545000e-04
-4.002500e-04
-4.052500e-04
-3.810000e-04
-3.472500e-04
-3.462500e-04
-3.797500e-04
-3.765000e-04
-3.410000e-04
-3.087500e-04
-3.297500e-04
-3.677500e-04
-3.947500e-04
-3.690000e-04
-3.475000e-04
-3.610000e-04
-3.965000e-04
-3.912500e-04
-3.572500e-04
-3.300000e-04
-3.405000e-04
-3.722500e-04
-3.817500e-04
-3.597500e-04
-3.402500e-04
-3.590000e-04
-4.030000e-04
-4.040000e-04
-3.867500e-04
-3.675000e-04
-3.730000e-04
-3.950000e-04
-3.910000e-04
-3.607500e-04
-3.342500e-04
-3.407500e-04
-3.705000e-04
-3.795000e-04
-3.495000e-04
-3.102500e-04
-3.265000e-04
-3.490000e-04
-3.592500e-04
-3.205000e-04
-2.895000e-04
-2.940000e-04
-3.380000e-04
-3.580000e-04
-3.355000e-04
-3.127500e-04
-3.362500e-04
-3.745000e-04
-3.862500e-04
-3.495000e-04
-3.182500e-04
-3.335000e-04
-3.617500e-04
-3.700000e-04
-3.385000e-04
-3.185000e-04
-3.235000e-04
-3.582500e-04
-3.657500e-04
-3.372500e-04
-3.100000e-04
-3.195000e-04
-3.512500e-04
-3.635000e-04
-3.312500e-04
-3.057500e-04
-3.157500e-04
-3.562500e-04
-3.722500e-04
-3.432500e-04
-3.237500e-04
-3.400000e-04
-3.747500e-04
-3.862500e-04
-3.562500e-04
-3.240000e-04
-3.387500e-04
-3.682500e-04
-3.712500e-04
-3.295000e-04
-3.072500e-04
-3.150000e-04
-3.552500e-04
-3.557500e-04
-3.392500e-04
-3.025000e-04
-3.237500e-04
-3.582500e-04
-3.765000e-04
-3.512500e-04
-3.185000e-04
-3.277500e-04
-3.575000e-04
-3.775000e-04
-3.372500e-04
-3.080000e-04
-3.150000e-04
-3.532500e-04
-3.595000e-04
-3.342500e-04
-2.937500e-04
-3.155000e-04
-3.477500e-04
-3.642500e-04
-3.350000e-04
-3.095000e-04
-3.237500e-04
-3.625000e-04
-3.722500e-04
-3.392500e-04
-3.130000e-04
-3.207500e-04
-3.572500e-04
-3.600000e-04
-3.380000e-04
-3.042500e-04
-3.207500e-04
-3.552500e-04
-3.622500e-04
-3.365000e-04
-3.082500e-04
-3.172500e-04
-3.472500e-04
-3.535000e-04
-3.327500e-04
-3.017500e-04
-3.082500e-04
-3.435000e-04
-3.475000e-04
-3.232500e-04
-3.010000e-04
-3.087500e-04
-3.442500e-04
-3.555000e-04
-3.267500e-04
-2.977500e-04
-3.130000e-04
-3.372500e-04
-3.502500e-04
-3.307500e-04
-2.935000e-04
-3.050000e-04
-3.377500e-04
-3.512500e-04
-3.225000e-04
-2.922500e-04
-3.007500e-04
-3.325000e-04
-3.375000e-04
-3.235000e-04
-2.992500e-04
-3.075000e-04
-3.452500e-04
-3.585000e-04
-3.310000e-04
-3.057500e-04
-3.117500e-04
-3.545000e-04
-3.622500e-04
-3.380000e-04
-3.042500e-04
-3.162500e-04
-3.475000e-04
-3.630000e-04
-3.330000e-04
-3.015000e-04
-3.097500e-04
-3.412500e-04
-3.610000e-04
-3.372500e-04
-3.075000e-04
-3.127500e-04
-3.320000e-04
-3.530000e-04
-3.282500e-04
-2.960000e-04
-3.032500e-04
-3.375000e-04
-3.482500e-04
-3.215000e-04
-2.965000e-04
-3.182500e-04
-3.492500e-04
-3.645000e-04
-3.490000e-04
-3.102500e-04
-3.177500e-04
-3.490000e-04
-3.537500e-04
-3.262500e-04
-2.850000e-04
-2.955000e-04
-3.150000e-04
-3.452500e-04
-3.137500e-04
-2.817500e-04
-2.832500e-04
-3.170000e-04
-3.292500e-04
-3.012500e-04
-2.745000e-04
-2.865000e-04
-3.210000e-04
-3.455000e-04
-3.130000e-04
-2.857500e-04
-2.985000e-04
-3.390000e-04
-3.372500e-04
-3.152500e-04
-2.805000e-04
-2.802500e-04
-3.270000e-04
-3.362500e-04
-3.160000e-04
-2.877500e-04
-2.920000e-04
-3.302500e-04
-3.475000e-04
-3.242500e-04
-2.957500e-04
-2.997500e-04
-3.220000e-04
-3.357500e-04
-3.037500e-04
-2.687500e-04
-2.667500e-04
-3.212500e-04
-3.287500e-04
-3.115000e-04
-2.905000e-04
-2.982500e-04
-3.425000e-04
-3.660000e-04
-3.382500e-04
-3.067500e-04
-3.157500e-04
-3.377500e-04
-3.580000e-04
-3.297500e-04
-2.950000e-04
-2.935000e-04
-3.277500e-04
-3.400000e-04
-3.182500e-04
-2.862500e-04
-2.952500e-04
-3.327500e-04
-3.425000e-04
-3.297500e-04
-3.017500e-04
-2.985000e-04
-3.302500e-04
-3.392500e-04
-3.065000e-04
-2.805000e-04
-2.727500e-04
-3.085000e-04
-3.165000e-04
-3.002500e-04
-2.840000e-04
-2.917500e-04
-3.280000e-04
-3.457500e-04
-3.212500e-04
-2.802500e-04
-2.912500e-04
-3.167500e-04
-3.342500e-04
-3.055000e-04
-2.790000e-04
-2.777500e-04
-3.190000e-04
-3.367500e-04
-3.182500e-04
-2.987500e-04
-3.027500e-04
-3.307500e-04
-3.522500e-04
-3.257500e-04
-2.947500e-04
-2.902500e-04
-3.257500e-04
-3.397500e-04
-3.157500e-04
-2.757500e-04
-2.795000e-04
-3.130000e-04
-3.397500e-04
-3.157500e-04
-2.927500e-04
-3.112500e-04
-3.465000e-04
-3.667500e-04
-3.442500e-04
-3.120000e-04
-3.100000e-04
-3.390000e-04
-3.500000e-04
-3.230000e-04
-2.870000e-04
-2.887500e-04
-3.162500e-04
-3.265000e-04
-3.142500e-04
-2.777500e-04
-2.810000e-04
-3.140000e-04
-3.335000e-04
-3.120000e-04
-2.822500e-04
-2.897500e-04
-3.237500e-04
-3.440000e-04
-3.302500e-04
-2.987500e-04
-3.037500e-04
-3.405000e-04
-3.520000e-04
-3.372500e-04
-2.967500e-04
-2.980000e-04
-3.337500e-04
-3.495000e-04
-3.222500e-04
-2.900000e-04
-2.955000e-04
-3.322500e-04
-3.487500e-04
-3.390000e-04
-3.010000e-04
-3.042500e-04
-3.252500e-04
-3.500000e-04
-3.200000e-04
-2.850000e-04
-2.780000e-04
-3.135000e-04
-3.280000e-04
-3.022500e-04
-2.815000e-04
-2.805000e-04
-3.207500e-04
-3.400000e-04
-3.302500e-04
-2.950000e-04
-2.925000e-04
-3.250000e-04
-3.432500e-04
-3.142500e-04
-2.715000e-04
-2.725000e-04
-2.992500e-04
-3.190000e-04
-3.042500e-04
-2.680000e-04
-2.757500e-04
-3.097500e-04
-3.212500e-04
-3.122500e-04
-2.825000e-04
-2.822500e-04
-3.167500e-04
-3.420000e-04
-3.200000e-04
-2.865000e-04
-2.775000e-04
-3.072500e-04
-3.275000e-04
-3.045000e-04
-2.632500e-04
-2.767500e-04
-2.942500e-04
-3.162500e-04
-2.950000e-04
-2.625000e-04
-2.700000e-04
-3.045000e-04
-3.257500e-04
-3.092500e-04
-2.792500e-04
-2.775000e-04
-3.145000e-04
-3.357500e-04
-3.130000e-04
-2.872500e-04
-2.830000e-04
-3.152500e-04
-3.345000e-04
-3.210000e-04
-2.820000e-04
-2.827500e-04
-3.025000e-04
-3.175000e-04
-2.887500e-04
-2.597500e-04
-2.590000e-04
-2.907500e-04
-3.165000e-04
-2.997500e-04
-2.705000e-04
-2.730000e-04
-3.085000e-04
-3.305000e-04
-3.015000e-04
-2.705000e-04
-2.705000e-04
-2.962500e-04
-3.127500e-04
-2.947500e-04
-2.555000e-04
-2.615000e-04
-2.812500e-04
-3.162500e-04
-2.870000e-04
-2.612500e-04
-2.532500e-04
-2.885000e-04
-3.107500e-04
-2.935000e-04
-2.640000e-04
-2.657500e-04
-2.997500e-04
-3.282500e-04
-3.050000e-04
-2.767500e-04
-2.670000e-04
-2.960000e-04
-3.185000e-04
-2.972500e-04
-2.610000e-04
-2.490000e-04
-2.822500e-04
-3.142500e-04
-2.825000e-04
-2.495000e-04
-2.445000e-04
-2.790000e-04
-3.087500e-04
-3.027500e-04
-2.692500e-04
-2.715000e-04
-3.097500e-04
-3.317500e-04
-3.170000e-04
-2.812500e-04
-2.805000e-04
-3.100000e-04
-3.255000e-04
-3.117500e-04
-2.675000e-04
-2.712500e-04
-2.967500e-04
-3.202500e-04
-2.990000e-04
-2.735000e-04
-2.680000e-04
-2.997500e-04
-3.210000e-04
-3.005000e-04
-2.570000e-04
-2.600000e-04
-2.897500e-04
-3.100000e-04
-2.910000e-04
-2.542500e-04
-2.580000e-04
-2.902500e-04
-3.205000e-04
-3.015000e-04
-2.595000e-04
-2.702500e-04
-3.005000e-04
-3.275000e-04
-3.057500e-04
-2.797500e-04
-2.757500e-04
-3.032500e-04
-3.292500e-04
-3.122500e-04
-2.785000e-04
-2.687500e-04
-2.972500e-04
-3.197500e-04
-3.040000e-04
-2.655000e-04
-2.640000e-04
-2.865000e-04
-3.135000e-04
-2.992500e-04
-2.682500e-04
-2.662500e-04
-2.970000e-04
-3.130000e-04
-2.932500e-04
-2.630000e-04
-2.577500e-04
-2.967500e-04
-3.230000e-04
-3.052500e-04
-2.782500e-04
-2.760000e-04
-3.030000e-04
-3.237500e-04
-3.077500e-04
-2.705000e-04
-2.607500e-04
-2.947500e-04
-3.257500e-04
-3.075000e-04
-2.717500e-04
-2.675000e-04
-2.892500e-04
-3.205000e-04
-2.932500e-04
-2.670000e-04
-2.585000e-04
-2.870000e-04
-3.045000e-04
-2.975000e-04
-2.675000e-04
-2.647500e-04
-2.850000e-04
-3.067500e-04
-3.010000e-04
-2.645000e-04
-2.527500e-04
-2.845000e-04
-3.062500e-04
-2.860000e-04
-2.557500e-04
-2.572500e-04
-2.872500e-04
-3.265000e-04
-3.112500e-04
-2.787500e-04
-2.637500e-04
-2.875000e-04
-3.037500e-04
-2.835000e-04
-2.370000e-04
-2.390000e-04
-2.665000e-04
-3.012500e-04
-2.867500e-04
-2.605000e-04
-2.640000e-04
-3.022500e-04
-3.247500e-04
-3.190000e-04
-2.825000e-04
-2.690000e-04
-2.977500e-04
-3.092500e-04
-2.857500e-04
-2.600000e-04
-2.430000e-04
-2.850000e-04
-3.130000e-04
-2.992500e-04
-2.650000e-04
-2.655000e-04
-2.820000e-04
-3.035000e-04
-2.812500e-04
-2.562500e-04
-2.462500e-04
-2.680000e-04
-2.985000e-04
-2.827500e-04
-2.650000e-04
-2.662500e-04
-3.020000e-04
-3.332500e-04
-3.185000e-04
-2.737500e-04
-2.577500e-04
-2.887500e-04
-3.030000e-04
-2.850000e-04
-2.370000e-04
-2.392500e-04
-2.640000e-04
-2.917500e-04
-2.940000e-04
-2.617500e-04
-2.645000e-04
-2.925000e-04
-3.255000e-04
-3.062500e-04
-2.695000e-04
-2.512500e-04
-2.747500e-04
-2.995000e-04
-2.842500e-04
-2.387500e-04
-2.312500e-04
-2.662500e-04
-2.912500e-04
-2.832500e-04
-2.490000e-04
-2.455000e-04
-2.802500e-04
-3.052500e-04
-2.960000e-04
-2.545000e-04
-2.485000e-04
-2.810000e-04
-2.980000e-04
-2.872500e-04
-2.582500e-04
-2.367500e-04
-2.725000e-04
-2.960000e-04
-2.947500e-04
-2.630000e-04
-2.615000e-04
-2.850000e-04
-3.195000e-04
-3.002500e-04
-2.600000e-04
-2.450000e-04
-2.802500e-04
-2.980000e-04
-2.812500e-04
-2.435000e-04
-2.297500e-04
-2.612500e-04
-2.855000e-04
-2.682500e-04
-2.445000e-04
-2.400000e-04
-2.627500e-04
-2.892500e-04
-2.745000e-04
-2.340000e-04
-2.300000e-04
-2.485000e-04
-2.825000e-04
-2.677500e-04
-2.360000e-04
