   2.2060000e+00   9.0300000e-01
   9.1400000e+00   7.9700000e-01
   1.7664000e+01   7.9300000e-01
   2.5852000e+01   9.9400000e-01
   3.3369000e+01   1.0570000e+00
   4.0094000e+01   8.4600000e-01
   4.7185000e+01   7.2700000e-01
   5.5017000e+01   1.0030000e+00
   6.2486000e+01   1.1110000e+00
   6.9399000e+01   8.3800000e-01
   7.7499000e+01   7.6000000e-01
   8.4947000e+01   8.1000000e-01
   9.2129000e+01   9.8300000e-01
   9.8861000e+01   8.1100000e-01
   1.0645600e+02   7.5000000e-01
   1.1364300e+02   9.2100000e-01
   1.2043500e+02   1.0980000e+00
   1.2702500e+02   7.1800000e-01
   1.3461700e+02   8.4100000e-01
   1.4108600e+02   9.9800000e-01
   1.4786100e+02   7.3700000e-01
   1.5563400e+02   8.3700000e-01
   1.6226800e+02   8.6400000e-01
   1.6847000e+02   7.6200000e-01
   1.7596000e+02   7.7100000e-01
   1.8259200e+02   9.3600000e-01
   1.8882600e+02   7.1800000e-01
   1.9635200e+02   7.9200000e-01
   2.0267600e+02   7.8700000e-01
   2.0862700e+02   7.7100000e-01
   2.1489100e+02   7.0300000e-01
   2.2033900e+02   7.5100000e-01
   2.2649400e+02   7.4400000e-01
   2.3311400e+02   9.8000000e-01
   2.3974400e+02   1.1700000e+00
   2.4735600e+02   7.4100000e-01
   2.5493100e+02   9.3000000e-01
   2.6195800e+02   1.0060000e+00
   2.6848500e+02   7.6200000e-01
   2.7654200e+02   7.7100000e-01
   2.8431100e+02   1.0090000e+00
   2.9195300e+02   1.0660000e+00
   2.9917400e+02   8.3900000e-01
