   2.9140000e+00   1.0630000e+00
   1.0346000e+01   7.4900000e-01
   1.7901000e+01   7.0900000e-01
   2.5407000e+01   7.4800000e-01
   3.2987000e+01   8.7400000e-01
   3.9841000e+01   1.0680000e+00
   4.6435000e+01   1.0440000e+00
   5.2607000e+01   6.6700000e-01
   6.0793000e+01   7.0400000e-01
   6.8794000e+01   7.8200000e-01
   7.6890000e+01   8.6100000e-01
   8.5020000e+01   8.9700000e-01
   9.3252000e+01   9.8800000e-01
   1.0097600e+02   9.9700000e-01
   1.0848800e+02   1.2180000e+00
   1.1570800e+02   1.2980000e+00
   1.2314900e+02   1.3020000e+00
   1.3016700e+02   7.2600000e-01
   1.3809900e+02   7.0000000e-01
   1.4604500e+02   7.5100000e-01
   1.5354400e+02   8.0000000e-01
   1.6125200e+02   1.0380000e+00
   1.6848300e+02   1.1610000e+00
   1.7530500e+02   1.2110000e+00
   1.8223200e+02   8.3200000e-01
   1.8967100e+02   7.6500000e-01
   1.9610400e+02   6.8900000e-01
   2.0278400e+02   9.6600000e-01
   2.0886700e+02   9.3900000e-01
   2.1526500e+02   6.7500000e-01
   2.2204600e+02   7.6900000e-01
   2.2904300e+02   8.5900000e-01
   2.3555100e+02   1.0550000e+00
   2.4232500e+02   1.0290000e+00
   2.4909500e+02   7.0100000e-01
   2.5605600e+02   6.9400000e-01
   2.6276700e+02   8.4500000e-01
   2.6884400e+02   8.6000000e-01
   2.7441400e+02   7.2500000e-01
   2.8042200e+02   6.7000000e-01
   2.8730000e+02   7.1500000e-01
   2.9404000e+02   7.0900000e-01
