   1.7900000e+00   1.1190000e+00
   1.0183000e+01   9.5400000e-01
   1.8789000e+01   9.6900000e-01
   2.7244000e+01   9.7900000e-01
   3.5439000e+01   1.0090000e+00
   4.3304000e+01   1.0380000e+00
   5.1171000e+01   1.0550000e+00
   5.9104000e+01   1.0270000e+00
   6.7055000e+01   1.0020000e+00
   7.5224000e+01   9.5800000e-01
   8.3522000e+01   9.5700000e-01
   9.1832000e+01   1.0060000e+00
   1.0016500e+02   1.0160000e+00
   1.0853500e+02   1.0520000e+00
   1.1681400e+02   1.1250000e+00
   1.2518800e+02   1.0820000e+00
   1.3326300e+02   1.0630000e+00
   1.4120900e+02   1.0240000e+00
   1.4915200e+02   9.7200000e-01
   1.5733300e+02   9.4000000e-01
   1.6545500e+02   9.3400000e-01
   1.7348500e+02   9.7400000e-01
   1.8119400e+02   1.0080000e+00
   1.8902200e+02   1.0360000e+00
   1.9696200e+02   1.0800000e+00
   2.0474400e+02   9.5400000e-01
   2.1238000e+02   8.8300000e-01
   2.2037400e+02   9.4600000e-01
   2.2815500e+02   9.8000000e-01
   2.3597700e+02   1.0090000e+00
   2.4354400e+02   9.7800000e-01
   2.5097400e+02   9.7700000e-01
   2.5862500e+02   8.7900000e-01
   2.6647400e+02   9.0400000e-01
   2.7402500e+02   9.6700000e-01
   2.8162500e+02   1.0120000e+00
   2.8928900e+02   1.0090000e+00
   2.9677000e+02   9.6200000e-01
