   2.9260000e+00   9.5900000e-01
   1.0747000e+01   9.3400000e-01
   1.8602000e+01   9.0800000e-01
   2.6356000e+01   9.0500000e-01
   3.4071000e+01   9.0200000e-01
   4.1633000e+01   9.8300000e-01
   4.9165000e+01   9.7900000e-01
   5.6545000e+01   9.6000000e-01
   6.3761000e+01   9.4800000e-01
   7.1106000e+01   9.2300000e-01
   7.8679000e+01   9.1500000e-01
   8.6384000e+01   8.7200000e-01
   9.3999000e+01   9.3000000e-01
   1.0164900e+02   9.8400000e-01
   1.0926500e+02   9.8600000e-01
   1.1684100e+02   9.9200000e-01
   1.2442600e+02   9.7900000e-01
   1.3194200e+02   9.7700000e-01
   1.3949300e+02   9.1000000e-01
   1.4696300e+02   8.9100000e-01
   1.5449700e+02   8.7900000e-01
   1.6199600e+02   9.1700000e-01
   1.6933700e+02   9.6600000e-01
   1.7669000e+02   9.6600000e-01
   1.8403300e+02   9.7400000e-01
   1.9145600e+02   9.3500000e-01
   1.9894200e+02   8.8800000e-01
   2.0638100e+02   8.1800000e-01
   2.1371900e+02   8.9900000e-01
   2.2112600e+02   9.4900000e-01
   2.2858800e+02   9.5800000e-01
   2.3576600e+02   9.5300000e-01
   2.4309900e+02   9.2400000e-01
   2.5033700e+02   8.7000000e-01
   2.5820600e+02   8.8900000e-01
   2.6548400e+02   8.4500000e-01
   2.7271800e+02   9.4100000e-01
   2.7992900e+02   9.3900000e-01
   2.8710500e+02   9.3800000e-01
   2.9426900e+02   9.0100000e-01
