   2.7310000e+00   7.6800000e-01
   8.8950000e+00   9.4500000e-01
   1.5404000e+01   7.1400000e-01
   2.1864000e+01   8.7800000e-01
   2.8199000e+01   8.6100000e-01
   3.5461000e+01   7.9800000e-01
   4.2550000e+01   9.3000000e-01
   4.9119000e+01   8.3600000e-01
   5.6313000e+01   8.5700000e-01
   6.3059000e+01   9.4300000e-01
   6.9879000e+01   7.5100000e-01
   7.6881000e+01   8.7100000e-01
   8.3211000e+01   8.9000000e-01
   9.0311000e+01   7.8800000e-01
   9.7027000e+01   9.0600000e-01
   1.0364400e+02   8.5200000e-01
   1.1099600e+02   8.5800000e-01
   1.1790900e+02   9.4600000e-01
   1.2417200e+02   7.7500000e-01
   1.3146100e+02   8.7900000e-01
   1.3814200e+02   9.3300000e-01
   1.4525800e+02   7.6500000e-01
   1.5233200e+02   8.9300000e-01
   1.5896600e+02   9.3600000e-01
   1.6612600e+02   8.0400000e-01
   1.7269500e+02   9.2000000e-01
   1.7925000e+02   7.9200000e-01
   1.8645400e+02   8.4600000e-01
   1.9301400e+02   9.1500000e-01
   1.9969300e+02   7.3100000e-01
   2.0634700e+02   8.5500000e-01
   2.1239000e+02   7.1200000e-01
   2.1858700e+02   8.0000000e-01
   2.2476200e+02   8.6400000e-01
   2.3156600e+02   7.9000000e-01
   2.3830700e+02   9.0200000e-01
   2.4483000e+02   7.8100000e-01
   2.5161700e+02   8.3900000e-01
   2.5781400e+02   8.4000000e-01
   2.6440700e+02   7.4900000e-01
   2.7054200e+02   8.2800000e-01
   2.7659800e+02   7.0700000e-01
   2.8293800e+02   7.9300000e-01
   2.8889100e+02   7.5500000e-01
   2.9553600e+02   8.1900000e-01
