   2.1960000e+00   5.1600000e-01
   7.1670000e+00   3.7600000e-01
   1.3575000e+01   4.7300000e-01
   1.9597000e+01   5.8500000e-01
   2.7313000e+01   1.7460000e+00
   3.5632000e+01   1.1560000e+00
   4.5243000e+01   8.3000000e-01
   5.2437000e+01   8.6600000e-01
   6.0226000e+01   9.5400000e-01
   6.8621000e+01   1.1790000e+00
   7.9365000e+01   1.1260000e+00
   8.8839000e+01   1.4820000e+00
   9.6961000e+01   9.7500000e-01
   1.0686900e+02   9.4700000e-01
   1.1287300e+02   6.4200000e-01
   1.2122100e+02   1.2890000e+00
   1.3161200e+02   1.4340000e+00
   1.3957900e+02   1.1510000e+00
   1.4778800e+02   9.1100000e-01
   1.5498100e+02   8.2400000e-01
   1.6347200e+02   9.6000000e-01
   1.7174000e+02   9.5800000e-01
   1.7990300e+02   9.2800000e-01
   1.8817700e+02   9.6200000e-01
   1.9666000e+02   1.0070000e+00
   2.0502800e+02   1.0070000e+00
   2.1287200e+02   8.6400000e-01
   2.2123800e+02   1.0450000e+00
   2.2949200e+02   1.0790000e+00
   2.3762900e+02   1.0870000e+00
   2.4567400e+02   1.0700000e+00
   2.5406500e+02   1.0740000e+00
   2.6208000e+02   1.1140000e+00
   2.6982200e+02   1.0300000e+00
   2.7711500e+02   9.8100000e-01
   2.8443100e+02   9.1400000e-01
   2.9214000e+02   8.2800000e-01
   2.9986900e+02   8.6900000e-01
