   1.5650000e+00   8.6500000e-01
   9.2960000e+00   1.1880000e+00
   1.7756000e+01   8.3400000e-01
   2.6347000e+01   1.1870000e+00
   3.4444000e+01   1.2500000e+00
   4.2712000e+01   7.9800000e-01
   5.1555000e+01   1.0870000e+00
   5.9323000e+01   1.1660000e+00
   6.7149000e+01   8.3700000e-01
   7.5837000e+01   9.8600000e-01
   8.3361000e+01   1.1510000e+00
   9.0979000e+01   7.7200000e-01
   9.9775000e+01   1.0330000e+00
   1.0770800e+02   1.1680000e+00
   1.1528400e+02   7.8400000e-01
   1.2405800e+02   1.0390000e+00
   1.3158700e+02   1.1280000e+00
   1.3913500e+02   7.6100000e-01
   1.4748600e+02   1.0300000e+00
   1.5506500e+02   1.1460000e+00
   1.6289100e+02   7.4700000e-01
   1.7071700e+02   1.0620000e+00
   1.7757800e+02   9.8900000e-01
   1.8523800e+02   8.0200000e-01
   1.9310000e+02   1.0560000e+00
   2.0038700e+02   9.2200000e-01
   2.0879200e+02   9.1800000e-01
   2.1656600e+02   1.0680000e+00
   2.2385000e+02   9.2400000e-01
   2.3272700e+02   9.9200000e-01
   2.4067000e+02   1.0940000e+00
   2.4837400e+02   1.1450000e+00
   2.5692500e+02   9.2600000e-01
   2.6486800e+02   1.1220000e+00
   2.7227500e+02   8.8300000e-01
   2.8056800e+02   9.2600000e-01
   2.8824600e+02   1.1220000e+00
   2.9538700e+02   7.6400000e-01
