   2.8200000e+00   1.2780000e+00
   1.2651000e+01   1.2230000e+00
   2.1316000e+01   9.0900000e-01
   3.0749000e+01   1.1770000e+00
   3.9659000e+01   1.3310000e+00
   4.8761000e+01   1.0090000e+00
   5.8035000e+01   1.0490000e+00
   6.7157000e+01   1.2470000e+00
   7.5806000e+01   1.0610000e+00
   8.5058000e+01   1.2130000e+00
   9.4463000e+01   1.2350000e+00
   1.0365300e+02   1.0500000e+00
   1.1306100e+02   1.1610000e+00
   1.2216900e+02   1.2500000e+00
   1.3079800e+02   9.1100000e-01
   1.3986200e+02   1.2340000e+00
   1.4900000e+02   1.1660000e+00
   1.5862100e+02   1.1960000e+00
   1.6775000e+02   1.1580000e+00
   1.7665100e+02   1.2550000e+00
   1.8544600e+02   1.1320000e+00
   1.9476600e+02   1.2050000e+00
   2.0407300e+02   1.1780000e+00
   2.1364900e+02   1.1200000e+00
   2.2332100e+02   1.2400000e+00
   2.3292900e+02   1.2640000e+00
   2.4248600e+02   1.2370000e+00
   2.5183900e+02   1.2720000e+00
   2.6086200e+02   1.0430000e+00
   2.6992200e+02   1.1470000e+00
   2.7927700e+02   1.2370000e+00
   2.8841100e+02   1.2640000e+00
   2.9787100e+02   1.0710000e+00
