   2.9610000e+00   1.0860000e+00
   1.1357000e+01   1.0740000e+00
   1.9747000e+01   1.0270000e+00
   2.8523000e+01   1.1010000e+00
   3.6992000e+01   1.0850000e+00
   4.5606000e+01   1.0630000e+00
   5.4128000e+01   1.0680000e+00
   6.2643000e+01   1.1100000e+00
   7.1237000e+01   1.0460000e+00
   7.9911000e+01   1.0250000e+00
   8.8279000e+01   1.0920000e+00
   9.6284000e+01   1.0170000e+00
   1.0465500e+02   1.1090000e+00
   1.1352300e+02   1.0800000e+00
   1.2149000e+02   9.8200000e-01
   1.2911800e+02   1.0100000e+00
   1.3774600e+02   1.1270000e+00
   1.4645100e+02   1.1030000e+00
   1.5504100e+02   1.1010000e+00
   1.6352100e+02   1.0800000e+00
   1.7179100e+02   1.1040000e+00
   1.8039600e+02   1.0520000e+00
   1.8889300e+02   1.0260000e+00
   1.9733300e+02   1.1260000e+00
   2.0577900e+02   1.0420000e+00
   2.1447700e+02   1.0290000e+00
   2.2266000e+02   1.0860000e+00
   2.3120500e+02   1.0860000e+00
   2.4003000e+02   1.0870000e+00
   2.4881900e+02   1.0680000e+00
   2.5745800e+02   1.0800000e+00
   2.6584400e+02   1.2230000e+00
   2.7418800e+02   1.0210000e+00
   2.8254300e+02   1.0770000e+00
   2.9105200e+02   1.0470000e+00
   2.9962700e+02   1.0900000e+00
