   1.3280000e+00   7.8900000e-01
   7.5510000e+00   8.1500000e-01
   1.4039000e+01   7.6300000e-01
   2.0505000e+01   7.9400000e-01
   2.6801000e+01   8.1600000e-01
   3.3086000e+01   7.6600000e-01
   3.9777000e+01   7.8600000e-01
   4.6198000e+01   8.3800000e-01
   5.2602000e+01   7.7100000e-01
   5.8923000e+01   7.5200000e-01
   6.5396000e+01   8.5200000e-01
   7.1905000e+01   8.2200000e-01
   7.8367000e+01   7.8400000e-01
   8.4704000e+01   8.2200000e-01
   9.1225000e+01   8.2300000e-01
   9.7865000e+01   8.3200000e-01
   1.0456900e+02   7.6800000e-01
   1.1080800e+02   8.0600000e-01
   1.1720500e+02   7.9000000e-01
   1.2358700e+02   7.6100000e-01
   1.3005900e+02   8.1700000e-01
   1.3650200e+02   8.0800000e-01
   1.4278100e+02   7.4000000e-01
   1.4925600e+02   8.3800000e-01
   1.5586400e+02   8.1400000e-01
   1.6211100e+02   7.3800000e-01
   1.6840100e+02   7.6900000e-01
   1.7454600e+02   7.9200000e-01
   1.8100100e+02   8.0700000e-01
   1.8778000e+02   7.7200000e-01
   1.9395700e+02   7.6400000e-01
   2.0007600e+02   7.6100000e-01
   2.0643300e+02   7.5400000e-01
   2.1269500e+02   7.9100000e-01
   2.1873000e+02   7.6400000e-01
   2.2482400e+02   7.5000000e-01
   2.3121600e+02   8.1800000e-01
   2.3755100e+02   7.9700000e-01
   2.4384100e+02   7.7000000e-01
   2.5040500e+02   8.2600000e-01
   2.5673200e+02   8.7000000e-01
   2.6300100e+02   7.6000000e-01
   2.6952300e+02   8.0800000e-01
   2.7612600e+02   8.1500000e-01
   2.8235800e+02   7.4400000e-01
   2.8865300e+02   7.8500000e-01
   2.9479200e+02   7.8300000e-01
