   2.0370000e+00   7.5600000e-01
   8.4080000e+00   9.1700000e-01
   1.4947000e+01   7.2000000e-01
   2.1827000e+01   8.5900000e-01
   2.8120000e+01   8.7400000e-01
   3.4973000e+01   7.4700000e-01
   4.1721000e+01   9.1000000e-01
   4.8115000e+01   7.6500000e-01
   5.5011000e+01   8.3200000e-01
   6.1173000e+01   8.8700000e-01
   6.8121000e+01   7.5000000e-01
   7.4770000e+01   9.0800000e-01
   8.1100000e+01   7.3600000e-01
   8.8196000e+01   8.5000000e-01
   9.4678000e+01   8.7900000e-01
   1.0106600e+02   7.0300000e-01
   1.0777900e+02   9.1800000e-01
   1.1415800e+02   7.8800000e-01
   1.2127500e+02   8.2400000e-01
   1.2775600e+02   8.9600000e-01
   1.3436400e+02   7.3600000e-01
   1.4128000e+02   8.9700000e-01
   1.4742500e+02   8.3100000e-01
   1.5435600e+02   7.6800000e-01
   1.6084100e+02   8.9800000e-01
   1.6733200e+02   7.3400000e-01
   1.7416600e+02   8.8500000e-01
   1.8051200e+02   8.6500000e-01
   1.8764000e+02   8.1100000e-01
   1.9434000e+02   8.7500000e-01
   2.0040300e+02   7.3100000e-01
   2.0714300e+02   8.2500000e-01
   2.1335500e+02   8.6000000e-01
   2.2018400e+02   7.4800000e-01
   2.2654300e+02   8.7900000e-01
   2.3301300e+02   7.6500000e-01
   2.3988000e+02   8.1600000e-01
   2.4600400e+02   8.5800000e-01
   2.5270700e+02   7.3800000e-01
   2.5912400e+02   8.6900000e-01
   2.6536600e+02   7.3400000e-01
   2.7224400e+02   8.7500000e-01
   2.7825800e+02   8.2300000e-01
   2.8527600e+02   7.8000000e-01
   2.9193700e+02   9.0600000e-01
   2.9820900e+02   7.3000000e-01
