   2.2800000e+00   8.7200000e-01
   9.3540000e+00   8.0800000e-01
   1.5966000e+01   7.4800000e-01
   2.2084000e+01   7.2900000e-01
   2.8098000e+01   7.8400000e-01
   3.3688000e+01   6.9800000e-01
   4.0096000e+01   6.9700000e-01
   4.5947000e+01   7.7800000e-01
   5.1550000e+01   6.7700000e-01
   5.7792000e+01   7.3400000e-01
   6.3774000e+01   9.0100000e-01
   7.0167000e+01   7.3200000e-01
   7.6329000e+01   7.1400000e-01
   8.1966000e+01   7.6000000e-01
   8.7576000e+01   7.0600000e-01
   9.3726000e+01   8.5500000e-01
   9.9574000e+01   7.0900000e-01
   1.0542100e+02   6.9100000e-01
   1.1131500e+02   7.3900000e-01
   1.1670500e+02   6.8700000e-01
   1.2273300e+02   7.1200000e-01
   1.2867300e+02   8.4600000e-01
   1.3457500e+02   6.6500000e-01
   1.4031100e+02   7.5000000e-01
   1.4601500e+02   7.4100000e-01
   1.5167000e+02   6.9200000e-01
   1.5770800e+02   7.8500000e-01
   1.6335800e+02   7.0100000e-01
   1.6953200e+02   7.4900000e-01
   1.7542900e+02   7.6500000e-01
   1.8089400e+02   6.5100000e-01
   1.8693900e+02   7.6900000e-01
   1.9267500e+02   7.5500000e-01
   1.9834800e+02   6.7000000e-01
   2.0400600e+02   7.3700000e-01
   2.0973600e+02   6.9600000e-01
   2.1568500e+02   7.1300000e-01
   2.2157200e+02   7.7700000e-01
   2.2728600e+02   6.7100000e-01
   2.3315400e+02   7.8200000e-01
   2.3874300e+02   7.4300000e-01
   2.4432600e+02   6.8000000e-01
   2.5040300e+02   7.4400000e-01
   2.5596400e+02   6.9000000e-01
   2.6192300e+02   7.3400000e-01
   2.6777000e+02   7.6200000e-01
   2.7356600e+02   6.8900000e-01
   2.7944200e+02   7.3100000e-01
   2.8514800e+02   7.4400000e-01
   2.9089000e+02   6.8800000e-01
   2.9637200e+02   7.0200000e-01
