   2.0100000e+00   8.8900000e-01
   8.9460000e+00   8.5400000e-01
   1.5955000e+01   9.6700000e-01
   2.2785000e+01   8.0500000e-01
   3.0078000e+01   8.5500000e-01
   3.6923000e+01   8.7300000e-01
   4.3167000e+01   8.2900000e-01
   5.0121000e+01   7.7300000e-01
   5.7262000e+01   9.8700000e-01
   6.4186000e+01   9.1200000e-01
   7.1308000e+01   7.9400000e-01
   7.8379000e+01   8.6400000e-01
   8.5114000e+01   9.6400000e-01
   9.1971000e+01   7.6600000e-01
   9.9284000e+01   8.4700000e-01
   1.0594900e+02   9.5500000e-01
   1.1290200e+02   8.3300000e-01
   1.2012400e+02   8.3100000e-01
   1.2712400e+02   9.5600000e-01
   1.3402600e+02   9.4800000e-01
   1.4142700e+02   8.1400000e-01
   1.4873500e+02   9.0100000e-01
   1.5563400e+02   9.5900000e-01
   1.6250900e+02   8.0200000e-01
   1.6975000e+02   8.3300000e-01
   1.7668800e+02   9.2800000e-01
   1.8313100e+02   7.3700000e-01
   1.9026700e+02   8.3000000e-01
   1.9734900e+02   9.5900000e-01
   2.0415500e+02   9.2400000e-01
   2.1131800e+02   7.9900000e-01
   2.1843000e+02   8.5900000e-01
   2.2511000e+02   9.1100000e-01
   2.3169300e+02   7.4800000e-01
   2.3900600e+02   9.1700000e-01
   2.4581900e+02   8.9200000e-01
   2.5226600e+02   7.5000000e-01
   2.5949900e+02   8.4000000e-01
   2.6629000e+02   9.2800000e-01
   2.7285600e+02   8.1800000e-01
   2.7963300e+02   7.7900000e-01
   2.8631800e+02   9.6900000e-01
   2.9326700e+02   8.5800000e-01
   3.0036200e+02   7.9800000e-01
