   2.8790000e+00   1.0800000e+00
   1.1499000e+01   1.0260000e+00
   1.9823000e+01   1.1370000e+00
   2.8120000e+01   9.2800000e-01
   3.6181000e+01   8.8700000e-01
   4.4550000e+01   1.0100000e+00
   5.2763000e+01   1.0670000e+00
   6.1225000e+01   1.1130000e+00
   7.0243000e+01   1.0280000e+00
   7.8871000e+01   1.1850000e+00
   8.7528000e+01   1.1760000e+00
   9.6880000e+01   1.2000000e+00
   1.0577900e+02   1.1450000e+00
   1.1477800e+02   1.0390000e+00
   1.2362300e+02   1.1970000e+00
   1.3294000e+02   1.2470000e+00
   1.4187700e+02   1.1960000e+00
   1.5103000e+02   1.2570000e+00
   1.6015000e+02   1.1740000e+00
   1.6909900e+02   1.0010000e+00
   1.7785000e+02   1.1970000e+00
   1.8696500e+02   1.2130000e+00
   1.9595700e+02   1.0850000e+00
   2.0470600e+02   1.0730000e+00
   2.1376900e+02   1.2130000e+00
   2.2304900e+02   1.2040000e+00
   2.3199500e+02   1.0900000e+00
   2.4106600e+02   1.1430000e+00
   2.5031100e+02   1.1570000e+00
   2.5961900e+02   1.2240000e+00
   2.6872900e+02   1.1280000e+00
   2.7726200e+02   1.2210000e+00
   2.8637500e+02   1.1680000e+00
   2.9587200e+02   1.1480000e+00
