   2.2250000e+00   9.7300000e-01
   1.0456000e+01   9.9000000e-01
   1.9090000e+01   1.0250000e+00
   2.8497000e+01   1.2080000e+00
   3.8576000e+01   1.3500000e+00
   4.8063000e+01   1.1110000e+00
   5.6556000e+01   1.0680000e+00
   6.5228000e+01   1.0940000e+00
   7.3976000e+01   1.1160000e+00
   8.2513000e+01   1.0460000e+00
   9.0196000e+01   9.8500000e-01
   9.8038000e+01   9.2900000e-01
   1.0694800e+02   1.2240000e+00
   1.1541400e+02   1.0750000e+00
   1.2376300e+02   1.0990000e+00
   1.3274400e+02   1.2050000e+00
   1.4168900e+02   1.0050000e+00
   1.5081600e+02   1.1330000e+00
   1.5992400e+02   1.2280000e+00
   1.6858700e+02   1.0260000e+00
   1.7721200e+02   1.0460000e+00
   1.8580900e+02   1.1090000e+00
   1.9410700e+02   9.8300000e-01
   2.0170800e+02   9.0700000e-01
   2.0977300e+02   1.1380000e+00
   2.1819700e+02   1.0470000e+00
   2.2649700e+02   1.0460000e+00
   2.3409800e+02   9.4200000e-01
   2.4220000e+02   9.2800000e-01
   2.5071500e+02   9.5100000e-01
   2.5932400e+02   1.0330000e+00
   2.6789000e+02   1.1750000e+00
   2.7672500e+02   1.1300000e+00
   2.8546400e+02   1.1650000e+00
   2.9423800e+02   9.8800000e-01
