   1.0990000e+00   1.0630000e+00
   9.5690000e+00   1.1560000e+00
   1.8240000e+01   1.1540000e+00
   2.6609000e+01   1.1270000e+00
   3.4888000e+01   1.1160000e+00
   4.3033000e+01   1.1320000e+00
   5.1270000e+01   1.0660000e+00
   5.9057000e+01   9.8800000e-01
   6.6639000e+01   9.2100000e-01
   7.4131000e+01   8.6000000e-01
   8.1656000e+01   8.7600000e-01
   8.9188000e+01   9.2200000e-01
   9.6851000e+01   9.5800000e-01
   1.0449500e+02   9.9800000e-01
   1.1223500e+02   1.0500000e+00
   1.2006300e+02   1.0220000e+00
   1.2795700e+02   1.0520000e+00
   1.3579300e+02   1.0230000e+00
   1.4360300e+02   9.5200000e-01
   1.5152600e+02   9.2300000e-01
   1.5955400e+02   9.1600000e-01
   1.6759600e+02   9.1500000e-01
   1.7561500e+02   9.4100000e-01
   1.8365600e+02   9.4300000e-01
   1.9150600e+02   9.6900000e-01
   1.9943500e+02   1.0060000e+00
   2.0726000e+02   1.0420000e+00
   2.1503500e+02   1.0340000e+00
   2.2270900e+02   1.0070000e+00
   2.3047200e+02   1.0240000e+00
   2.3805000e+02   9.6000000e-01
   2.4566000e+02   8.7800000e-01
   2.5340100e+02   9.0700000e-01
   2.6100000e+02   8.8200000e-01
   2.6865500e+02   9.4300000e-01
   2.7664500e+02   1.0080000e+00
   2.8478800e+02   1.0550000e+00
   2.9261300e+02   1.0330000e+00
   3.0053800e+02   1.0640000e+00
