   2.0940000e+00   9.8100000e-01
   9.7950000e+00   9.1400000e-01
   1.7752000e+01   9.7700000e-01
   2.5158000e+01   9.7800000e-01
   3.2652000e+01   9.6600000e-01
   4.0005000e+01   9.0700000e-01
   4.7514000e+01   8.7300000e-01
   5.5247000e+01   9.3800000e-01
   6.2823000e+01   9.8100000e-01
   7.0190000e+01   9.2300000e-01
   7.7271000e+01   9.5600000e-01
   8.5069000e+01   8.6800000e-01
   9.2378000e+01   9.1400000e-01
   1.0017900e+02   9.9100000e-01
   1.0774800e+02   1.0750000e+00
   1.1557100e+02   9.6400000e-01
   1.2313900e+02   9.6500000e-01
   1.3081500e+02   8.9500000e-01
   1.3877400e+02   9.5300000e-01
   1.4628900e+02   9.4300000e-01
   1.5405500e+02   1.0060000e+00
   1.6173600e+02   9.9300000e-01
   1.6936000e+02   9.4700000e-01
   1.7702400e+02   8.8500000e-01
   1.8460100e+02   9.0900000e-01
   1.9209400e+02   9.5900000e-01
   1.9959000e+02   9.2300000e-01
   2.0691700e+02   9.6000000e-01
   2.1419600e+02   8.8700000e-01
   2.2165500e+02   8.7500000e-01
   2.2918100e+02   9.9000000e-01
   2.3645300e+02   9.3400000e-01
   2.4387700e+02   9.5000000e-01
   2.5122500e+02   9.0600000e-01
   2.5881200e+02   8.7000000e-01
   2.6634100e+02   9.9400000e-01
   2.7365900e+02   9.1900000e-01
   2.8109800e+02   1.0200000e+00
   2.8868800e+02   9.1200000e-01
   2.9624900e+02   9.1300000e-01
