   2.3850000e+00   1.0540000e+00
   1.1378000e+01   1.0800000e+00
   1.9886000e+01   1.0650000e+00
   2.8809000e+01   1.0690000e+00
   3.7756000e+01   1.1810000e+00
   4.6875000e+01   1.1460000e+00
   5.6156000e+01   1.1900000e+00
   6.5193000e+01   1.1190000e+00
   7.4052000e+01   1.0440000e+00
   8.2725000e+01   1.1090000e+00
   9.2116000e+01   1.1640000e+00
   1.0115000e+02   1.1210000e+00
   1.1018300e+02   1.0700000e+00
   1.1913200e+02   1.1650000e+00
   1.2828700e+02   1.1470000e+00
   1.3731200e+02   1.0850000e+00
   1.4607500e+02   1.1010000e+00
   1.5499200e+02   1.1060000e+00
   1.6414100e+02   1.1650000e+00
   1.7307400e+02   1.1470000e+00
   1.8214700e+02   1.1310000e+00
   1.9129600e+02   1.1640000e+00
   2.0039100e+02   1.1250000e+00
   2.0913600e+02   1.0630000e+00
   2.1818800e+02   1.1650000e+00
   2.2696000e+02   9.9900000e-01
   2.3572800e+02   1.1070000e+00
   2.4461800e+02   1.1510000e+00
   2.5312100e+02   1.0450000e+00
   2.6192400e+02   1.0930000e+00
   2.7095700e+02   1.1680000e+00
   2.7978300e+02   1.0420000e+00
   2.8826800e+02   1.0670000e+00
   2.9720400e+02   1.1990000e+00
