   2.1630000e+00   7.1200000e-01
   9.3790000e+00   9.0500000e-01
   1.5683000e+01   7.2300000e-01
   2.3153000e+01   8.6200000e-01
   2.9848000e+01   9.8100000e-01
   3.6699000e+01   6.9500000e-01
   4.2878000e+01   8.1900000e-01
   4.8584000e+01   6.7000000e-01
   5.4141000e+01   6.5900000e-01
   5.9526000e+01   6.7700000e-01
   6.5388000e+01   9.0400000e-01
   7.1680000e+01   7.6200000e-01
   7.8626000e+01   9.4300000e-01
   8.5068000e+01   7.6800000e-01
   9.1858000e+01   7.8100000e-01
   9.7950000e+01   7.2200000e-01
   1.0378400e+02   7.4900000e-01
   1.0967200e+02   8.2500000e-01
   1.1610000e+02   7.4100000e-01
   1.2274400e+02   7.5500000e-01
   1.2875700e+02   7.4900000e-01
   1.3479100e+02   7.3200000e-01
   1.4045300e+02   6.7000000e-01
   1.4601700e+02   7.3400000e-01
   1.5324400e+02   7.2000000e-01
   1.5926200e+02   9.0500000e-01
   1.6565500e+02   7.2800000e-01
   1.7124200e+02   7.5700000e-01
   1.7801400e+02   7.2700000e-01
   1.8385400e+02   8.6900000e-01
   1.9012000e+02   7.1000000e-01
   1.9593900e+02   9.6500000e-01
   2.0256800e+02   7.5000000e-01
   2.0855200e+02   8.9200000e-01
   2.1504900e+02   7.3200000e-01
   2.2130200e+02   9.2700000e-01
   2.2792800e+02   7.0900000e-01
   2.3558300e+02   1.0090000e+00
   2.4177900e+02   7.7000000e-01
   2.4912300e+02   7.0900000e-01
   2.5513900e+02   1.0210000e+00
   2.6224900e+02   7.6500000e-01
   2.6847200e+02   1.0890000e+00
   2.7508300e+02   7.2900000e-01
   2.8167800e+02   7.4500000e-01
   2.8865300e+02   8.4900000e-01
   2.9569200e+02   7.8500000e-01
