   2.4800000e+00   8.1300000e-01
   9.7040000e+00   1.0110000e+00
   1.5501000e+01   7.7400000e-01
   2.3068000e+01   7.3500000e-01
   3.1025000e+01   8.6300000e-01
   3.8491000e+01   1.2230000e+00
   4.5848000e+01   1.0650000e+00
   5.2469000e+01   6.2400000e-01
   6.0675000e+01   8.4800000e-01
   6.8274000e+01   1.0360000e+00
   7.5437000e+01   1.1250000e+00
   8.2630000e+01   6.6500000e-01
   9.1007000e+01   7.8700000e-01
   9.9067000e+01   1.0120000e+00
   1.0589400e+02   1.0090000e+00
   1.1260400e+02   7.3000000e-01
   1.2066500e+02   6.9300000e-01
   1.2838200e+02   1.0630000e+00
   1.3492800e+02   9.8500000e-01
   1.4196200e+02   6.9100000e-01
   1.4980200e+02   8.2500000e-01
   1.5680200e+02   1.0550000e+00
   1.6318800e+02   7.9600000e-01
   1.7131400e+02   7.3300000e-01
   1.7921300e+02   8.8900000e-01
   1.8639600e+02   1.1550000e+00
   1.9311000e+02   7.3300000e-01
   2.0124600e+02   7.3200000e-01
   2.0853600e+02   1.0420000e+00
   2.1548300e+02   1.0850000e+00
   2.2239300e+02   7.2700000e-01
   2.3035400e+02   7.5000000e-01
   2.3770600e+02   1.1830000e+00
   2.4425000e+02   7.8100000e-01
   2.5190900e+02   6.7600000e-01
   2.5988000e+02   8.3700000e-01
   2.6742400e+02   1.0830000e+00
   2.7308000e+02   6.7200000e-01
   2.8119200e+02   7.3700000e-01
   2.8804600e+02   1.1000000e+00
   2.9444300e+02   9.2600000e-01
