   1.4370000e+00   7.5900000e-01
   7.9390000e+00   9.4500000e-01
   1.5704000e+01   1.0900000e+00
   2.3563000e+01   1.0420000e+00
   3.1082000e+01   1.0440000e+00
   3.8581000e+01   9.4800000e-01
   4.5897000e+01   8.8200000e-01
   5.3437000e+01   8.4600000e-01
   6.0753000e+01   8.1600000e-01
   6.7758000e+01   7.8200000e-01
   7.5616000e+01   1.1350000e+00
   8.3420000e+01   1.0210000e+00
   9.1044000e+01   1.0630000e+00
   9.8515000e+01   9.0100000e-01
   1.0593000e+02   7.8100000e-01
   1.1284900e+02   7.5800000e-01
   1.2020900e+02   1.0030000e+00
   1.2761900e+02   9.2200000e-01
   1.3490200e+02   9.8300000e-01
   1.4145000e+02   8.9300000e-01
   1.4782400e+02   7.2400000e-01
   1.5535600e+02   8.8400000e-01
   1.6236200e+02   9.0200000e-01
   1.6916400e+02   9.1900000e-01
   1.7587600e+02   1.0220000e+00
   1.8310100e+02   7.6500000e-01
   1.9032600e+02   7.8400000e-01
   1.9784600e+02   8.5800000e-01
   2.0508800e+02   9.7700000e-01
   2.1203800e+02   9.2700000e-01
   2.1822700e+02   8.3600000e-01
   2.2516000e+02   7.6400000e-01
   2.3240100e+02   8.2000000e-01
   2.3981100e+02   9.2800000e-01
   2.4683300e+02   9.6300000e-01
   2.5345700e+02   9.0600000e-01
   2.6011600e+02   8.0000000e-01
   2.6676200e+02   7.0200000e-01
   2.7422700e+02   9.0300000e-01
   2.8149200e+02   9.8100000e-01
   2.8847300e+02   9.7600000e-01
   2.9562500e+02   9.4200000e-01
