   2.4760000e+00   7.7400000e-01
   8.7730000e+00   7.3500000e-01
   1.4995000e+01   7.6300000e-01
   2.1058000e+01   7.2400000e-01
   2.7139000e+01   7.4100000e-01
   3.2910000e+01   7.3800000e-01
   3.8796000e+01   7.4600000e-01
   4.5074000e+01   8.4600000e-01
   5.0999000e+01   6.8400000e-01
   5.6840000e+01   7.2700000e-01
   6.2924000e+01   7.1400000e-01
   6.8958000e+01   7.2000000e-01
   7.4944000e+01   7.5000000e-01
   8.0945000e+01   7.5900000e-01
   8.6849000e+01   7.3300000e-01
   9.2938000e+01   7.1600000e-01
   9.9128000e+01   7.3200000e-01
   1.0515100e+02   7.2300000e-01
   1.1115900e+02   7.2300000e-01
   1.1686200e+02   8.1300000e-01
   1.2273500e+02   7.6000000e-01
   1.2862700e+02   6.9000000e-01
   1.3511500e+02   7.7900000e-01
   1.4118900e+02   8.2800000e-01
   1.4748900e+02   7.8100000e-01
   1.5347200e+02   7.6400000e-01
   1.5961100e+02   7.7200000e-01
   1.6542300e+02   7.3900000e-01
   1.7136000e+02   7.2900000e-01
   1.7721600e+02   7.7400000e-01
   1.8296000e+02   7.4800000e-01
   1.8838100e+02   6.4700000e-01
   1.9386600e+02   7.5000000e-01
   1.9942900e+02   6.8800000e-01
   2.0535900e+02   7.5500000e-01
   2.1172100e+02   7.5000000e-01
   2.1795900e+02   7.7600000e-01
   2.2395200e+02   7.0400000e-01
   2.2998800e+02   8.1100000e-01
   2.3644100e+02   7.7800000e-01
   2.4244600e+02   7.0400000e-01
   2.4902900e+02   7.9300000e-01
   2.5555900e+02   7.8100000e-01
   2.6184600e+02   7.1700000e-01
   2.6840100e+02   8.4200000e-01
   2.7480200e+02   7.8000000e-01
   2.8081200e+02   7.5800000e-01
   2.8636400e+02   7.5200000e-01
   2.9272400e+02   8.6900000e-01
   2.9913100e+02   7.2800000e-01
