   2.3540000e+00   7.0000000e-01
   9.1300000e+00   8.6300000e-01
   1.5267000e+01   7.9700000e-01
   2.1348000e+01   7.7700000e-01
   2.8294000e+01   7.4700000e-01
   3.5095000e+01   9.1500000e-01
   4.1214000e+01   7.6800000e-01
   4.7863000e+01   7.3100000e-01
   5.4358000e+01   8.4700000e-01
   6.0561000e+01   8.7200000e-01
   6.7179000e+01   7.1600000e-01
   7.4126000e+01   8.9400000e-01
   8.0319000e+01   8.3100000e-01
   8.6373000e+01   7.3600000e-01
   9.2930000e+01   7.0800000e-01
   9.9153000e+01   9.0500000e-01
   1.0541500e+02   7.7600000e-01
   1.1214200e+02   7.4700000e-01
   1.1837300e+02   7.6400000e-01
   1.2415800e+02   8.4300000e-01
   1.3058900e+02   7.1200000e-01
   1.3714800e+02   8.1100000e-01
   1.4310400e+02   8.0300000e-01
   1.4927800e+02   6.9300000e-01
   1.5583200e+02   8.6100000e-01
   1.6189600e+02   8.2200000e-01
   1.6783000e+02   6.7900000e-01
   1.7448900e+02   8.6900000e-01
   1.8053000e+02   7.9500000e-01
   1.8664000e+02   6.9600000e-01
   1.9264700e+02   6.8800000e-01
   1.9807600e+02   7.4800000e-01
   2.0402400e+02   6.8300000e-01
   2.0969400e+02   7.7800000e-01
   2.1534600e+02   7.0100000e-01
   2.2167900e+02   7.0900000e-01
   2.2701900e+02   6.3800000e-01
   2.3267000e+02   7.0700000e-01
   2.3869400e+02   7.4900000e-01
   2.4439000e+02   7.9200000e-01
   2.5047800e+02   6.8200000e-01
   2.5659400e+02   8.1900000e-01
   2.6252900e+02   7.0300000e-01
   2.6863800e+02   7.2300000e-01
   2.7502100e+02   8.0700000e-01
   2.8103500e+02   8.7500000e-01
   2.8772300e+02   7.0400000e-01
   2.9380400e+02   7.3700000e-01
   2.9944900e+02   7.7800000e-01
