   2.4700000e+00   9.5600000e-01
   9.5580000e+00   1.0240000e+00
   1.6874000e+01   1.0560000e+00
   2.4218000e+01   9.8300000e-01
   3.1377000e+01   1.0520000e+00
   3.8637000e+01   1.0110000e+00
   4.5688000e+01   1.0330000e+00
   5.3008000e+01   9.1500000e-01
   6.0089000e+01   8.0600000e-01
   6.7704000e+01   8.1300000e-01
   7.5000000e+01   7.6500000e-01
   8.2944000e+01   8.1900000e-01
   9.0495000e+01   9.5300000e-01
   9.7824000e+01   1.0700000e+00
   1.0523600e+02   1.1000000e+00
   1.1276100e+02   1.0180000e+00
   1.1972700e+02   9.1700000e-01
   1.2716100e+02   8.0600000e-01
   1.3479000e+02   7.8500000e-01
   1.4276900e+02   1.0910000e+00
   1.4983400e+02   1.0560000e+00
   1.5769100e+02   8.0900000e-01
   1.6522500e+02   8.1500000e-01
   1.7266000e+02   7.9800000e-01
   1.8027800e+02   8.6000000e-01
   1.8816400e+02   9.5700000e-01
   1.9577400e+02   1.1050000e+00
   2.0333300e+02   1.0520000e+00
   2.1038700e+02   9.2600000e-01
   2.1767200e+02   7.9100000e-01
   2.2509400e+02   9.2200000e-01
   2.3251100e+02   9.9500000e-01
   2.4014600e+02   1.0830000e+00
   2.4761000e+02   1.1030000e+00
   2.5491200e+02   9.9700000e-01
   2.6148000e+02   9.2700000e-01
   2.6816700e+02   7.6100000e-01
   2.7542400e+02   8.4200000e-01
   2.8285400e+02   8.4700000e-01
   2.9087200e+02   8.2400000e-01
   2.9828800e+02   8.7100000e-01
