   2.5590000e+00   7.8100000e-01
   8.8210000e+00   7.8900000e-01
   1.5200000e+01   8.0600000e-01
   2.1593000e+01   7.8900000e-01
   2.8042000e+01   8.0800000e-01
   3.4452000e+01   7.7100000e-01
   4.0474000e+01   7.4400000e-01
   4.7221000e+01   7.7700000e-01
   5.3411000e+01   7.8200000e-01
   5.9676000e+01   7.7900000e-01
   6.6003000e+01   7.9000000e-01
   7.2357000e+01   7.9300000e-01
   7.8615000e+01   7.6900000e-01
   8.4932000e+01   7.9700000e-01
   9.1245000e+01   7.8600000e-01
   9.7476000e+01   7.7200000e-01
   1.0370800e+02   8.1700000e-01
   1.1025200e+02   7.8000000e-01
   1.1640100e+02   7.7300000e-01
   1.2270400e+02   8.0900000e-01
   1.2912000e+02   7.9200000e-01
   1.3549600e+02   8.0600000e-01
   1.4191100e+02   7.9900000e-01
   1.4825600e+02   7.8300000e-01
   1.5453700e+02   7.9200000e-01
   1.6072700e+02   7.3100000e-01
   1.6760200e+02   8.1100000e-01
   1.7378400e+02   7.7100000e-01
   1.7994000e+02   7.6900000e-01
   1.8610100e+02   7.8600000e-01
   1.9231900e+02   7.7100000e-01
   1.9836400e+02   7.5200000e-01
   2.0461700e+02   7.8900000e-01
   2.1089500e+02   7.7700000e-01
   2.1721600e+02   7.8800000e-01
   2.2343800e+02   7.8700000e-01
   2.2957800e+02   7.3100000e-01
   2.3641500e+02   7.6500000e-01
   2.4236600e+02   7.4500000e-01
   2.4833800e+02   7.6000000e-01
   2.5450700e+02   7.7400000e-01
   2.6056800e+02   7.3700000e-01
   2.6654200e+02   7.5300000e-01
   2.7243400e+02   7.4100000e-01
   2.7836800e+02   7.3300000e-01
   2.8443700e+02   7.8500000e-01
   2.9093700e+02   8.1200000e-01
   2.9715200e+02   7.5700000e-01
