   2.3890000e+00   1.2040000e+00
   1.1752000e+01   1.2910000e+00
   2.0915000e+01   1.3930000e+00
   2.9601000e+01   1.3710000e+00
   3.8403000e+01   1.3810000e+00
   4.7228000e+01   1.3300000e+00
   5.6375000e+01   8.4100000e-01
   6.4921000e+01   8.1200000e-01
   7.2591000e+01   8.1100000e-01
   8.1147000e+01   1.2880000e+00
   8.9351000e+01   1.3030000e+00
   9.7132000e+01   8.3600000e-01
   1.0556000e+02   7.7200000e-01
   1.1444900e+02   8.4400000e-01
   1.2324700e+02   1.1920000e+00
   1.3201300e+02   1.3200000e+00
   1.4114100e+02   1.0370000e+00
   1.4911100e+02   1.3320000e+00
   1.5773900e+02   1.3380000e+00
   1.6653100e+02   8.4100000e-01
   1.7592500e+02   8.5800000e-01
   1.8539700e+02   8.7700000e-01
   1.9441600e+02   8.5400000e-01
   2.0383700e+02   1.0260000e+00
   2.1209800e+02   1.2760000e+00
   2.2119400e+02   1.1710000e+00
   2.2944400e+02   1.3680000e+00
   2.3823000e+02   1.3380000e+00
   2.4644500e+02   9.1300000e-01
   2.5535400e+02   8.3700000e-01
   2.6321400e+02   1.0180000e+00
   2.7174400e+02   1.2230000e+00
   2.8053900e+02   1.3630000e+00
   2.9003800e+02   1.2390000e+00
   2.9827800e+02   1.3680000e+00
