   2.4720000e+00   7.2000000e-01
   8.5660000e+00   8.0600000e-01
   1.4383000e+01   7.4500000e-01
   2.0508000e+01   7.0300000e-01
   2.6632000e+01   8.6600000e-01
   3.2542000e+01   7.3100000e-01
   3.8670000e+01   7.0800000e-01
   4.4597000e+01   7.9400000e-01
   5.0326000e+01   6.8600000e-01
   5.6467000e+01   7.4000000e-01
   6.2312000e+01   8.0800000e-01
   6.8219000e+01   6.8000000e-01
   7.4459000e+01   7.5900000e-01
   8.0317000e+01   7.9400000e-01
   8.6305000e+01   6.9600000e-01
   9.2380000e+01   7.7100000e-01
   9.8303000e+01   8.0300000e-01
   1.0453800e+02   7.0400000e-01
   1.1071200e+02   7.9200000e-01
   1.1659300e+02   7.8400000e-01
   1.2277100e+02   7.0900000e-01
   1.2878900e+02   7.7100000e-01
   1.3456100e+02   7.5300000e-01
   1.4069400e+02   7.0700000e-01
   1.4662200e+02   7.8900000e-01
   1.5236800e+02   7.4300000e-01
   1.5831100e+02   6.9500000e-01
   1.6407500e+02   7.9500000e-01
   1.6979900e+02   6.8800000e-01
   1.7586600e+02   7.3600000e-01
   1.8174500e+02   7.6300000e-01
   1.8758000e+02   7.0700000e-01
   1.9346000e+02   7.0100000e-01
   1.9911300e+02   7.6800000e-01
   2.0507100e+02   6.8700000e-01
   2.1089600e+02   7.6100000e-01
   2.1657300e+02   7.1800000e-01
   2.2257100e+02   7.2500000e-01
   2.2835700e+02   7.8300000e-01
   2.3416600e+02   6.9900000e-01
   2.4028700e+02   7.3600000e-01
   2.4610900e+02   8.3100000e-01
   2.5214900e+02   6.8800000e-01
   2.5823700e+02   7.5600000e-01
   2.6402600e+02   7.5000000e-01
   2.6997600e+02   7.0600000e-01
   2.7604200e+02   7.8000000e-01
   2.8188500e+02   7.4800000e-01
   2.8785400e+02   6.9500000e-01
   2.9388700e+02   7.7500000e-01
   2.9956000e+02   7.3200000e-01
