   1.1550000e+00   1.0920000e+00
   9.9890000e+00   1.1180000e+00
   1.8708000e+01   9.9300000e-01
   2.7603000e+01   9.9700000e-01
   3.6107000e+01   9.6300000e-01
   4.4641000e+01   9.7100000e-01
   5.3092000e+01   1.0260000e+00
   6.1443000e+01   1.0830000e+00
   6.9654000e+01   1.0690000e+00
   7.7711000e+01   1.0770000e+00
   8.5476000e+01   1.0400000e+00
   9.3550000e+01   1.0070000e+00
   1.0190900e+02   9.7800000e-01
   1.1023700e+02   9.6200000e-01
   1.1867500e+02   9.8300000e-01
   1.2720500e+02   1.0480000e+00
   1.3569900e+02   1.0660000e+00
   1.4404800e+02   1.0880000e+00
   1.5225900e+02   1.0840000e+00
   1.6020500e+02   1.0580000e+00
   1.6821200e+02   1.0660000e+00
   1.7666000e+02   1.0580000e+00
   1.8510000e+02   9.9800000e-01
   1.9331800e+02   9.4500000e-01
   2.0169700e+02   9.7500000e-01
   2.0991600e+02   9.4700000e-01
   2.1794300e+02   1.0820000e+00
   2.2639100e+02   1.1360000e+00
   2.3493300e+02   1.1520000e+00
   2.4338700e+02   1.1200000e+00
   2.5181400e+02   1.0970000e+00
   2.6002500e+02   1.0280000e+00
   2.6813200e+02   9.7500000e-01
   2.7620700e+02   9.5300000e-01
   2.8470400e+02   9.9400000e-01
   2.9333500e+02   1.0150000e+00
