   2.0850000e+00   8.3100000e-01
   8.8150000e+00   8.2900000e-01
   1.5608000e+01   8.7500000e-01
   2.2816000e+01   8.7200000e-01
   3.0008000e+01   8.6200000e-01
   3.7233000e+01   9.3100000e-01
   4.4354000e+01   9.0400000e-01
   5.1357000e+01   9.0400000e-01
   5.8286000e+01   8.8900000e-01
   6.5443000e+01   8.5400000e-01
   7.2569000e+01   8.7000000e-01
   7.9693000e+01   8.9300000e-01
   8.6744000e+01   9.1300000e-01
   9.3818000e+01   9.0900000e-01
   1.0097100e+02   8.6300000e-01
   1.0799000e+02   8.4800000e-01
   1.1503000e+02   8.7800000e-01
   1.2194400e+02   8.3900000e-01
   1.2859200e+02   8.4700000e-01
   1.3472000e+02   7.8200000e-01
   1.4136000e+02   8.2800000e-01
   1.4814900e+02   8.7600000e-01
   1.5498900e+02   8.7600000e-01
   1.6177500e+02   8.7700000e-01
   1.6861600e+02   8.3500000e-01
   1.7519400e+02   8.4800000e-01
   1.8292700e+02   8.5500000e-01
   1.8987700e+02   9.0500000e-01
   1.9699500e+02   8.7500000e-01
   2.0393700e+02   8.6300000e-01
   2.1085400e+02   8.4700000e-01
   2.1788200e+02   8.6200000e-01
   2.2508600e+02   9.4700000e-01
   2.3217700e+02   9.1400000e-01
   2.3924700e+02   8.7800000e-01
   2.4619000e+02   8.4500000e-01
   2.5348000e+02   8.5600000e-01
   2.6049700e+02   8.5300000e-01
   2.6755000e+02   8.7700000e-01
   2.7454300e+02   8.4400000e-01
   2.8085300e+02   7.6200000e-01
   2.8677400e+02   7.2600000e-01
   2.9261300e+02   7.4300000e-01
   2.9860400e+02   7.7100000e-01
