   2.0670000e+00   8.5100000e-01
   9.0460000e+00   8.7300000e-01
   1.6698000e+01   8.3500000e-01
   2.4240000e+01   9.2700000e-01
   3.1180000e+01   9.6300000e-01
   3.8158000e+01   8.3300000e-01
   4.4854000e+01   7.6600000e-01
   5.2569000e+01   9.2000000e-01
   5.9867000e+01   9.8000000e-01
   6.7039000e+01   9.5800000e-01
   7.4466000e+01   8.7400000e-01
   8.2085000e+01   8.4200000e-01
   8.9832000e+01   9.3500000e-01
   9.7451000e+01   9.7300000e-01
   1.0506800e+02   1.0010000e+00
   1.1231100e+02   8.7000000e-01
   1.1944400e+02   7.9100000e-01
   1.2641600e+02   7.7100000e-01
   1.3380900e+02   9.8400000e-01
   1.4100100e+02   9.6600000e-01
   1.4852500e+02   1.0780000e+00
   1.5608400e+02   8.5400000e-01
   1.6360600e+02   8.6000000e-01
   1.7057100e+02   8.2300000e-01
   1.7778800e+02   1.0230000e+00
   1.8523700e+02   1.0520000e+00
   1.9320800e+02   9.2800000e-01
   2.0133500e+02   1.0140000e+00
   2.0925800e+02   9.5300000e-01
   2.1669200e+02   9.5400000e-01
   2.2405000e+02   9.6300000e-01
   2.3149100e+02   9.1900000e-01
   2.3909200e+02   1.0230000e+00
   2.4666700e+02   9.0200000e-01
   2.5433500e+02   9.6800000e-01
   2.6196100e+02   1.0520000e+00
   2.6958800e+02   9.2700000e-01
   2.7689100e+02   8.8200000e-01
   2.8450300e+02   8.7500000e-01
   2.9208500e+02   9.3200000e-01
   2.9954900e+02   9.2900000e-01
