   1.6110000e+00   7.2900000e-01
   7.7680000e+00   8.2400000e-01
   1.3907000e+01   7.7100000e-01
   2.0408000e+01   7.8300000e-01
   2.6618000e+01   7.8000000e-01
   3.2898000e+01   7.4400000e-01
   3.9098000e+01   7.7000000e-01
   4.5188000e+01   7.5100000e-01
   5.1300000e+01   7.3700000e-01
   5.7618000e+01   8.3800000e-01
   6.3830000e+01   7.7300000e-01
   7.0175000e+01   7.9700000e-01
   7.6322000e+01   7.6200000e-01
   8.2497000e+01   7.5000000e-01
   8.8811000e+01   8.0500000e-01
   9.4804000e+01   7.2500000e-01
   1.0093800e+02   7.4200000e-01
   1.0720500e+02   7.8600000e-01
   1.1319100e+02   7.3200000e-01
   1.1949100e+02   7.8300000e-01
   1.2553300e+02   7.8500000e-01
   1.3178700e+02   7.8800000e-01
   1.3832000e+02   8.0900000e-01
   1.4456900e+02   7.9100000e-01
   1.5092900e+02   7.6900000e-01
   1.5719300e+02   8.0500000e-01
   1.6333200e+02   7.2000000e-01
   1.6975300e+02   7.7100000e-01
   1.7578600e+02   7.7800000e-01
   1.8187000e+02   7.3100000e-01
   1.8773000e+02   7.3200000e-01
   1.9352800e+02   7.2100000e-01
   1.9980400e+02   7.7100000e-01
   2.0571100e+02   7.2300000e-01
   2.1209300e+02   7.7500000e-01
   2.1858000e+02   8.1300000e-01
   2.2458200e+02   7.0100000e-01
   2.3083500e+02   7.6700000e-01
   2.3684300e+02   7.5000000e-01
   2.4278100e+02   7.0800000e-01
   2.4876300e+02   7.6600000e-01
   2.5467800e+02   7.3700000e-01
   2.6089500e+02   7.5700000e-01
   2.6697000e+02   8.0800000e-01
   2.7318600e+02   7.4300000e-01
   2.7942200e+02   7.6600000e-01
   2.8540900e+02   7.6800000e-01
   2.9171700e+02   7.8600000e-01
   2.9809900e+02   7.8600000e-01
