   2.4400000e+00   6.4500000e-01
   8.1130000e+00   7.0500000e-01
   1.3563000e+01   6.7100000e-01
   1.9590000e+01   6.8900000e-01
   2.5214000e+01   7.6900000e-01
   3.0968000e+01   7.3000000e-01
   3.6834000e+01   6.8600000e-01
   4.2732000e+01   7.4900000e-01
   4.8431000e+01   7.5300000e-01
   5.4262000e+01   7.8300000e-01
   6.0255000e+01   7.5000000e-01
   6.6496000e+01   7.5300000e-01
   7.2440000e+01   7.1400000e-01
   7.8519000e+01   7.2200000e-01
   8.4428000e+01   7.3900000e-01
   9.0073000e+01   6.7900000e-01
   9.5655000e+01   6.9000000e-01
   1.0118300e+02   6.8400000e-01
   1.0692500e+02   7.6800000e-01
   1.1239100e+02   6.6100000e-01
   1.1780300e+02   6.9800000e-01
   1.2316300e+02   7.0000000e-01
   1.2896100e+02   7.5800000e-01
   1.3432000e+02   6.9200000e-01
   1.3970200e+02   6.5100000e-01
   1.4495200e+02   7.2600000e-01
   1.5038600e+02   6.9800000e-01
   1.5605700e+02   7.7000000e-01
   1.6167300e+02   7.4700000e-01
   1.6744800e+02   7.0700000e-01
   1.7334400e+02   7.2400000e-01
   1.7893400e+02   6.9900000e-01
   1.8436700e+02   7.1500000e-01
   1.9044100e+02   7.5300000e-01
   1.9620900e+02   7.7500000e-01
   2.0221700e+02   7.7800000e-01
   2.0803700e+02   7.6400000e-01
   2.1400400e+02   7.6100000e-01
   2.2008700e+02   7.5300000e-01
   2.2618500e+02   7.6800000e-01
   2.3216300e+02   7.7800000e-01
   2.3798600e+02   7.0600000e-01
   2.4381800e+02   7.5500000e-01
   2.4956000e+02   6.7800000e-01
   2.5549300e+02   8.0200000e-01
   2.6112500e+02   7.6700000e-01
   2.6679700e+02   6.8000000e-01
   2.7259800e+02   7.3200000e-01
   2.7839500e+02   7.0400000e-01
   2.8433900e+02   6.9400000e-01
   2.8994500e+02   7.0100000e-01
   2.9561800e+02   6.9200000e-01
