   2.3250000e+00   7.3500000e-01
   8.9010000e+00   8.8400000e-01
   1.5035000e+01   7.2400000e-01
   2.1825000e+01   7.8300000e-01
   2.8002000e+01   8.8000000e-01
   3.4415000e+01   7.1800000e-01
   4.0805000e+01   7.8700000e-01
   4.6803000e+01   8.5600000e-01
   5.3314000e+01   7.2500000e-01
   5.9674000e+01   8.3400000e-01
   6.5669000e+01   7.4200000e-01
   7.2278000e+01   7.6400000e-01
   7.8402000e+01   8.3900000e-01
   8.4517000e+01   7.1100000e-01
   9.0906000e+01   7.8000000e-01
   9.6839000e+01   8.2600000e-01
   1.0316300e+02   7.0100000e-01
   1.0936100e+02   8.2100000e-01
   1.1532600e+02   7.3100000e-01
   1.2191700e+02   7.7800000e-01
   1.2801100e+02   8.4100000e-01
   1.3408200e+02   6.9200000e-01
   1.4052800e+02   8.0900000e-01
   1.4645000e+02   7.8100000e-01
   1.5252400e+02   7.1100000e-01
   1.5857300e+02   8.5600000e-01
   1.6459800e+02   7.0800000e-01
   1.7069800e+02   7.5800000e-01
   1.7645600e+02   7.7500000e-01
   1.8272400e+02   7.1600000e-01
   1.8874000e+02   8.2600000e-01
   1.9465900e+02   7.1000000e-01
   2.0106600e+02   7.7700000e-01
   2.0699900e+02   8.0200000e-01
   2.1344600e+02   7.1400000e-01
   2.1988600e+02   8.7800000e-01
   2.2591300e+02   7.7200000e-01
   2.3230700e+02   7.4300000e-01
   2.3816300e+02   8.3300000e-01
   2.4421400e+02   6.8500000e-01
   2.5071300e+02   7.8000000e-01
   2.5657300e+02   8.0200000e-01
   2.6271100e+02   7.1400000e-01
   2.6883600e+02   8.6000000e-01
   2.7478100e+02   6.9500000e-01
   2.8124300e+02   7.7700000e-01
   2.8709500e+02   7.6400000e-01
   2.9320200e+02   6.8900000e-01
   2.9966900e+02   8.5900000e-01
