   2.0880000e+00   6.9100000e-01
   7.2070000e+00   6.4600000e-01
   1.2873000e+01   7.3600000e-01
   1.8219000e+01   6.7500000e-01
   2.3878000e+01   6.9500000e-01
   2.9021000e+01   6.2400000e-01
   3.4615000e+01   6.8200000e-01
   3.9864000e+01   6.4200000e-01
   4.5445000e+01   6.5300000e-01
   5.0560000e+01   6.7500000e-01
   5.6183000e+01   6.5900000e-01
   6.1447000e+01   7.0600000e-01
   6.6835000e+01   6.4600000e-01
   7.2156000e+01   7.3000000e-01
   7.7530000e+01   6.4000000e-01
   8.2973000e+01   7.2100000e-01
   8.8329000e+01   6.3700000e-01
   9.3936000e+01   7.1700000e-01
   9.9178000e+01   6.3800000e-01
   1.0475300e+02   6.6500000e-01
   1.1008100e+02   6.8300000e-01
   1.1556100e+02   6.4900000e-01
   1.2079800e+02   6.7400000e-01
   1.2632700e+02   6.4800000e-01
   1.3149600e+02   6.9200000e-01
   1.3678900e+02   6.3400000e-01
   1.4212400e+02   7.5200000e-01
   1.4751400e+02   6.3300000e-01
   1.5295800e+02   7.2900000e-01
   1.5825600e+02   6.4400000e-01
   1.6366600e+02   7.1300000e-01
   1.6892700e+02   6.3200000e-01
   1.7455900e+02   7.0900000e-01
   1.7984600e+02   6.6200000e-01
   1.8554200e+02   6.6400000e-01
   1.9066400e+02   6.9700000e-01
   1.9643400e+02   6.8800000e-01
   2.0172900e+02   7.0900000e-01
   2.0696100e+02   6.2800000e-01
   2.1213100e+02   6.8700000e-01
   2.1742100e+02   6.3600000e-01
   2.2269000e+02   7.2400000e-01
   2.2807500e+02   6.5200000e-01
   2.3353800e+02   7.2800000e-01
   2.3883500e+02   6.3600000e-01
   2.4440400e+02   6.6600000e-01
   2.4947800e+02   6.5500000e-01
   2.5502200e+02   6.5200000e-01
   2.6024200e+02   7.1000000e-01
   2.6577100e+02   6.2400000e-01
   2.7087400e+02   6.6500000e-01
   2.7639800e+02   6.3400000e-01
   2.8174800e+02   7.6400000e-01
   2.8727000e+02   6.4000000e-01
   2.9266200e+02   7.1600000e-01
   2.9801800e+02   6.6000000e-01
