   2.5950000e+00   6.4300000e-01
   9.1840000e+00   7.7200000e-01
   1.4466000e+01   7.2600000e-01
   2.0792000e+01   6.2800000e-01
   2.6947000e+01   9.1900000e-01
   3.2328000e+01   7.1900000e-01
   3.8753000e+01   6.8000000e-01
   4.4160000e+01   7.4400000e-01
   4.9595000e+01   6.0600000e-01
   5.5667000e+01   8.1300000e-01
   6.1272000e+01   7.4500000e-01
   6.7076000e+01   6.0900000e-01
   7.3326000e+01   8.1500000e-01
   7.9141000e+01   8.3100000e-01
   8.5076000e+01   6.6600000e-01
   9.1031000e+01   8.2400000e-01
   9.6363000e+01   6.2400000e-01
   1.0270700e+02   7.1200000e-01
   1.0840500e+02   8.0700000e-01
   1.1484600e+02   7.0500000e-01
   1.2076900e+02   6.9900000e-01
   1.2642500e+02   8.2500000e-01
   1.3244700e+02   6.8800000e-01
   1.3845000e+02   7.2100000e-01
   1.4392000e+02   8.8200000e-01
   1.5005800e+02   7.0100000e-01
   1.5610200e+02   7.1400000e-01
   1.6122900e+02   6.4800000e-01
   1.6776800e+02   7.0700000e-01
   1.7366500e+02   7.9700000e-01
   1.7905100e+02   6.4900000e-01
   1.8480200e+02   7.4500000e-01
   1.9028400e+02   7.0300000e-01
   1.9597800e+02   6.6700000e-01
   2.0121700e+02   7.1000000e-01
   2.0689100e+02   7.1400000e-01
   2.1255600e+02   6.9300000e-01
   2.1842000e+02   8.2700000e-01
   2.2401000e+02   6.3400000e-01
   2.3021000e+02   7.5600000e-01
   2.3628200e+02   8.0600000e-01
   2.4195800e+02   6.7900000e-01
   2.4797500e+02   7.2500000e-01
   2.5343700e+02   6.9700000e-01
   2.5953500e+02   7.0100000e-01
   2.6563800e+02   8.4400000e-01
   2.7123000e+02   6.6600000e-01
   2.7745200e+02   7.0300000e-01
   2.8297000e+02   7.6100000e-01
   2.8872900e+02   6.7500000e-01
   2.9463100e+02   7.0800000e-01
   3.0023500e+02   7.8100000e-01
