   2.6830000e+00   9.4000000e-01
   1.0174000e+01   9.6200000e-01
   1.8031000e+01   1.0280000e+00
   2.6174000e+01   1.0300000e+00
   3.4036000e+01   1.0000000e+00
   4.2023000e+01   1.0190000e+00
   4.9797000e+01   9.4200000e-01
   5.7617000e+01   9.4000000e-01
   6.5392000e+01   9.6500000e-01
   7.3211000e+01   1.0050000e+00
   8.1161000e+01   9.8000000e-01
   8.8516000e+01   8.8500000e-01
   9.5973000e+01   9.9600000e-01
   1.0405900e+02   1.0630000e+00
   1.1175400e+02   9.9100000e-01
   1.1948900e+02   9.6300000e-01
   1.2713700e+02   9.3100000e-01
   1.3424700e+02   8.1300000e-01
   1.4141000e+02   9.3100000e-01
   1.4881400e+02   9.8300000e-01
   1.5641000e+02   9.9800000e-01
   1.6407600e+02   1.0050000e+00
   1.7182000e+02   1.0180000e+00
   1.7949500e+02   9.7600000e-01
   1.8718500e+02   9.3100000e-01
   1.9485500e+02   8.9500000e-01
   2.0277900e+02   1.0170000e+00
   2.1039600e+02   1.0330000e+00
   2.1808600e+02   9.2100000e-01
   2.2579400e+02   9.0300000e-01
   2.3343400e+02   9.1000000e-01
   2.4120300e+02   9.8100000e-01
   2.4894000e+02   9.9500000e-01
   2.5663900e+02   9.9500000e-01
   2.6410800e+02   1.0010000e+00
   2.7197700e+02   9.3000000e-01
   2.7961600e+02   8.9600000e-01
   2.8736800e+02   9.2600000e-01
   2.9513800e+02   9.3500000e-01
