   2.2850000e+00   8.0000000e-01
   9.2200000e+00   9.4200000e-01
   1.6832000e+01   9.3200000e-01
   2.4415000e+01   9.6600000e-01
   3.2173000e+01   9.5000000e-01
   3.9597000e+01   9.0500000e-01
   4.7091000e+01   9.4700000e-01
   5.4397000e+01   8.9400000e-01
   6.1601000e+01   8.8700000e-01
   6.8713000e+01   8.7900000e-01
   7.5760000e+01   8.6100000e-01
   8.2785000e+01   8.6600000e-01
   8.9912000e+01   8.9000000e-01
   9.6951000e+01   9.0000000e-01
   1.0418000e+02   8.8900000e-01
   1.1148800e+02   9.4400000e-01
   1.1869000e+02   8.3300000e-01
   1.2585200e+02   9.3500000e-01
   1.3243700e+02   7.8700000e-01
   1.3922300e+02   8.8600000e-01
   1.4608100e+02   9.2800000e-01
   1.5347000e+02   9.1700000e-01
   1.6096400e+02   9.7600000e-01
   1.6862200e+02   9.5900000e-01
   1.7610600e+02   9.5200000e-01
   1.8335100e+02   8.9400000e-01
   1.9060600e+02   8.8000000e-01
   1.9794500e+02   9.1600000e-01
   2.0525200e+02   8.9000000e-01
   2.1268400e+02   8.5200000e-01
   2.1929600e+02   7.9100000e-01
   2.2569600e+02   7.8000000e-01
   2.3262200e+02   8.7500000e-01
   2.3948700e+02   8.6700000e-01
   2.4638100e+02   8.7400000e-01
   2.5304500e+02   7.4900000e-01
   2.5928800e+02   7.9900000e-01
   2.6589300e+02   7.9300000e-01
   2.7258200e+02   8.3300000e-01
   2.7930500e+02   8.6200000e-01
   2.8598700e+02   8.0000000e-01
   2.9259600e+02   8.4700000e-01
   2.9935800e+02   8.2900000e-01
