   2.9060000e+00   1.0020000e+00
   1.1407000e+01   1.0000000e+00
   2.0079000e+01   9.7000000e-01
   2.8716000e+01   1.1240000e+00
   3.7961000e+01   1.1770000e+00
   4.7047000e+01   1.0860000e+00
   5.5370000e+01   1.0370000e+00
   6.3367000e+01   1.1280000e+00
   7.2017000e+01   1.1450000e+00
   8.0778000e+01   1.1950000e+00
   8.9300000e+01   1.1400000e+00
   9.7564000e+01   1.0160000e+00
   1.0558400e+02   9.1300000e-01
   1.1379800e+02   9.0800000e-01
   1.2215400e+02   8.8900000e-01
   1.3030200e+02   1.0110000e+00
   1.3834100e+02   1.0180000e+00
   1.4659200e+02   1.0220000e+00
   1.5443700e+02   1.0470000e+00
   1.6207900e+02   1.0840000e+00
   1.6943800e+02   9.1900000e-01
   1.7763900e+02   8.4800000e-01
   1.8570100e+02   8.8600000e-01
   1.9376800e+02   1.0280000e+00
   2.0147900e+02   1.0450000e+00
   2.0908200e+02   1.1400000e+00
   2.1722400e+02   1.1230000e+00
   2.2498000e+02   9.4200000e-01
   2.3363300e+02   8.8200000e-01
   2.4187300e+02   9.1400000e-01
   2.4986700e+02   9.9500000e-01
   2.5804700e+02   9.5500000e-01
   2.6631300e+02   1.0070000e+00
   2.7454800e+02   9.6400000e-01
   2.8142700e+02   1.0220000e+00
   2.8892000e+02   8.0900000e-01
   2.9678400e+02   8.5700000e-01
