   2.6670000e+00   8.3500000e-01
   9.2900000e+00   8.3800000e-01
   1.6081000e+01   8.5300000e-01
   2.2942000e+01   8.2100000e-01
   2.9716000e+01   8.2000000e-01
   3.6332000e+01   8.2100000e-01
   4.2902000e+01   8.1600000e-01
   4.9461000e+01   8.0100000e-01
   5.5581000e+01   7.2000000e-01
   6.2035000e+01   8.1000000e-01
   6.8717000e+01   8.0100000e-01
   7.5296000e+01   7.8000000e-01
   8.1793000e+01   8.9600000e-01
   8.8639000e+01   8.4400000e-01
   9.5322000e+01   7.8200000e-01
   1.0167700e+02   8.1300000e-01
   1.0813900e+02   8.0300000e-01
   1.1386700e+02   6.8000000e-01
   1.2040400e+02   8.5800000e-01
   1.2664500e+02   7.4900000e-01
   1.3303000e+02   8.2400000e-01
   1.3932000e+02   7.8400000e-01
   1.4563600e+02   7.9200000e-01
   1.5185800e+02   7.9200000e-01
   1.5773400e+02   6.7600000e-01
   1.6392800e+02   8.1600000e-01
   1.7032200e+02   7.5800000e-01
   1.7664100e+02   8.5100000e-01
   1.8323600e+02   8.2100000e-01
   1.8953500e+02   7.7500000e-01
   1.9591700e+02   8.2300000e-01
   2.0253500e+02   8.4200000e-01
   2.0907100e+02   8.3300000e-01
   2.1560100e+02   8.2000000e-01
   2.2199500e+02   7.3600000e-01
   2.2832300e+02   8.2300000e-01
   2.3478300e+02   7.8700000e-01
   2.4116000e+02   8.0000000e-01
   2.4719100e+02   7.3900000e-01
   2.5347800e+02   7.3600000e-01
   2.5966400e+02   8.1100000e-01
   2.6633000e+02   8.4100000e-01
   2.7264800e+02   8.2600000e-01
   2.7926400e+02   8.1900000e-01
   2.8570100e+02   7.8900000e-01
   2.9165000e+02   6.9000000e-01
   2.9805400e+02   7.7100000e-01
