   2.0500000e+00   7.9200000e-01
   9.2170000e+00   1.0710000e+00
   1.5917000e+01   6.7800000e-01
   2.3369000e+01   1.1180000e+00
   3.0251000e+01   8.9500000e-01
   3.6526000e+01   8.2100000e-01
   4.5009000e+01   8.4700000e-01
   5.2306000e+01   1.3120000e+00
   5.9399000e+01   6.7500000e-01
   6.8396000e+01   9.9800000e-01
   7.5011000e+01   1.1900000e+00
   8.2867000e+01   6.8200000e-01
   9.0375000e+01   1.0100000e+00
   9.5902000e+01   6.0100000e-01
   1.0320400e+02   8.1100000e-01
   1.0941400e+02   9.2800000e-01
   1.1640800e+02   6.4900000e-01
   1.2508700e+02   9.9200000e-01
   1.3144000e+02   7.8300000e-01
   1.3968300e+02   8.3500000e-01
   1.4643600e+02   1.1810000e+00
   1.5427100e+02   7.0900000e-01
   1.6220300e+02   1.1510000e+00
   1.6841000e+02   7.6500000e-01
   1.7689200e+02   7.6800000e-01
   1.8406400e+02   1.2350000e+00
   1.9080500e+02   6.8600000e-01
   1.9866500e+02   9.0400000e-01
   2.0442800e+02   8.7300000e-01
   2.1246100e+02   7.2000000e-01
   2.1906500e+02   1.0760000e+00
   2.2583400e+02   6.6100000e-01
   2.3394400e+02   9.4100000e-01
   2.3991600e+02   9.0800000e-01
   2.4783400e+02   7.3300000e-01
   2.5476500e+02   1.1100000e+00
   2.6167600e+02   6.8200000e-01
   2.6904200e+02   1.0870000e+00
   2.7519900e+02   6.8700000e-01
   2.8254100e+02   7.9200000e-01
   2.8827000e+02   8.8500000e-01
   2.9565000e+02   8.1000000e-01
