   2.3150000e+00   8.6900000e-01
   8.8810000e+00   7.5800000e-01
   1.5349000e+01   7.8900000e-01
   2.1953000e+01   8.4900000e-01
   2.8483000e+01   8.4200000e-01
   3.4835000e+01   6.7700000e-01
   4.1285000e+01   8.3800000e-01
   4.7993000e+01   8.6300000e-01
   5.4470000e+01   8.1300000e-01
   6.1178000e+01   7.7600000e-01
   6.7120000e+01   7.2000000e-01
   7.3490000e+01   8.1200000e-01
   8.0266000e+01   8.1800000e-01
   8.6911000e+01   8.0600000e-01
   9.3052000e+01   7.9100000e-01
   9.9317000e+01   7.2200000e-01
   1.0547100e+02   7.2800000e-01
   1.1105500e+02   7.1300000e-01
   1.1718800e+02   7.9100000e-01
   1.2316700e+02   7.6800000e-01
   1.2902800e+02   6.8800000e-01
   1.3517600e+02   8.7300000e-01
   1.4193100e+02   8.7700000e-01
   1.4860200e+02   7.9300000e-01
   1.5538000e+02   7.5500000e-01
   1.6163400e+02   7.7200000e-01
   1.6821000e+02   8.0700000e-01
   1.7412100e+02   6.7500000e-01
   1.8014100e+02   7.6200000e-01
   1.8642200e+02   8.0200000e-01
   1.9300300e+02   8.3800000e-01
   1.9978900e+02   8.4000000e-01
   2.0614300e+02   8.4300000e-01
   2.1251900e+02   7.6100000e-01
   2.1827700e+02   8.1000000e-01
   2.2461600e+02   7.7500000e-01
   2.3126200e+02   8.2900000e-01
   2.3703700e+02   6.8300000e-01
   2.4341800e+02   7.5100000e-01
   2.4982400e+02   7.4900000e-01
   2.5621600e+02   7.7900000e-01
   2.6258500e+02   7.9600000e-01
   2.6890000e+02   8.2700000e-01
   2.7489400e+02   6.9100000e-01
   2.8106100e+02   8.2600000e-01
   2.8745800e+02   8.0100000e-01
   2.9373200e+02   7.6700000e-01
   2.9997400e+02   7.6500000e-01
