   2.6250000e+00   8.0200000e-01
   9.2910000e+00   9.3600000e-01
   1.6298000e+01   7.6900000e-01
   2.3259000e+01   9.4100000e-01
   2.9954000e+01   8.6500000e-01
   3.7427000e+01   8.3100000e-01
   4.3937000e+01   9.4100000e-01
   5.1111000e+01   7.6500000e-01
   5.8161000e+01   9.7600000e-01
   6.4756000e+01   7.3900000e-01
   7.1981000e+01   9.4600000e-01
   7.8602000e+01   8.5900000e-01
   8.5757000e+01   8.2000000e-01
   9.2363000e+01   9.2300000e-01
   9.9244000e+01   7.5100000e-01
   1.0625700e+02   9.5300000e-01
   1.1265100e+02   7.1900000e-01
   1.1975000e+02   9.5200000e-01
   1.2635300e+02   8.3500000e-01
   1.3338300e+02   8.1600000e-01
   1.3965900e+02   8.7300000e-01
   1.4664700e+02   7.8400000e-01
   1.5325800e+02   9.1700000e-01
   1.5987700e+02   7.3400000e-01
   1.6675700e+02   9.2400000e-01
   1.7322200e+02   7.9900000e-01
   1.8027500e+02   8.5600000e-01
   1.8652600e+02   8.4000000e-01
   1.9342000e+02   7.8600000e-01
   1.9983700e+02   9.0400000e-01
   2.0688000e+02   7.7200000e-01
   2.1364200e+02   9.6500000e-01
   2.2053700e+02   7.5100000e-01
   2.2735100e+02   8.9300000e-01
   2.3361100e+02   7.9700000e-01
   2.4099100e+02   8.9800000e-01
   2.4747700e+02   9.0200000e-01
   2.5456300e+02   7.8900000e-01
   2.6114800e+02   9.0300000e-01
   2.6790500e+02   7.5000000e-01
   2.7459200e+02   8.8900000e-01
   2.8091500e+02   7.7500000e-01
   2.8812400e+02   9.0300000e-01
   2.9431900e+02   8.0900000e-01
