   2.6840000e+00   8.1500000e-01
   9.4220000e+00   7.3600000e-01
   1.5882000e+01   8.0400000e-01
   2.3301000e+01   9.3600000e-01
   2.9752000e+01   7.2800000e-01
   3.6796000e+01   7.7300000e-01
   4.2778000e+01   7.8900000e-01
   4.8898000e+01   7.5500000e-01
   5.5065000e+01   8.1000000e-01
   6.1214000e+01   7.3100000e-01
   6.7679000e+01   7.9700000e-01
   7.3909000e+01   8.2600000e-01
   8.0112000e+01   7.4400000e-01
   8.6548000e+01   7.8200000e-01
   9.2551000e+01   8.1100000e-01
   9.8871000e+01   7.5200000e-01
   1.0506700e+02   8.0100000e-01
   1.1094400e+02   7.1300000e-01
   1.1719000e+02   7.8000000e-01
   1.2328200e+02   8.4200000e-01
   1.2946600e+02   7.2500000e-01
   1.3549000e+02   7.5400000e-01
   1.4128300e+02   7.1700000e-01
   1.4719000e+02   7.0800000e-01
   1.5300600e+02   8.2500000e-01
   1.5871200e+02   7.0800000e-01
   1.6490300e+02   7.9100000e-01
   1.7077100e+02   7.3000000e-01
   1.7727600e+02   7.6000000e-01
   1.8344900e+02   8.3500000e-01
   1.8947600e+02   7.1700000e-01
   1.9573700e+02   7.9600000e-01
   2.0174100e+02   7.5600000e-01
   2.0796400e+02   7.3200000e-01
   2.1419600e+02   7.9900000e-01
   2.2002100e+02   7.3100000e-01
   2.2628300e+02   7.8900000e-01
   2.3238000e+02   8.0700000e-01
   2.3873200e+02   7.5800000e-01
   2.4533300e+02   8.4700000e-01
   2.5156700e+02   7.7500000e-01
   2.5785000e+02   7.5800000e-01
   2.6405000e+02   8.3500000e-01
   2.7013600e+02   7.3900000e-01
   2.7640400e+02   7.9600000e-01
   2.8252700e+02   8.4200000e-01
   2.8882600e+02   7.3600000e-01
   2.9513800e+02   7.9900000e-01
