   2.0040000e+00   7.5200000e-01
   8.0630000e+00   7.1400000e-01
   1.4256000e+01   8.9700000e-01
   2.0457000e+01   7.0600000e-01
   2.7125000e+01   7.7200000e-01
   3.3168000e+01   8.9600000e-01
   3.9414000e+01   6.6800000e-01
   4.5679000e+01   9.0100000e-01
   5.1867000e+01   8.1300000e-01
   5.8423000e+01   6.9000000e-01
   6.4611000e+01   9.2300000e-01
   7.0655000e+01   6.8600000e-01
   7.7261000e+01   8.1200000e-01
   8.3411000e+01   9.3000000e-01
   8.9679000e+01   6.8500000e-01
   9.6341000e+01   8.2300000e-01
   1.0198700e+02   7.5100000e-01
   1.0826000e+02   6.8900000e-01
   1.1465000e+02   8.8100000e-01
   1.2040600e+02   7.3400000e-01
   1.2708100e+02   7.6200000e-01
   1.3322100e+02   9.0900000e-01
   1.3946900e+02   6.8400000e-01
   1.4536800e+02   7.2900000e-01
   1.5102300e+02   7.3100000e-01
   1.5715400e+02   6.9800000e-01
   1.6294400e+02   8.4400000e-01
   1.6905800e+02   6.7600000e-01
   1.7531700e+02   8.3600000e-01
   1.8120700e+02   7.4500000e-01
   1.8743100e+02   6.5700000e-01
   1.9300000e+02   8.8700000e-01
   1.9929200e+02   6.9500000e-01
   2.0595200e+02   8.4800000e-01
   2.1154400e+02   6.7200000e-01
   2.1771100e+02   6.9900000e-01
   2.2384700e+02   8.7800000e-01
   2.2989400e+02   7.0000000e-01
   2.3656300e+02   8.6500000e-01
   2.4260700e+02   8.8100000e-01
   2.4900600e+02   6.8600000e-01
   2.5542500e+02   8.6200000e-01
   2.6130900e+02   7.6000000e-01
   2.6816600e+02   7.3200000e-01
   2.7453200e+02   9.1600000e-01
   2.8063400e+02   6.9900000e-01
   2.8753700e+02   7.6400000e-01
   2.9368500e+02   8.8800000e-01
   2.9983900e+02   6.8400000e-01
