   2.6620000e+00   8.6800000e-01
   9.3460000e+00   7.9200000e-01
   1.6942000e+01   7.1000000e-01
   2.4416000e+01   8.1400000e-01
   3.1488000e+01   8.4800000e-01
   3.7686000e+01   8.5900000e-01
   4.3314000e+01   6.3000000e-01
   4.8947000e+01   6.7400000e-01
   5.4513000e+01   7.7900000e-01
   6.0412000e+01   6.6100000e-01
   6.6671000e+01   6.9600000e-01
   7.3249000e+01   7.9700000e-01
   7.8786000e+01   7.1800000e-01
   8.4019000e+01   6.3100000e-01
   8.9989000e+01   6.4700000e-01
   9.5074000e+01   6.9200000e-01
   1.0077400e+02   7.3100000e-01
   1.0625500e+02   7.0900000e-01
   1.1269000e+02   7.5900000e-01
   1.1945500e+02   9.4500000e-01
   1.2589100e+02   1.1680000e+00
   1.3242300e+02   6.6200000e-01
   1.3907700e+02   7.0100000e-01
   1.4489200e+02   6.9600000e-01
   1.5081100e+02   7.2300000e-01
   1.5688000e+02   8.4200000e-01
   1.6306900e+02   1.0900000e+00
   1.6952700e+02   6.6900000e-01
   1.7633700e+02   8.1600000e-01
   1.8246100e+02   8.2000000e-01
   1.8847100e+02   9.5500000e-01
   1.9458300e+02   7.1900000e-01
   2.0108900e+02   7.7900000e-01
   2.0733800e+02   8.9800000e-01
   2.1339200e+02   7.1500000e-01
   2.1911700e+02   7.0000000e-01
   2.2523500e+02   8.4600000e-01
   2.3118100e+02   7.3800000e-01
   2.3779100e+02   7.1000000e-01
   2.4361900e+02   8.1100000e-01
   2.4969400e+02   6.8900000e-01
   2.5594800e+02   7.0400000e-01
   2.6166600e+02   7.3100000e-01
   2.6726400e+02   7.8500000e-01
   2.7306900e+02   6.5800000e-01
   2.7853600e+02   7.0800000e-01
   2.8399000e+02   7.1600000e-01
   2.9044300e+02   6.9300000e-01
   2.9656400e+02   7.8500000e-01
