   2.2800000e+00   9.7900000e-01
   9.9630000e+00   8.5300000e-01
   1.7586000e+01   1.0980000e+00
   2.5128000e+01   8.3800000e-01
   3.2516000e+01   1.1240000e+00
   4.0408000e+01   9.6100000e-01
   4.7782000e+01   1.0060000e+00
   5.5816000e+01   1.0180000e+00
   6.3206000e+01   8.2100000e-01
   7.0598000e+01   9.1500000e-01
   7.7667000e+01   7.9600000e-01
   8.4539000e+01   9.5800000e-01
   9.1429000e+01   8.5200000e-01
   9.8285000e+01   8.1200000e-01
   1.0587500e+02   9.5200000e-01
   1.1324700e+02   9.7800000e-01
   1.2059200e+02   9.4500000e-01
   1.2768900e+02   8.1600000e-01
   1.3458200e+02   8.1400000e-01
   1.4175800e+02   9.3300000e-01
   1.4895100e+02   8.3300000e-01
   1.5578600e+02   7.5800000e-01
   1.6329100e+02   9.2800000e-01
   1.7053100e+02   9.6900000e-01
   1.7771400e+02   8.6500000e-01
   1.8525200e+02   9.2400000e-01
   1.9217500e+02   9.1400000e-01
   1.9882700e+02   8.2900000e-01
   2.0596600e+02   8.5100000e-01
   2.1306500e+02   9.4300000e-01
   2.2041000e+02   9.8500000e-01
   2.2721200e+02   8.5000000e-01
   2.3411600e+02   8.5300000e-01
   2.4101400e+02   8.2100000e-01
   2.4777300e+02   8.8500000e-01
   2.5505400e+02   8.5600000e-01
   2.6203100e+02   1.0170000e+00
   2.6910500e+02   8.8800000e-01
   2.7623400e+02   9.0000000e-01
   2.8351000e+02   1.0150000e+00
   2.9076800e+02   8.5500000e-01
   2.9785200e+02   9.7900000e-01
