   2.3580000e+00   8.4800000e-01
   9.7050000e+00   8.7000000e-01
   1.6978000e+01   1.0220000e+00
   2.4339000e+01   1.0840000e+00
   3.1812000e+01   1.1790000e+00
   3.9855000e+01   7.0500000e-01
   4.9226000e+01   9.1300000e-01
   5.6252000e+01   7.6600000e-01
   6.3672000e+01   9.8300000e-01
   7.1334000e+01   1.2060000e+00
   7.9906000e+01   1.2270000e+00
   8.7994000e+01   1.1640000e+00
   9.6323000e+01   9.6400000e-01
   1.0392200e+02   9.7200000e-01
   1.1214200e+02   8.4600000e-01
   1.2035100e+02   9.8500000e-01
   1.2878900e+02   9.2100000e-01
   1.3641300e+02   1.0690000e+00
   1.4369800e+02   1.1870000e+00
   1.5176200e+02   9.8900000e-01
   1.6000800e+02   9.6300000e-01
   1.6884800e+02   1.3740000e+00
   1.7618900e+02   7.8100000e-01
   1.8312100e+02   8.2000000e-01
   1.9021400e+02   9.7900000e-01
   1.9786900e+02   1.0460000e+00
   2.0540600e+02   8.2000000e-01
   2.1301800e+02   9.2400000e-01
   2.2127600e+02   1.1280000e+00
   2.2966000e+02   1.0880000e+00
   2.3755600e+02   1.1040000e+00
   2.4552100e+02   1.1040000e+00
   2.5361100e+02   1.0240000e+00
   2.6121900e+02   8.4300000e-01
   2.6870500e+02   6.7800000e-01
   2.7613600e+02   1.0370000e+00
   2.8368800e+02   1.1310000e+00
   2.9309400e+02   1.1270000e+00
