   2.3650000e+00   7.9200000e-01
   8.3480000e+00   6.8700000e-01
   1.5337000e+01   8.0200000e-01
   2.2095000e+01   8.6300000e-01
   2.8645000e+01   8.8200000e-01
   3.4858000e+01   6.8900000e-01
   4.1348000e+01   7.4300000e-01
   4.7396000e+01   7.6800000e-01
   5.3042000e+01   7.5700000e-01
   5.9022000e+01   6.9400000e-01
   6.5230000e+01   7.6900000e-01
   7.1040000e+01   8.3500000e-01
   7.6948000e+01   6.6900000e-01
   8.2742000e+01   7.0500000e-01
   8.8353000e+01   7.7100000e-01
   9.3978000e+01   6.6100000e-01
   9.9731000e+01   7.2300000e-01
   1.0546500e+02   8.2400000e-01
   1.1116200e+02   6.6300000e-01
   1.1687900e+02   7.1200000e-01
   1.2262300e+02   8.1800000e-01
   1.2825300e+02   6.6400000e-01
   1.3410900e+02   7.1100000e-01
   1.3967400e+02   7.5600000e-01
   1.4528700e+02   6.6500000e-01
   1.5104100e+02   7.0000000e-01
   1.5646300e+02   7.2500000e-01
   1.6200400e+02   6.5700000e-01
   1.6768000e+02   7.0800000e-01
   1.7321700e+02   7.7700000e-01
   1.7892400e+02   6.4900000e-01
   1.8460600e+02   7.1900000e-01
   1.9000800e+02   6.9500000e-01
   1.9564900e+02   6.7600000e-01
   2.0118200e+02   7.1300000e-01
   2.0658800e+02   6.7200000e-01
   2.1249400e+02   6.6500000e-01
   2.1823200e+02   7.5600000e-01
   2.2380500e+02   7.1800000e-01
   2.2949300e+02   6.6100000e-01
   2.3507800e+02   7.3800000e-01
   2.4060400e+02   6.5900000e-01
   2.4649900e+02   6.7600000e-01
   2.5215100e+02   7.3700000e-01
   2.5756800e+02   6.6800000e-01
   2.6332900e+02   6.7500000e-01
   2.6883600e+02   7.2800000e-01
   2.7430900e+02   6.5800000e-01
   2.7996600e+02   6.8900000e-01
   2.8558200e+02   7.6000000e-01
   2.9128100e+02   6.8100000e-01
   2.9698500e+02   6.9900000e-01
