   2.7480000e+00   8.5400000e-01
   9.2810000e+00   8.0700000e-01
   1.6341000e+01   7.8600000e-01
   2.3446000e+01   8.2400000e-01
   3.0461000e+01   9.2200000e-01
   3.7346000e+01   9.1400000e-01
   4.4562000e+01   9.3800000e-01
   5.1524000e+01   8.2300000e-01
   5.8625000e+01   8.1800000e-01
   6.5586000e+01   8.6800000e-01
   7.2409000e+01   9.1400000e-01
   7.9169000e+01   9.0300000e-01
   8.5925000e+01   8.0500000e-01
   9.2171000e+01   7.0100000e-01
   9.8827000e+01   8.6400000e-01
   1.0547000e+02   9.1200000e-01
   1.1236700e+02   8.5200000e-01
   1.1932000e+02   8.2700000e-01
   1.2627700e+02   8.0600000e-01
   1.3331100e+02   9.1800000e-01
   1.4018700e+02   9.0300000e-01
   1.4713100e+02   8.9400000e-01
   1.5398300e+02   8.4200000e-01
   1.6116100e+02   8.2400000e-01
   1.6797800e+02   8.7900000e-01
   1.7470000e+02   8.6400000e-01
   1.8130300e+02   8.3600000e-01
   1.8842800e+02   8.6800000e-01
   1.9525800e+02   8.0200000e-01
   2.0193000e+02   8.3500000e-01
   2.0852100e+02   8.8400000e-01
   2.1517900e+02   8.5500000e-01
   2.2202100e+02   8.0800000e-01
   2.2873400e+02   8.0600000e-01
   2.3527600e+02   8.5600000e-01
   2.4163500e+02   8.7000000e-01
   2.4823700e+02   7.8200000e-01
   2.5479300e+02   7.8500000e-01
   2.6179200e+02   9.2700000e-01
   2.6877400e+02   9.3400000e-01
   2.7589900e+02   9.4500000e-01
   2.8284700e+02   8.4200000e-01
   2.9006100e+02   8.2500000e-01
   2.9715200e+02   8.4300000e-01
