   2.5200000e+00   1.1060000e+00
   1.1375000e+01   1.0210000e+00
   1.9380000e+01   1.1200000e+00
   2.7335000e+01   9.3100000e-01
   3.5871000e+01   1.0020000e+00
   4.3784000e+01   1.0780000e+00
   5.1412000e+01   9.1500000e-01
   5.9885000e+01   9.3500000e-01
   6.7598000e+01   1.1280000e+00
   7.5282000e+01   8.7800000e-01
   8.3400000e+01   9.3500000e-01
   9.0947000e+01   1.1400000e+00
   9.8936000e+01   8.5700000e-01
   1.0703300e+02   1.0200000e+00
   1.1449500e+02   1.0470000e+00
   1.2215400e+02   8.0000000e-01
   1.3017000e+02   1.0540000e+00
   1.3754800e+02   1.0730000e+00
   1.4540300e+02   8.1500000e-01
   1.5314900e+02   1.0470000e+00
   1.6030300e+02   9.4700000e-01
   1.6827500e+02   8.6400000e-01
   1.7588100e+02   1.0680000e+00
   1.8323700e+02   8.2000000e-01
   1.9144900e+02   9.5800000e-01
   1.9867400e+02   1.0610000e+00
   2.0601900e+02   7.6200000e-01
   2.1409000e+02   1.0320000e+00
   2.2114400e+02   1.0530000e+00
   2.2908700e+02   8.1900000e-01
   2.3659300e+02   1.0190000e+00
   2.4355400e+02   8.4800000e-01
   2.5168700e+02   9.3400000e-01
   2.5909300e+02   1.0620000e+00
   2.6685300e+02   8.4200000e-01
   2.7489500e+02   9.6600000e-01
   2.8218900e+02   1.1000000e+00
   2.9009600e+02   8.0600000e-01
   2.9781900e+02   1.0060000e+00
