   2.0590000e+00
   2.0590000e+00
   2.0590000e+00
   2.0590000e+00
   2.0590000e+00
   2.0590000e+00
   2.0590000e+00
   2.0590000e+00
   2.0590000e+00
   2.0590000e+00
   2.0590000e+00
   2.0590000e+00
   2.0590000e+00
   2.0590000e+00
   2.0590000e+00
   2.0590000e+00
   2.0590000e+00
   2.0590000e+00
   2.0590000e+00
   2.0590000e+00
   2.0590000e+00
   2.0590000e+00
   2.0590000e+00
   2.0590000e+00
   2.0590000e+00
   2.0590000e+00
   2.0590000e+00
   2.0600000e+00
   2.0600000e+00
   2.0600000e+00
   2.0600000e+00
   2.0600000e+00
   2.0600000e+00
   2.0600000e+00
   2.0600000e+00
   2.0600000e+00
   2.0600000e+00
   2.0600000e+00
   2.0600000e+00
   2.0600000e+00
   2.0600000e+00
   2.0600000e+00
   2.0600000e+00
   2.0610000e+00
   2.0610000e+00
   2.0610000e+00
   2.0610000e+00
   2.0610000e+00
   2.0610000e+00
   2.0610000e+00
   2.0610000e+00
   2.0610000e+00
   2.0610000e+00
   2.0610000e+00
   2.0620000e+00
   2.0620000e+00
   2.0620000e+00
   2.0620000e+00
   2.0620000e+00
   2.0630000e+00
   2.0630000e+00
   2.0630000e+00
   2.0630000e+00
   2.0630000e+00
   2.0630000e+00
   2.0630000e+00
   2.0630000e+00
   2.0630000e+00
   2.0640000e+00
   2.0640000e+00
   2.0640000e+00
   2.0640000e+00
   2.0640000e+00
   2.0640000e+00
   2.0640000e+00
   2.0640000e+00
   2.0640000e+00
   2.0640000e+00
   2.0640000e+00
   2.0640000e+00
   2.0640000e+00
   2.0640000e+00
   2.0640000e+00
   2.0640000e+00
   2.0640000e+00
   2.0640000e+00
   2.0640000e+00
   2.0640000e+00
   2.0640000e+00
   2.0640000e+00
   2.0640000e+00
   2.0640000e+00
   2.0640000e+00
   2.0640000e+00
   2.0640000e+00
   2.0640000e+00
   2.0640000e+00
   2.0640000e+00
   2.0640000e+00
   2.0640000e+00
   2.0640000e+00
   2.0640000e+00
   2.0640000e+00
   2.0640000e+00
   2.0640000e+00
   2.0640000e+00
   2.0640000e+00
   2.0640000e+00
   2.0640000e+00
   2.0640000e+00
   2.0640000e+00
   2.0640000e+00
   2.0640000e+00
   2.0640000e+00
   2.0640000e+00
   2.0640000e+00
   2.0640000e+00
   2.0640000e+00
   2.0640000e+00
   2.0640000e+00
   2.0640000e+00
   2.0640000e+00
   2.0640000e+00
   2.0640000e+00
   2.0640000e+00
   2.0640000e+00
   2.0640000e+00
   2.0640000e+00
   2.0640000e+00
   2.0640000e+00
   2.0640000e+00
   2.0640000e+00
   2.0640000e+00
   2.0640000e+00
   2.0640000e+00
   2.0640000e+00
   2.0640000e+00
   2.0640000e+00
   2.0640000e+00
   2.0640000e+00
   2.0640000e+00
   2.0640000e+00
   2.0640000e+00
   2.0640000e+00
   2.0640000e+00
   2.0650000e+00
   2.0650000e+00
   2.0650000e+00
   2.0650000e+00
   2.0650000e+00
   2.0650000e+00
   2.0650000e+00
   2.0650000e+00
   2.0650000e+00
   2.0650000e+00
   2.0650000e+00
   2.0650000e+00
   2.0650000e+00
   2.0650000e+00
   2.0650000e+00
   2.0650000e+00
   2.0650000e+00
   2.0650000e+00
   2.0650000e+00
   2.0660000e+00
   2.0660000e+00
   2.0660000e+00
   2.0660000e+00
   2.0660000e+00
   2.0660000e+00
   2.0660000e+00
   2.0660000e+00
   2.0660000e+00
   2.0660000e+00
   2.0660000e+00
   2.0660000e+00
   2.0670000e+00
   2.0670000e+00
   2.0670000e+00
   2.0670000e+00
   2.0670000e+00
   2.0670000e+00
   2.0670000e+00
   2.0670000e+00
   2.0670000e+00
   2.0670000e+00
   2.0680000e+00
   2.0680000e+00
   2.0680000e+00
   2.0680000e+00
   2.0680000e+00
   2.0680000e+00
   2.0680000e+00
   2.0680000e+00
   2.0680000e+00
   2.0680000e+00
   2.0680000e+00
   2.0680000e+00
   2.0680000e+00
   2.0680000e+00
   2.0680000e+00
   2.0680000e+00
   2.0690000e+00
   2.0690000e+00
   2.0690000e+00
   2.0690000e+00
   2.0690000e+00
   2.0690000e+00
   2.0690000e+00
   2.0690000e+00
   2.0690000e+00
   2.0690000e+00
   2.0690000e+00
   2.0690000e+00
   2.0700000e+00
   2.0700000e+00
   2.0700000e+00
   2.0700000e+00
   2.0700000e+00
   2.0700000e+00
   2.0700000e+00
   2.0700000e+00
   2.0700000e+00
   2.0700000e+00
   2.0700000e+00
   2.0700000e+00
   2.0710000e+00
   2.0710000e+00
   2.0710000e+00
   2.0710000e+00
   2.0710000e+00
   2.0710000e+00
   2.0710000e+00
   2.0710000e+00
   2.0710000e+00
   2.0710000e+00
   2.0710000e+00
   2.0710000e+00
   2.0710000e+00
   2.0710000e+00
   2.0710000e+00
   2.0710000e+00
   2.0710000e+00
   2.0720000e+00
   2.0720000e+00
   2.0720000e+00
   2.0720000e+00
   2.0720000e+00
   2.0720000e+00
   2.0720000e+00
   2.0720000e+00
   2.0720000e+00
   2.0720000e+00
   2.0720000e+00
   2.0720000e+00
   2.0720000e+00
   2.0720000e+00
   2.0720000e+00
   2.0720000e+00
   2.0720000e+00
   2.0730000e+00
   2.0730000e+00
   2.0730000e+00
   2.0730000e+00
   2.0730000e+00
   2.0730000e+00
   2.0730000e+00
   2.0730000e+00
   2.0730000e+00
   2.0730000e+00
   2.0730000e+00
   2.0730000e+00
   2.0730000e+00
   2.0730000e+00
   2.0730000e+00
   2.0730000e+00
   2.0730000e+00
   2.0730000e+00
   2.0730000e+00
   2.0730000e+00
   2.0730000e+00
   2.0730000e+00
   2.0730000e+00
   2.0740000e+00
   2.0740000e+00
   2.0740000e+00
   2.0740000e+00
   2.0740000e+00
   2.0740000e+00
   2.0740000e+00
   2.0740000e+00
   2.0740000e+00
   2.0750000e+00
   2.0750000e+00
   2.0750000e+00
   2.0760000e+00
   2.0760000e+00
   2.0760000e+00
   2.0770000e+00
   2.0770000e+00
   2.0780000e+00
   2.0780000e+00
   2.0780000e+00
   2.0790000e+00
   2.0790000e+00
   2.0800000e+00
   2.0800000e+00
   2.0810000e+00
   2.0810000e+00
   2.0820000e+00
   2.0820000e+00
   2.0830000e+00
   2.0830000e+00
   2.0840000e+00
   2.0840000e+00
   2.0850000e+00
   2.0850000e+00
   2.0860000e+00
   2.0860000e+00
   2.0870000e+00
   2.0870000e+00
   2.0870000e+00
   2.0880000e+00
   2.0880000e+00
   2.0890000e+00
   2.0890000e+00
   2.0900000e+00
   2.0900000e+00
   2.0900000e+00
   2.0910000e+00
   2.0910000e+00
   2.0920000e+00
   2.0920000e+00
   2.0920000e+00
   2.0930000e+00
   2.0930000e+00
   2.0930000e+00
   2.0930000e+00
   2.0940000e+00
   2.0940000e+00
   2.0940000e+00
   2.0940000e+00
   2.0950000e+00
   2.0950000e+00
   2.0950000e+00
   2.0950000e+00
   2.0960000e+00
   2.0960000e+00
   2.0960000e+00
   2.0960000e+00
   2.0960000e+00
   2.0970000e+00
   2.0970000e+00
   2.0970000e+00
   2.0970000e+00
   2.0970000e+00
   2.0970000e+00
   2.0980000e+00
   2.0980000e+00
   2.0980000e+00
   2.0980000e+00
   2.0980000e+00
   2.0980000e+00
   2.0990000e+00
   2.0990000e+00
   2.0990000e+00
   2.0990000e+00
   2.0990000e+00
   2.0990000e+00
   2.0990000e+00
   2.0990000e+00
   2.1000000e+00
   2.1000000e+00
   2.1000000e+00
   2.1000000e+00
   2.1000000e+00
   2.1000000e+00
   2.1000000e+00
   2.1000000e+00
   2.1000000e+00
   2.1010000e+00
   2.1010000e+00
   2.1010000e+00
   2.1010000e+00
   2.1010000e+00
   2.1010000e+00
   2.1010000e+00
   2.1010000e+00
   2.1010000e+00
   2.1010000e+00
   2.1010000e+00
   2.1010000e+00
   2.1020000e+00
   2.1020000e+00
   2.1020000e+00
   2.1020000e+00
   2.1020000e+00
   2.1020000e+00
   2.1020000e+00
   2.1020000e+00
   2.1020000e+00
   2.1020000e+00
   2.1020000e+00
   2.1030000e+00
   2.1030000e+00
   2.1030000e+00
   2.1030000e+00
   2.1030000e+00
   2.1030000e+00
   2.1040000e+00
   2.1040000e+00
   2.1040000e+00
   2.1040000e+00
   2.1050000e+00
   2.1050000e+00
   2.1050000e+00
   2.1050000e+00
   2.1050000e+00
   2.1060000e+00
   2.1060000e+00
   2.1060000e+00
   2.1060000e+00
   2.1060000e+00
   2.1070000e+00
   2.1070000e+00
   2.1070000e+00
   2.1070000e+00
   2.1070000e+00
   2.1070000e+00
   2.1070000e+00
   2.1070000e+00
   2.1070000e+00
   2.1070000e+00
   2.1080000e+00
   2.1080000e+00
   2.1080000e+00
   2.1080000e+00
   2.1080000e+00
   2.1080000e+00
   2.1080000e+00
   2.1080000e+00
   2.1080000e+00
   2.1080000e+00
   2.1080000e+00
   2.1080000e+00
   2.1080000e+00
   2.1080000e+00
   2.1080000e+00
   2.1080000e+00
   2.1080000e+00
   2.1080000e+00
   2.1080000e+00
   2.1080000e+00
   2.1080000e+00
   2.1080000e+00
   2.1080000e+00
   2.1080000e+00
   2.1070000e+00
   2.1070000e+00
   2.1070000e+00
   2.1070000e+00
   2.1070000e+00
   2.1070000e+00
   2.1070000e+00
   2.1070000e+00
   2.1070000e+00
   2.1070000e+00
   2.1070000e+00
   2.1070000e+00
   2.1070000e+00
   2.1070000e+00
   2.1070000e+00
   2.1070000e+00
   2.1060000e+00
   2.1060000e+00
   2.1060000e+00
   2.1060000e+00
   2.1060000e+00
   2.1060000e+00
   2.1060000e+00
   2.1060000e+00
   2.1060000e+00
   2.1060000e+00
   2.1060000e+00
   2.1060000e+00
   2.1060000e+00
   2.1060000e+00
   2.1060000e+00
   2.1060000e+00
   2.1060000e+00
   2.1060000e+00
   2.1060000e+00
   2.1050000e+00
   2.1050000e+00
   2.1050000e+00
   2.1050000e+00
   2.1050000e+00
   2.1050000e+00
   2.1050000e+00
   2.1050000e+00
   2.1050000e+00
   2.1050000e+00
   2.1050000e+00
   2.1050000e+00
   2.1050000e+00
   2.1050000e+00
   2.1050000e+00
   2.1050000e+00
   2.1050000e+00
   2.1050000e+00
   2.1050000e+00
   2.1050000e+00
   2.1050000e+00
   2.1050000e+00
   2.1050000e+00
   2.1050000e+00
   2.1050000e+00
   2.1050000e+00
   2.1040000e+00
   2.1040000e+00
   2.1040000e+00
   2.1040000e+00
   2.1040000e+00
   2.1040000e+00
   2.1040000e+00
   2.1040000e+00
   2.1040000e+00
   2.1040000e+00
   2.1040000e+00
   2.1040000e+00
   2.1040000e+00
   2.1040000e+00
   2.1040000e+00
   2.1040000e+00
   2.1040000e+00
   2.1040000e+00
   2.1040000e+00
   2.1040000e+00
   2.1040000e+00
   2.1040000e+00
   2.1040000e+00
   2.1040000e+00
   2.1040000e+00
   2.1040000e+00
   2.1030000e+00
   2.1030000e+00
   2.1030000e+00
   2.1030000e+00
   2.1030000e+00
   2.1030000e+00
   2.1030000e+00
   2.1030000e+00
   2.1030000e+00
   2.1030000e+00
   2.1030000e+00
   2.1030000e+00
   2.1030000e+00
   2.1030000e+00
   2.1030000e+00
   2.1030000e+00
   2.1030000e+00
   2.1030000e+00
   2.1030000e+00
   2.1030000e+00
   2.1030000e+00
   2.1030000e+00
   2.1030000e+00
   2.1030000e+00
   2.1030000e+00
   2.1030000e+00
   2.1030000e+00
   2.1030000e+00
   2.1030000e+00
   2.1030000e+00
   2.1030000e+00
   2.1030000e+00
   2.1030000e+00
   2.1030000e+00
   2.1030000e+00
   2.1030000e+00
   2.1030000e+00
   2.1030000e+00
   2.1030000e+00
   2.1030000e+00
   2.1030000e+00
   2.1030000e+00
   2.1030000e+00
   2.1030000e+00
   2.1030000e+00
   2.1030000e+00
   2.1030000e+00
   2.1030000e+00
   2.1030000e+00
   2.1030000e+00
   2.1030000e+00
   2.1040000e+00
   2.1040000e+00
   2.1040000e+00
   2.1040000e+00
   2.1040000e+00
   2.1040000e+00
   2.1040000e+00
   2.1040000e+00
   2.1040000e+00
   2.1040000e+00
   2.1040000e+00
   2.1040000e+00
   2.1050000e+00
   2.1050000e+00
   2.1050000e+00
   2.1050000e+00
   2.1050000e+00
   2.1050000e+00
   2.1050000e+00
   2.1050000e+00
   2.1050000e+00
   2.1050000e+00
   2.1050000e+00
   2.1060000e+00
   2.1060000e+00
   2.1060000e+00
   2.1060000e+00
   2.1060000e+00
   2.1060000e+00
   2.1060000e+00
   2.1060000e+00
   2.1060000e+00
   2.1060000e+00
   2.1060000e+00
   2.1070000e+00
   2.1070000e+00
   2.1070000e+00
   2.1070000e+00
   2.1070000e+00
   2.1070000e+00
   2.1070000e+00
   2.1070000e+00
   2.1070000e+00
   2.1070000e+00
   2.1080000e+00
   2.1080000e+00
   2.1080000e+00
   2.1080000e+00
   2.1080000e+00
   2.1080000e+00
   2.1080000e+00
   2.1080000e+00
   2.1080000e+00
   2.1080000e+00
   2.1080000e+00
   2.1090000e+00
   2.1090000e+00
   2.1090000e+00
   2.1090000e+00
   2.1090000e+00
   2.1090000e+00
   2.1090000e+00
   2.1090000e+00
   2.1090000e+00
   2.1090000e+00
   2.1090000e+00
   2.1100000e+00
   2.1100000e+00
   2.1100000e+00
   2.1100000e+00
   2.1100000e+00
   2.1100000e+00
   2.1100000e+00
   2.1100000e+00
   2.1100000e+00
   2.1100000e+00
   2.1100000e+00
   2.1100000e+00
   2.1100000e+00
   2.1100000e+00
   2.1100000e+00
   2.1100000e+00
   2.1100000e+00
   2.1100000e+00
   2.1100000e+00
   2.1100000e+00
   2.1100000e+00
   2.1100000e+00
   2.1100000e+00
   2.1100000e+00
   2.1100000e+00
   2.1100000e+00
   2.1100000e+00
   2.1100000e+00
   2.1100000e+00
   2.1100000e+00
   2.1100000e+00
   2.1100000e+00
   2.1100000e+00
   2.1110000e+00
   2.1110000e+00
   2.1110000e+00
   2.1110000e+00
   2.1110000e+00
   2.1110000e+00
   2.1110000e+00
   2.1110000e+00
   2.1110000e+00
   2.1110000e+00
   2.1110000e+00
   2.1110000e+00
   2.1110000e+00
   2.1110000e+00
   2.1110000e+00
   2.1110000e+00
   2.1110000e+00
   2.1110000e+00
   2.1110000e+00
   2.1110000e+00
   2.1110000e+00
   2.1110000e+00
   2.1110000e+00
   2.1110000e+00
   2.1110000e+00
   2.1110000e+00
   2.1110000e+00
   2.1110000e+00
   2.1110000e+00
   2.1100000e+00
   2.1100000e+00
   2.1100000e+00
   2.1100000e+00
   2.1100000e+00
   2.1100000e+00
   2.1100000e+00
   2.1100000e+00
   2.1100000e+00
   2.1100000e+00
   2.1100000e+00
   2.1100000e+00
   2.1100000e+00
   2.1100000e+00
   2.1100000e+00
   2.1100000e+00
   2.1100000e+00
   2.1100000e+00
   2.1100000e+00
   2.1100000e+00
   2.1100000e+00
   2.1100000e+00
   2.1100000e+00
   2.1100000e+00
   2.1100000e+00
   2.1100000e+00
   2.1100000e+00
   2.1100000e+00
   2.1100000e+00
   2.1100000e+00
   2.1100000e+00
   2.1100000e+00
   2.1100000e+00
   2.1100000e+00
   2.1100000e+00
   2.1100000e+00
   2.1100000e+00
   2.1100000e+00
   2.1100000e+00
   2.1090000e+00
   2.1090000e+00
   2.1090000e+00
   2.1090000e+00
   2.1090000e+00
   2.1090000e+00
   2.1090000e+00
   2.1090000e+00
   2.1090000e+00
   2.1090000e+00
   2.1090000e+00
   2.1090000e+00
   2.1090000e+00
   2.1090000e+00
   2.1090000e+00
   2.1090000e+00
   2.1090000e+00
   2.1080000e+00
   2.1080000e+00
   2.1080000e+00
   2.1080000e+00
   2.1080000e+00
   2.1080000e+00
   2.1080000e+00
   2.1080000e+00
   2.1080000e+00
   2.1080000e+00
   2.1080000e+00
   2.1070000e+00
   2.1070000e+00
   2.1070000e+00
   2.1070000e+00
   2.1070000e+00
   2.1070000e+00
   2.1070000e+00
   2.1070000e+00
   2.1070000e+00
   2.1060000e+00
   2.1060000e+00
   2.1060000e+00
   2.1060000e+00
   2.1060000e+00
   2.1060000e+00
   2.1060000e+00
   2.1060000e+00
   2.1060000e+00
   2.1060000e+00
   2.1060000e+00
   2.1050000e+00
   2.1050000e+00
   2.1050000e+00
   2.1050000e+00
   2.1050000e+00
   2.1050000e+00
   2.1050000e+00
   2.1050000e+00
   2.1050000e+00
   2.1040000e+00
   2.1040000e+00
   2.1040000e+00
   2.1040000e+00
   2.1040000e+00
   2.1040000e+00
   2.1040000e+00
   2.1040000e+00
   2.1040000e+00
   2.1040000e+00
   2.1040000e+00
   2.1030000e+00
   2.1030000e+00
   2.1030000e+00
   2.1030000e+00
   2.1030000e+00
   2.1030000e+00
   2.1030000e+00
   2.1030000e+00
   2.1030000e+00
   2.1030000e+00
   2.1030000e+00
   2.1030000e+00
   2.1030000e+00
   2.1030000e+00
   2.1030000e+00
   2.1030000e+00
   2.1030000e+00
   2.1030000e+00
   2.1030000e+00
   2.1030000e+00
   2.1030000e+00
   2.1030000e+00
   2.1030000e+00
   2.1030000e+00
   2.1030000e+00
   2.1030000e+00
   2.1030000e+00
   2.1030000e+00
   2.1030000e+00
   2.1030000e+00
   2.1030000e+00
   2.1030000e+00
   2.1030000e+00
   2.1030000e+00
   2.1030000e+00
   2.1030000e+00
   2.1030000e+00
   2.1030000e+00
   2.1030000e+00
   2.1030000e+00
   2.1030000e+00
   2.1030000e+00
   2.1030000e+00
   2.1030000e+00
   2.1030000e+00
   2.1030000e+00
   2.1030000e+00
   2.1030000e+00
   2.1030000e+00
   2.1020000e+00
   2.1020000e+00
   2.1020000e+00
   2.1020000e+00
   2.1020000e+00
   2.1020000e+00
   2.1020000e+00
   2.1020000e+00
   2.1020000e+00
   2.1020000e+00
   2.1020000e+00
   2.1020000e+00
   2.1020000e+00
   2.1020000e+00
   2.1020000e+00
   2.1020000e+00
   2.1020000e+00
   2.1020000e+00
   2.1020000e+00
   2.1020000e+00
   2.1020000e+00
   2.1020000e+00
   2.1020000e+00
   2.1020000e+00
   2.1020000e+00
   2.1020000e+00
   2.1020000e+00
   2.1020000e+00
   2.1020000e+00
   2.1020000e+00
   2.1020000e+00
   2.1020000e+00
   2.1020000e+00
   2.1020000e+00
   2.1020000e+00
   2.1020000e+00
   2.1020000e+00
   2.1020000e+00
   2.1020000e+00
   2.1020000e+00
   2.1020000e+00
   2.1020000e+00
   2.1020000e+00
   2.1020000e+00
   2.1020000e+00
   2.1020000e+00
   2.1020000e+00
   2.1030000e+00
   2.1030000e+00
   2.1030000e+00
   2.1030000e+00
   2.1030000e+00
   2.1030000e+00
   2.1030000e+00
   2.1030000e+00
   2.1030000e+00
   2.1030000e+00
   2.1030000e+00
   2.1030000e+00
   2.1030000e+00
   2.1030000e+00
   2.1030000e+00
   2.1030000e+00
   2.1030000e+00
   2.1030000e+00
   2.1030000e+00
   2.1030000e+00
   2.1030000e+00
   2.1030000e+00
   2.1030000e+00
   2.1030000e+00
   2.1030000e+00
   2.1030000e+00
   2.1040000e+00
   2.1040000e+00
   2.1040000e+00
   2.1040000e+00
   2.1040000e+00
   2.1040000e+00
   2.1040000e+00
   2.1040000e+00
   2.1040000e+00
   2.1040000e+00
   2.1040000e+00
   2.1040000e+00
   2.1040000e+00
   2.1040000e+00
   2.1040000e+00
   2.1040000e+00
   2.1040000e+00
   2.1040000e+00
   2.1040000e+00
   2.1030000e+00
   2.1030000e+00
   2.1030000e+00
   2.1030000e+00
   2.1030000e+00
   2.1030000e+00
   2.1030000e+00
   2.1030000e+00
   2.1030000e+00
   2.1030000e+00
   2.1030000e+00
   2.1030000e+00
   2.1030000e+00
   2.1030000e+00
   2.1030000e+00
   2.1030000e+00
   2.1030000e+00
   2.1030000e+00
   2.1020000e+00
   2.1020000e+00
   2.1020000e+00
   2.1020000e+00
   2.1020000e+00
   2.1020000e+00
   2.1020000e+00
   2.1020000e+00
   2.1030000e+00
   2.1030000e+00
   2.1030000e+00
   2.1030000e+00
   2.1030000e+00
   2.1020000e+00
   2.1020000e+00
   2.1020000e+00
   2.1020000e+00
   2.1020000e+00
   2.1020000e+00
   2.1020000e+00
   2.1020000e+00
   2.1020000e+00
   2.1020000e+00
   2.1020000e+00
   2.1020000e+00
   2.1020000e+00
   2.1020000e+00
   2.1020000e+00
   2.1020000e+00
   2.1020000e+00
   2.1020000e+00
   2.1020000e+00
   2.1020000e+00
   2.1020000e+00
   2.1020000e+00
   2.1020000e+00
   2.1020000e+00
   2.1020000e+00
   2.1020000e+00
   2.1010000e+00
   2.1010000e+00
   2.1010000e+00
   2.1010000e+00
   2.1010000e+00
   2.1010000e+00
   2.1010000e+00
   2.1010000e+00
   2.1010000e+00
   2.1010000e+00
   2.1010000e+00
   2.1010000e+00
   2.1010000e+00
   2.1010000e+00
   2.1010000e+00
   2.1010000e+00
   2.1010000e+00
   2.1000000e+00
   2.1000000e+00
   2.1000000e+00
   2.1000000e+00
   2.1000000e+00
   2.1000000e+00
   2.1000000e+00
   2.1000000e+00
   2.1000000e+00
   2.1000000e+00
   2.1000000e+00
   2.1000000e+00
   2.1000000e+00
   2.1000000e+00
   2.1000000e+00
   2.1000000e+00
   2.1000000e+00
   2.1000000e+00
   2.1000000e+00
   2.1000000e+00
   2.1000000e+00
   2.1000000e+00
   2.1000000e+00
   2.1000000e+00
   2.1000000e+00
   2.1000000e+00
   2.1000000e+00
   2.1000000e+00
   2.1000000e+00
   2.1000000e+00
   2.1000000e+00
   2.1000000e+00
   2.1000000e+00
   2.1000000e+00
   2.1000000e+00
   2.1000000e+00
   2.1000000e+00
   2.1000000e+00
   2.1000000e+00
   2.1000000e+00
   2.1000000e+00
   2.1000000e+00
   2.1010000e+00
   2.1000000e+00
   2.1010000e+00
   2.1010000e+00
   2.1010000e+00
   2.1010000e+00
   2.1010000e+00
   2.1010000e+00
   2.1010000e+00
   2.1010000e+00
   2.1010000e+00
   2.1010000e+00
   2.1010000e+00
   2.1010000e+00
   2.1010000e+00
   2.1010000e+00
   2.1010000e+00
   2.1010000e+00
   2.1010000e+00
   2.1010000e+00
   2.1010000e+00
   2.1010000e+00
   2.1000000e+00
   2.1000000e+00
   2.1000000e+00
   2.1000000e+00
   2.1000000e+00
   2.1000000e+00
   2.1000000e+00
   2.1000000e+00
   2.1000000e+00
   2.1000000e+00
   2.1000000e+00
   2.1000000e+00
   2.1000000e+00
   2.1000000e+00
   2.1000000e+00
   2.1000000e+00
   2.1000000e+00
   2.1000000e+00
   2.1000000e+00
   2.1000000e+00
   2.1000000e+00
   2.1000000e+00
   2.1000000e+00
   2.1000000e+00
   2.0990000e+00
   2.0990000e+00
   2.0990000e+00
   2.0990000e+00
   2.0990000e+00
   2.0990000e+00
   2.0990000e+00
   2.0990000e+00
   2.0990000e+00
   2.0990000e+00
   2.0990000e+00
   2.0990000e+00
   2.0990000e+00
   2.0990000e+00
   2.0990000e+00
   2.0990000e+00
   2.0980000e+00
   2.0980000e+00
   2.0980000e+00
   2.0980000e+00
   2.0980000e+00
   2.0980000e+00
   2.0980000e+00
   2.0980000e+00
   2.0980000e+00
   2.0980000e+00
   2.0980000e+00
   2.0980000e+00
   2.0980000e+00
   2.0980000e+00
   2.0980000e+00
   2.0980000e+00
   2.0980000e+00
   2.0980000e+00
   2.0970000e+00
   2.0970000e+00
   2.0970000e+00
   2.0970000e+00
   2.0970000e+00
   2.0970000e+00
   2.0970000e+00
   2.0970000e+00
   2.0970000e+00
   2.0970000e+00
   2.0970000e+00
   2.0970000e+00
   2.0970000e+00
   2.0970000e+00
   2.0970000e+00
   2.0970000e+00
   2.0970000e+00
   2.0970000e+00
   2.0970000e+00
   2.0970000e+00
   2.0970000e+00
   2.0970000e+00
   2.0960000e+00
   2.0960000e+00
   2.0960000e+00
   2.0960000e+00
   2.0960000e+00
   2.0960000e+00
   2.0960000e+00
   2.0960000e+00
   2.0960000e+00
   2.0960000e+00
   2.0960000e+00
   2.0960000e+00
   2.0960000e+00
   2.0960000e+00
   2.0960000e+00
   2.0960000e+00
   2.0960000e+00
   2.0960000e+00
   2.0960000e+00
   2.0960000e+00
   2.0960000e+00
   2.0960000e+00
   2.0960000e+00
   2.0960000e+00
   2.0960000e+00
   2.0960000e+00
   2.0960000e+00
   2.0960000e+00
   2.0960000e+00
   2.0960000e+00
   2.0960000e+00
   2.0960000e+00
   2.0960000e+00
   2.0960000e+00
   2.0960000e+00
   2.0960000e+00
   2.0970000e+00
   2.0970000e+00
   2.0970000e+00
   2.0970000e+00
   2.0970000e+00
   2.0970000e+00
   2.0970000e+00
   2.0970000e+00
   2.0970000e+00
   2.0970000e+00
   2.0980000e+00
   2.0980000e+00
   2.0980000e+00
   2.0980000e+00
   2.0980000e+00
   2.0980000e+00
   2.0980000e+00
   2.0980000e+00
   2.0980000e+00
   2.0990000e+00
   2.0990000e+00
   2.0990000e+00
   2.0990000e+00
   2.0990000e+00
   2.0990000e+00
   2.1000000e+00
   2.1000000e+00
   2.1000000e+00
   2.1000000e+00
   2.1000000e+00
   2.1000000e+00
   2.1000000e+00
   2.1010000e+00
   2.1010000e+00
   2.1010000e+00
   2.1010000e+00
   2.1010000e+00
   2.1010000e+00
   2.1020000e+00
   2.1020000e+00
   2.1020000e+00
   2.1020000e+00
   2.1020000e+00
   2.1020000e+00
   2.1030000e+00
   2.1030000e+00
   2.1030000e+00
   2.1030000e+00
   2.1030000e+00
   2.1030000e+00
   2.1030000e+00
   2.1040000e+00
   2.1040000e+00
   2.1040000e+00
   2.1040000e+00
   2.1040000e+00
   2.1040000e+00
   2.1040000e+00
   2.1050000e+00
   2.1050000e+00
   2.1050000e+00
   2.1050000e+00
   2.1050000e+00
   2.1050000e+00
   2.1050000e+00
   2.1050000e+00
   2.1060000e+00
   2.1060000e+00
   2.1060000e+00
   2.1060000e+00
   2.1060000e+00
   2.1060000e+00
   2.1060000e+00
   2.1060000e+00
   2.1060000e+00
   2.1060000e+00
   2.1060000e+00
   2.1070000e+00
   2.1070000e+00
   2.1070000e+00
   2.1070000e+00
   2.1070000e+00
   2.1070000e+00
   2.1070000e+00
   2.1070000e+00
   2.1070000e+00
   2.1070000e+00
   2.1070000e+00
   2.1070000e+00
   2.1070000e+00
   2.1070000e+00
   2.1080000e+00
   2.1080000e+00
   2.1080000e+00
   2.1080000e+00
   2.1080000e+00
   2.1080000e+00
   2.1080000e+00
   2.1080000e+00
   2.1080000e+00
   2.1080000e+00
   2.1080000e+00
   2.1080000e+00
   2.1080000e+00
   2.1080000e+00
   2.1080000e+00
   2.1080000e+00
   2.1080000e+00
   2.1080000e+00
   2.1080000e+00
   2.1080000e+00
   2.1080000e+00
   2.1080000e+00
   2.1080000e+00
   2.1080000e+00
   2.1080000e+00
   2.1080000e+00
   2.1080000e+00
   2.1080000e+00
   2.1080000e+00
   2.1080000e+00
   2.1080000e+00
   2.1080000e+00
   2.1080000e+00
   2.1080000e+00
   2.1080000e+00
   2.1080000e+00
   2.1080000e+00
   2.1080000e+00
   2.1080000e+00
   2.1080000e+00
   2.1080000e+00
   2.1080000e+00
   2.1080000e+00
   2.1080000e+00
   2.1070000e+00
   2.1080000e+00
   2.1070000e+00
   2.1080000e+00
   2.1070000e+00
   2.1070000e+00
   2.1070000e+00
   2.1070000e+00
   2.1070000e+00
   2.1070000e+00
   2.1070000e+00
   2.1070000e+00
   2.1070000e+00
   2.1070000e+00
   2.1070000e+00
   2.1070000e+00
   2.1070000e+00
   2.1070000e+00
   2.1070000e+00
   2.1070000e+00
   2.1070000e+00
   2.1070000e+00
   2.1070000e+00
   2.1070000e+00
   2.1070000e+00
   2.1070000e+00
   2.1070000e+00
   2.1070000e+00
   2.1070000e+00
   2.1070000e+00
   2.1070000e+00
   2.1070000e+00
   2.1070000e+00
   2.1070000e+00
   2.1070000e+00
   2.1070000e+00
   2.1070000e+00
   2.1070000e+00
   2.1070000e+00
   2.1070000e+00
   2.1070000e+00
   2.1070000e+00
   2.1070000e+00
   2.1070000e+00
   2.1070000e+00
   2.1060000e+00
   2.1060000e+00
   2.1060000e+00
   2.1060000e+00
   2.1060000e+00
   2.1060000e+00
   2.1060000e+00
   2.1060000e+00
   2.1060000e+00
   2.1060000e+00
   2.1060000e+00
   2.1060000e+00
   2.1060000e+00
   2.1060000e+00
   2.1060000e+00
   2.1060000e+00
   2.1050000e+00
   2.1050000e+00
   2.1050000e+00
   2.1050000e+00
   2.1050000e+00
   2.1050000e+00
   2.1050000e+00
   2.1050000e+00
   2.1050000e+00
   2.1040000e+00
   2.1040000e+00
   2.1040000e+00
   2.1040000e+00
   2.1040000e+00
   2.1040000e+00
   2.1040000e+00
   2.1040000e+00
   2.1040000e+00
   2.1040000e+00
   2.1030000e+00
   2.1030000e+00
   2.1030000e+00
   2.1030000e+00
   2.1030000e+00
   2.1030000e+00
   2.1030000e+00
   2.1030000e+00
   2.1030000e+00
   2.1030000e+00
   2.1030000e+00
   2.1020000e+00
   2.1020000e+00
   2.1020000e+00
   2.1020000e+00
   2.1020000e+00
   2.1020000e+00
   2.1020000e+00
   2.1020000e+00
   2.1020000e+00
   2.1020000e+00
   2.1020000e+00
   2.1020000e+00
   2.1020000e+00
   2.1020000e+00
   2.1010000e+00
   2.1010000e+00
   2.1010000e+00
   2.1010000e+00
   2.1010000e+00
   2.1010000e+00
   2.1010000e+00
   2.1010000e+00
   2.1010000e+00
   2.1010000e+00
   2.1010000e+00
   2.1010000e+00
   2.1010000e+00
   2.1010000e+00
   2.1000000e+00
   2.1000000e+00
   2.1000000e+00
   2.1000000e+00
   2.1000000e+00
   2.1000000e+00
   2.1000000e+00
   2.1000000e+00
   2.1000000e+00
   2.1000000e+00
   2.1000000e+00
   2.1000000e+00
   2.1000000e+00
   2.1000000e+00
   2.1000000e+00
   2.1000000e+00
   2.1000000e+00
   2.1000000e+00
   2.0990000e+00
   2.0990000e+00
   2.0990000e+00
   2.0990000e+00
   2.0990000e+00
   2.0990000e+00
   2.0990000e+00
   2.0990000e+00
   2.0990000e+00
   2.0990000e+00
   2.0990000e+00
   2.0990000e+00
   2.0990000e+00
   2.0990000e+00
   2.0990000e+00
   2.0990000e+00
   2.0990000e+00
   2.0990000e+00
   2.0990000e+00
   2.0990000e+00
   2.0990000e+00
   2.0990000e+00
   2.0990000e+00
   2.0990000e+00
   2.0990000e+00
   2.0990000e+00
   2.0980000e+00
   2.0980000e+00
   2.0980000e+00
   2.0980000e+00
   2.0980000e+00
   2.0980000e+00
   2.0980000e+00
   2.0980000e+00
   2.0980000e+00
   2.0980000e+00
   2.0980000e+00
   2.0980000e+00
   2.0980000e+00
   2.0980000e+00
   2.0980000e+00
   2.0980000e+00
   2.0980000e+00
   2.0980000e+00
   2.0980000e+00
   2.0980000e+00
   2.0980000e+00
   2.0980000e+00
   2.0980000e+00
   2.0980000e+00
   2.0980000e+00
   2.0980000e+00
   2.0980000e+00
   2.0980000e+00
   2.0980000e+00
   2.0980000e+00
   2.0980000e+00
   2.0980000e+00
   2.0980000e+00
   2.0980000e+00
   2.0980000e+00
   2.0980000e+00
   2.0980000e+00
   2.0980000e+00
   2.0980000e+00
   2.0980000e+00
   2.0980000e+00
   2.0980000e+00
   2.0980000e+00
   2.0990000e+00
   2.0990000e+00
   2.0990000e+00
   2.0990000e+00
   2.0990000e+00
   2.0990000e+00
   2.0990000e+00
   2.0990000e+00
   2.0990000e+00
   2.0990000e+00
   2.0990000e+00
   2.0990000e+00
   2.0990000e+00
   2.0990000e+00
   2.0990000e+00
   2.0990000e+00
   2.1000000e+00
   2.1000000e+00
   2.1000000e+00
   2.1000000e+00
   2.1000000e+00
   2.1000000e+00
   2.1000000e+00
   2.1000000e+00
   2.1000000e+00
   2.1000000e+00
   2.1010000e+00
   2.1010000e+00
   2.1010000e+00
   2.1010000e+00
   2.1010000e+00
   2.1010000e+00
   2.1010000e+00
   2.1010000e+00
   2.1010000e+00
   2.1020000e+00
   2.1020000e+00
   2.1020000e+00
   2.1020000e+00
   2.1020000e+00
   2.1020000e+00
   2.1020000e+00
   2.1020000e+00
   2.1020000e+00
   2.1020000e+00
   2.1020000e+00
   2.1020000e+00
   2.1020000e+00
   2.1030000e+00
   2.1030000e+00
   2.1030000e+00
   2.1030000e+00
   2.1030000e+00
   2.1030000e+00
   2.1030000e+00
   2.1030000e+00
   2.1030000e+00
   2.1030000e+00
   2.1030000e+00
   2.1030000e+00
   2.1030000e+00
   2.1030000e+00
   2.1030000e+00
   2.1030000e+00
   2.1030000e+00
   2.1030000e+00
   2.1030000e+00
   2.1030000e+00
   2.1030000e+00
   2.1030000e+00
   2.1030000e+00
   2.1030000e+00
   2.1030000e+00
   2.1030000e+00
   2.1030000e+00
   2.1030000e+00
   2.1030000e+00
   2.1030000e+00
   2.1030000e+00
   2.1030000e+00
   2.1030000e+00
   2.1030000e+00
   2.1030000e+00
   2.1030000e+00
   2.1030000e+00
   2.1030000e+00
   2.1030000e+00
   2.1030000e+00
   2.1030000e+00
   2.1030000e+00
   2.1030000e+00
   2.1030000e+00
   2.1030000e+00
   2.1030000e+00
   2.1030000e+00
   2.1040000e+00
   2.1040000e+00
   2.1040000e+00
   2.1040000e+00
   2.1040000e+00
   2.1040000e+00
   2.1040000e+00
   2.1040000e+00
   2.1040000e+00
   2.1040000e+00
   2.1040000e+00
   2.1040000e+00
   2.1040000e+00
   2.1040000e+00
   2.1040000e+00
   2.1040000e+00
   2.1040000e+00
   2.1040000e+00
   2.1040000e+00
   2.1040000e+00
   2.1040000e+00
   2.1040000e+00
   2.1040000e+00
   2.1040000e+00
   2.1040000e+00
   2.1040000e+00
   2.1040000e+00
   2.1040000e+00
   2.1040000e+00
   2.1040000e+00
   2.1040000e+00
   2.1040000e+00
   2.1040000e+00
   2.1040000e+00
   2.1040000e+00
   2.1040000e+00
   2.1040000e+00
   2.1040000e+00
   2.1040000e+00
   2.1040000e+00
   2.1040000e+00
   2.1040000e+00
   2.1040000e+00
   2.1040000e+00
   2.1040000e+00
   2.1040000e+00
   2.1040000e+00
   2.1040000e+00
   2.1040000e+00
   2.1040000e+00
   2.1040000e+00
   2.1040000e+00
   2.1040000e+00
   2.1040000e+00
   2.1040000e+00
   2.1040000e+00
   2.1040000e+00
   2.1040000e+00
   2.1040000e+00
   2.1040000e+00
   2.1040000e+00
   2.1040000e+00
   2.1040000e+00
   2.1040000e+00
   2.1040000e+00
   2.1040000e+00
   2.1040000e+00
   2.1040000e+00
   2.1040000e+00
   2.1040000e+00
   2.1040000e+00
   2.1040000e+00
   2.1040000e+00
   2.1040000e+00
   2.1040000e+00
   2.1040000e+00
   2.1030000e+00
   2.1030000e+00
   2.1030000e+00
   2.1030000e+00
   2.1030000e+00
   2.1030000e+00
   2.1030000e+00
   2.1030000e+00
   2.1030000e+00
   2.1030000e+00
   2.1030000e+00
   2.1030000e+00
   2.1030000e+00
   2.1030000e+00
   2.1030000e+00
   2.1020000e+00
   2.1020000e+00
   2.1020000e+00
   2.1020000e+00
   2.1020000e+00
   2.1020000e+00
   2.1020000e+00
   2.1020000e+00
   2.1020000e+00
   2.1020000e+00
   2.1020000e+00
   2.1020000e+00
   2.1020000e+00
   2.1020000e+00
   2.1020000e+00
   2.1010000e+00
   2.1010000e+00
   2.1010000e+00
   2.1010000e+00
   2.1010000e+00
   2.1010000e+00
   2.1010000e+00
   2.1010000e+00
   2.1010000e+00
   2.1010000e+00
   2.1010000e+00
   2.1010000e+00
   2.1010000e+00
   2.1010000e+00
   2.1010000e+00
   2.1000000e+00
   2.1000000e+00
   2.1000000e+00
   2.1000000e+00
   2.1000000e+00
   2.1000000e+00
   2.1000000e+00
   2.1000000e+00
   2.1000000e+00
   2.1000000e+00
   2.1000000e+00
   2.1000000e+00
   2.1000000e+00
   2.1000000e+00
   2.1000000e+00
   2.1000000e+00
   2.1000000e+00
   2.1000000e+00
   2.1000000e+00
   2.1000000e+00
   2.1000000e+00
   2.1000000e+00
   2.1000000e+00
   2.1000000e+00
   2.1000000e+00
   2.0990000e+00
   2.0990000e+00
   2.0990000e+00
   2.0990000e+00
   2.0990000e+00
   2.0990000e+00
   2.0990000e+00
   2.0990000e+00
   2.0990000e+00
   2.0990000e+00
   2.0990000e+00
   2.0990000e+00
   2.0990000e+00
   2.0990000e+00
   2.0990000e+00
   2.0990000e+00
   2.0990000e+00
   2.0990000e+00
   2.0990000e+00
   2.0990000e+00
   2.0990000e+00
   2.0990000e+00
   2.0990000e+00
   2.0990000e+00
   2.0990000e+00
   2.0990000e+00
   2.0990000e+00
   2.0980000e+00
   2.0980000e+00
   2.0980000e+00
   2.0980000e+00
   2.0980000e+00
   2.0980000e+00
   2.0980000e+00
   2.0980000e+00
   2.0980000e+00
   2.0980000e+00
   2.0980000e+00
   2.0980000e+00
   2.0980000e+00
   2.0980000e+00
   2.0980000e+00
   2.0980000e+00
   2.0980000e+00
   2.0980000e+00
   2.0980000e+00
   2.0980000e+00
   2.0980000e+00
   2.0980000e+00
   2.0980000e+00
   2.0980000e+00
   2.0980000e+00
   2.0980000e+00
   2.0980000e+00
   2.0980000e+00
   2.0980000e+00
   2.0980000e+00
   2.0980000e+00
   2.0980000e+00
   2.0980000e+00
   2.0980000e+00
   2.0980000e+00
   2.0980000e+00
   2.0980000e+00
   2.0980000e+00
   2.0980000e+00
   2.0980000e+00
   2.0980000e+00
   2.0980000e+00
   2.0990000e+00
   2.0980000e+00
   2.0990000e+00
   2.0990000e+00
   2.0990000e+00
   2.0990000e+00
   2.0990000e+00
   2.0990000e+00
   2.0990000e+00
   2.0990000e+00
   2.0990000e+00
   2.0990000e+00
   2.0990000e+00
   2.0990000e+00
   2.0990000e+00
   2.0990000e+00
   2.0990000e+00
   2.0990000e+00
   2.0990000e+00
   2.0990000e+00
   2.0990000e+00
   2.0990000e+00
   2.0990000e+00
   2.0990000e+00
   2.0990000e+00
   2.0990000e+00
   2.0990000e+00
   2.0990000e+00
   2.0990000e+00
   2.0990000e+00
   2.0990000e+00
   2.0990000e+00
   2.0990000e+00
   2.0990000e+00
   2.0990000e+00
   2.0990000e+00
   2.0990000e+00
   2.0990000e+00
   2.0990000e+00
   2.1000000e+00
   2.1000000e+00
   2.1000000e+00
   2.1000000e+00
   2.1000000e+00
   2.1000000e+00
   2.1000000e+00
   2.1000000e+00
   2.1000000e+00
   2.1000000e+00
   2.1000000e+00
   2.1000000e+00
   2.1000000e+00
   2.1000000e+00
   2.1000000e+00
   2.1000000e+00
   2.1000000e+00
   2.1000000e+00
   2.1000000e+00
   2.1000000e+00
   2.1000000e+00
   2.1000000e+00
   2.1000000e+00
   2.1000000e+00
   2.1000000e+00
   2.1000000e+00
   2.1000000e+00
   2.1000000e+00
   2.1000000e+00
   2.1000000e+00
   2.1000000e+00
   2.1000000e+00
   2.1000000e+00
   2.1000000e+00
   2.1000000e+00
   2.1000000e+00
   2.1000000e+00
   2.1000000e+00
   2.1000000e+00
   2.1000000e+00
   2.1000000e+00
   2.1000000e+00
   2.1000000e+00
   2.1000000e+00
   2.1000000e+00
   2.1000000e+00
   2.1000000e+00
   2.1000000e+00
   2.1000000e+00
   2.1000000e+00
   2.1000000e+00
   2.1000000e+00
   2.1000000e+00
   2.1000000e+00
   2.1000000e+00
   2.1000000e+00
   2.1000000e+00
   2.1000000e+00
   2.1000000e+00
   2.1000000e+00
   2.0990000e+00
   2.0990000e+00
   2.0990000e+00
   2.0990000e+00
   2.0990000e+00
   2.0990000e+00
   2.0990000e+00
   2.0990000e+00
   2.0990000e+00
   2.0990000e+00
   2.0990000e+00
   2.0990000e+00
   2.0990000e+00
   2.0990000e+00
   2.0990000e+00
   2.0990000e+00
   2.0990000e+00
   2.0990000e+00
   2.0990000e+00
   2.0990000e+00
   2.0990000e+00
   2.0980000e+00
   2.0980000e+00
   2.0980000e+00
   2.0980000e+00
   2.0980000e+00
   2.0980000e+00
   2.0980000e+00
   2.0980000e+00
   2.0980000e+00
   2.0980000e+00
   2.0980000e+00
   2.0980000e+00
   2.0980000e+00
   2.0980000e+00
   2.0980000e+00
   2.0980000e+00
   2.0980000e+00
   2.0980000e+00
   2.0980000e+00
   2.0980000e+00
   2.0980000e+00
   2.0980000e+00
   2.0980000e+00
   2.0990000e+00
   2.0990000e+00
   2.0990000e+00
   2.0990000e+00
   2.0990000e+00
   2.0990000e+00
   2.0990000e+00
   2.0990000e+00
   2.0990000e+00
   2.0990000e+00
   2.0990000e+00
   2.0990000e+00
   2.0990000e+00
   2.0990000e+00
   2.0990000e+00
   2.0990000e+00
   2.0990000e+00
   2.0990000e+00
   2.0990000e+00
   2.0990000e+00
   2.0990000e+00
   2.0990000e+00
   2.0990000e+00
   2.0990000e+00
   2.0990000e+00
   2.0990000e+00
   2.0990000e+00
   2.0990000e+00
   2.0990000e+00
   2.0990000e+00
   2.0990000e+00
   2.0990000e+00
   2.0990000e+00
   2.0990000e+00
   2.0990000e+00
   2.0990000e+00
   2.0990000e+00
   2.0980000e+00
   2.0980000e+00
   2.0980000e+00
   2.0980000e+00
   2.0980000e+00
   2.0980000e+00
   2.0980000e+00
   2.0980000e+00
   2.0980000e+00
   2.0980000e+00
   2.0980000e+00
   2.0980000e+00
   2.0980000e+00
   2.0970000e+00
   2.0970000e+00
   2.0970000e+00
   2.0970000e+00
   2.0970000e+00
   2.0970000e+00
   2.0970000e+00
   2.0970000e+00
   2.0960000e+00
   2.0960000e+00
   2.0960000e+00
   2.0960000e+00
   2.0960000e+00
   2.0960000e+00
   2.0960000e+00
   2.0960000e+00
   2.0960000e+00
   2.0950000e+00
   2.0950000e+00
   2.0950000e+00
   2.0950000e+00
   2.0950000e+00
   2.0950000e+00
   2.0950000e+00
   2.0950000e+00
   2.0950000e+00
   2.0950000e+00
   2.0940000e+00
   2.0940000e+00
   2.0940000e+00
   2.0940000e+00
   2.0940000e+00
   2.0940000e+00
   2.0940000e+00
   2.0940000e+00
   2.0940000e+00
   2.0940000e+00
   2.0930000e+00
   2.0930000e+00
   2.0930000e+00
   2.0930000e+00
   2.0930000e+00
   2.0930000e+00
   2.0930000e+00
   2.0930000e+00
   2.0930000e+00
   2.0930000e+00
   2.0930000e+00
   2.0930000e+00
   2.0930000e+00
   2.0920000e+00
   2.0920000e+00
   2.0920000e+00
   2.0920000e+00
   2.0920000e+00
   2.0920000e+00
   2.0920000e+00
   2.0920000e+00
   2.0920000e+00
   2.0920000e+00
   2.0920000e+00
   2.0910000e+00
   2.0910000e+00
   2.0910000e+00
   2.0910000e+00
   2.0910000e+00
   2.0910000e+00
   2.0910000e+00
   2.0910000e+00
   2.0910000e+00
   2.0910000e+00
   2.0910000e+00
   2.0910000e+00
   2.0900000e+00
   2.0900000e+00
   2.0900000e+00
   2.0900000e+00
   2.0900000e+00
   2.0900000e+00
   2.0900000e+00
   2.0900000e+00
   2.0900000e+00
   2.0900000e+00
   2.0900000e+00
   2.0900000e+00
   2.0900000e+00
   2.0890000e+00
   2.0890000e+00
   2.0890000e+00
   2.0890000e+00
   2.0890000e+00
   2.0890000e+00
   2.0890000e+00
   2.0890000e+00
   2.0890000e+00
   2.0890000e+00
   2.0890000e+00
   2.0890000e+00
   2.0890000e+00
   2.0890000e+00
   2.0890000e+00
   2.0890000e+00
   2.0890000e+00
   2.0890000e+00
   2.0890000e+00
   2.0890000e+00
   2.0890000e+00
   2.0890000e+00
   2.0890000e+00
   2.0890000e+00
   2.0890000e+00
   2.0890000e+00
   2.0890000e+00
   2.0890000e+00
   2.0890000e+00
   2.0890000e+00
   2.0890000e+00
   2.0890000e+00
   2.0890000e+00
   2.0890000e+00
   2.0890000e+00
   2.0890000e+00
   2.0890000e+00
   2.0890000e+00
   2.0890000e+00
   2.0890000e+00
   2.0890000e+00
   2.0890000e+00
   2.0890000e+00
   2.0890000e+00
   2.0890000e+00
   2.0890000e+00
   2.0890000e+00
   2.0890000e+00
   2.0890000e+00
   2.0890000e+00
   2.0890000e+00
   2.0890000e+00
   2.0890000e+00
   2.0890000e+00
   2.0890000e+00
   2.0890000e+00
   2.0890000e+00
   2.0890000e+00
   2.0890000e+00
   2.0890000e+00
   2.0890000e+00
   2.0890000e+00
   2.0890000e+00
   2.0890000e+00
   2.0890000e+00
   2.0890000e+00
   2.0890000e+00
   2.0890000e+00
   2.0890000e+00
   2.0890000e+00
   2.0890000e+00
   2.0900000e+00
   2.0890000e+00
   2.0900000e+00
   2.0900000e+00
   2.0900000e+00
   2.0900000e+00
   2.0900000e+00
   2.0900000e+00
   2.0900000e+00
   2.0900000e+00
   2.0900000e+00
   2.0900000e+00
   2.0900000e+00
   2.0900000e+00
   2.0900000e+00
   2.0900000e+00
   2.0900000e+00
   2.0900000e+00
   2.0900000e+00
   2.0900000e+00
   2.0900000e+00
   2.0900000e+00
   2.0900000e+00
   2.0900000e+00
   2.0900000e+00
   2.0900000e+00
   2.0900000e+00
   2.0900000e+00
   2.0900000e+00
   2.0900000e+00
   2.0900000e+00
   2.0900000e+00
   2.0900000e+00
   2.0900000e+00
   2.0900000e+00
   2.0900000e+00
   2.0900000e+00
   2.0900000e+00
   2.0900000e+00
   2.0900000e+00
   2.0890000e+00
   2.0890000e+00
   2.0890000e+00
   2.0890000e+00
   2.0890000e+00
   2.0890000e+00
   2.0890000e+00
   2.0890000e+00
   2.0890000e+00
   2.0890000e+00
   2.0890000e+00
   2.0890000e+00
   2.0890000e+00
   2.0890000e+00
   2.0890000e+00
   2.0890000e+00
   2.0890000e+00
   2.0890000e+00
   2.0890000e+00
   2.0890000e+00
   2.0890000e+00
   2.0890000e+00
   2.0890000e+00
   2.0890000e+00
   2.0890000e+00
   2.0890000e+00
   2.0890000e+00
   2.0890000e+00
   2.0890000e+00
   2.0890000e+00
   2.0890000e+00
   2.0890000e+00
   2.0890000e+00
   2.0890000e+00
   2.0890000e+00
   2.0890000e+00
   2.0890000e+00
   2.0890000e+00
   2.0890000e+00
   2.0890000e+00
   2.0890000e+00
   2.0890000e+00
   2.0890000e+00
   2.0890000e+00
   2.0890000e+00
   2.0880000e+00
   2.0890000e+00
   2.0880000e+00
   2.0880000e+00
   2.0880000e+00
   2.0880000e+00
   2.0880000e+00
   2.0880000e+00
   2.0880000e+00
   2.0880000e+00
   2.0880000e+00
   2.0880000e+00
   2.0880000e+00
   2.0880000e+00
   2.0880000e+00
   2.0880000e+00
   2.0880000e+00
   2.0880000e+00
   2.0880000e+00
   2.0880000e+00
   2.0880000e+00
   2.0880000e+00
   2.0880000e+00
   2.0880000e+00
   2.0880000e+00
   2.0880000e+00
   2.0880000e+00
   2.0880000e+00
   2.0880000e+00
   2.0880000e+00
   2.0880000e+00
   2.0880000e+00
   2.0880000e+00
   2.0880000e+00
   2.0880000e+00
   2.0880000e+00
   2.0880000e+00
   2.0880000e+00
   2.0870000e+00
   2.0870000e+00
   2.0870000e+00
   2.0870000e+00
   2.0870000e+00
   2.0870000e+00
   2.0870000e+00
   2.0870000e+00
   2.0870000e+00
   2.0870000e+00
   2.0870000e+00
   2.0870000e+00
   2.0870000e+00
   2.0870000e+00
   2.0870000e+00
   2.0870000e+00
   2.0870000e+00
   2.0870000e+00
   2.0870000e+00
   2.0870000e+00
   2.0870000e+00
   2.0870000e+00
   2.0870000e+00
   2.0870000e+00
   2.0870000e+00
   2.0870000e+00
   2.0870000e+00
   2.0870000e+00
   2.0870000e+00
   2.0870000e+00
   2.0870000e+00
   2.0860000e+00
   2.0860000e+00
   2.0860000e+00
   2.0860000e+00
   2.0860000e+00
   2.0860000e+00
   2.0860000e+00
   2.0860000e+00
   2.0860000e+00
   2.0860000e+00
   2.0860000e+00
   2.0860000e+00
   2.0860000e+00
   2.0860000e+00
   2.0860000e+00
   2.0860000e+00
   2.0850000e+00
   2.0850000e+00
   2.0850000e+00
   2.0850000e+00
   2.0850000e+00
   2.0850000e+00
   2.0850000e+00
   2.0850000e+00
   2.0850000e+00
   2.0850000e+00
   2.0850000e+00
   2.0850000e+00
   2.0850000e+00
   2.0840000e+00
   2.0840000e+00
   2.0840000e+00
   2.0840000e+00
   2.0840000e+00
   2.0840000e+00
   2.0840000e+00
   2.0840000e+00
   2.0840000e+00
   2.0840000e+00
   2.0840000e+00
   2.0840000e+00
   2.0840000e+00
   2.0830000e+00
   2.0830000e+00
   2.0830000e+00
   2.0830000e+00
   2.0830000e+00
   2.0830000e+00
   2.0830000e+00
   2.0830000e+00
   2.0830000e+00
   2.0830000e+00
   2.0830000e+00
   2.0830000e+00
   2.0830000e+00
   2.0830000e+00
   2.0830000e+00
   2.0830000e+00
   2.0830000e+00
   2.0820000e+00
   2.0820000e+00
   2.0820000e+00
   2.0820000e+00
   2.0820000e+00
   2.0820000e+00
   2.0820000e+00
   2.0820000e+00
   2.0820000e+00
   2.0820000e+00
   2.0820000e+00
   2.0820000e+00
   2.0820000e+00
   2.0820000e+00
   2.0810000e+00
   2.0810000e+00
   2.0810000e+00
   2.0810000e+00
   2.0810000e+00
   2.0810000e+00
   2.0810000e+00
   2.0810000e+00
   2.0810000e+00
   2.0810000e+00
   2.0810000e+00
   2.0810000e+00
   2.0810000e+00
   2.0810000e+00
   2.0810000e+00
   2.0810000e+00
   2.0810000e+00
   2.0800000e+00
   2.0800000e+00
   2.0800000e+00
   2.0800000e+00
   2.0800000e+00
   2.0800000e+00
   2.0800000e+00
   2.0800000e+00
   2.0800000e+00
   2.0800000e+00
   2.0800000e+00
   2.0800000e+00
   2.0800000e+00
   2.0800000e+00
   2.0800000e+00
   2.0800000e+00
   2.0800000e+00
   2.0800000e+00
   2.0800000e+00
   2.0800000e+00
   2.0800000e+00
   2.0800000e+00
   2.0800000e+00
   2.0790000e+00
   2.0790000e+00
   2.0790000e+00
   2.0790000e+00
   2.0790000e+00
   2.0790000e+00
   2.0790000e+00
   2.0790000e+00
   2.0790000e+00
   2.0790000e+00
   2.0790000e+00
   2.0790000e+00
   2.0790000e+00
   2.0790000e+00
   2.0790000e+00
   2.0790000e+00
   2.0790000e+00
   2.0790000e+00
   2.0790000e+00
   2.0790000e+00
   2.0790000e+00
   2.0790000e+00
   2.0790000e+00
   2.0790000e+00
   2.0790000e+00
   2.0790000e+00
   2.0790000e+00
   2.0790000e+00
   2.0790000e+00
   2.0790000e+00
   2.0790000e+00
   2.0790000e+00
   2.0790000e+00
   2.0790000e+00
   2.0790000e+00
   2.0790000e+00
   2.0790000e+00
   2.0790000e+00
   2.0790000e+00
   2.0790000e+00
   2.0790000e+00
   2.0790000e+00
   2.0790000e+00
   2.0790000e+00
   2.0790000e+00
   2.0790000e+00
   2.0790000e+00
   2.0790000e+00
   2.0790000e+00
   2.0790000e+00
   2.0790000e+00
   2.0790000e+00
   2.0790000e+00
   2.0790000e+00
   2.0790000e+00
   2.0790000e+00
   2.0790000e+00
   2.0790000e+00
   2.0790000e+00
   2.0790000e+00
   2.0790000e+00
   2.0790000e+00
   2.0790000e+00
   2.0790000e+00
   2.0790000e+00
   2.0790000e+00
   2.0790000e+00
   2.0790000e+00
   2.0790000e+00
   2.0790000e+00
   2.0790000e+00
   2.0790000e+00
   2.0790000e+00
   2.0790000e+00
   2.0790000e+00
   2.0790000e+00
   2.0790000e+00
   2.0790000e+00
   2.0790000e+00
   2.0790000e+00
   2.0790000e+00
   2.0790000e+00
   2.0790000e+00
   2.0780000e+00
   2.0780000e+00
   2.0780000e+00
   2.0780000e+00
   2.0780000e+00
   2.0780000e+00
   2.0780000e+00
   2.0780000e+00
   2.0780000e+00
   2.0780000e+00
   2.0780000e+00
   2.0780000e+00
   2.0780000e+00
   2.0780000e+00
   2.0780000e+00
   2.0780000e+00
   2.0780000e+00
   2.0780000e+00
   2.0780000e+00
   2.0780000e+00
   2.0780000e+00
   2.0780000e+00
   2.0780000e+00
   2.0780000e+00
   2.0780000e+00
   2.0780000e+00
   2.0780000e+00
   2.0780000e+00
   2.0780000e+00
   2.0780000e+00
   2.0780000e+00
   2.0780000e+00
   2.0780000e+00
   2.0780000e+00
   2.0780000e+00
   2.0780000e+00
   2.0780000e+00
   2.0780000e+00
   2.0780000e+00
   2.0780000e+00
   2.0780000e+00
   2.0770000e+00
   2.0770000e+00
   2.0770000e+00
   2.0770000e+00
   2.0770000e+00
   2.0770000e+00
   2.0770000e+00
   2.0770000e+00
   2.0770000e+00
   2.0770000e+00
   2.0770000e+00
   2.0770000e+00
   2.0770000e+00
   2.0770000e+00
   2.0770000e+00
   2.0770000e+00
   2.0770000e+00
   2.0770000e+00
   2.0770000e+00
   2.0770000e+00
   2.0770000e+00
   2.0770000e+00
   2.0760000e+00
   2.0760000e+00
   2.0760000e+00
   2.0760000e+00
   2.0760000e+00
   2.0760000e+00
   2.0760000e+00
   2.0760000e+00
   2.0760000e+00
   2.0760000e+00
   2.0760000e+00
   2.0760000e+00
   2.0760000e+00
   2.0760000e+00
   2.0760000e+00
   2.0760000e+00
   2.0760000e+00
   2.0760000e+00
   2.0760000e+00
   2.0760000e+00
   2.0760000e+00
   2.0750000e+00
   2.0750000e+00
   2.0750000e+00
   2.0750000e+00
   2.0750000e+00
   2.0750000e+00
   2.0750000e+00
   2.0750000e+00
   2.0750000e+00
   2.0750000e+00
   2.0750000e+00
   2.0760000e+00
   2.0760000e+00
   2.0760000e+00
   2.0760000e+00
   2.0760000e+00
   2.0760000e+00
   2.0760000e+00
   2.0750000e+00
   2.0750000e+00
   2.0740000e+00
   2.0730000e+00
   2.0730000e+00
   2.0730000e+00
   2.0740000e+00
   2.0740000e+00
   2.0740000e+00
   2.0750000e+00
   2.0760000e+00
   2.0760000e+00
   2.0770000e+00
   2.0780000e+00
   2.0780000e+00
   2.0790000e+00
   2.0800000e+00
   2.0800000e+00
   2.0810000e+00
   2.0820000e+00
   2.0830000e+00
   2.0830000e+00
   2.0840000e+00
   2.0840000e+00
   2.0840000e+00
   2.0850000e+00
   2.0850000e+00
   2.0860000e+00
   2.0870000e+00
   2.0870000e+00
   2.0880000e+00
   2.0880000e+00
   2.0890000e+00
   2.0890000e+00
   2.0890000e+00
   2.0900000e+00
   2.0900000e+00
   2.0910000e+00
   2.0910000e+00
   2.0910000e+00
   2.0920000e+00
   2.0920000e+00
   2.0930000e+00
   2.0930000e+00
   2.0930000e+00
   2.0940000e+00
   2.0940000e+00
   2.0940000e+00
   2.0940000e+00
   2.0940000e+00
   2.0940000e+00
   2.0940000e+00
   2.0940000e+00
   2.0940000e+00
   2.0920000e+00
   2.0910000e+00
   2.0880000e+00
   2.0850000e+00
   2.0820000e+00
   2.0800000e+00
   2.0800000e+00
   2.0810000e+00
   2.0810000e+00
   2.0820000e+00
   2.0840000e+00
   2.0850000e+00
   2.0860000e+00
   2.0870000e+00
   2.0890000e+00
   2.0900000e+00
   2.0910000e+00
   2.0930000e+00
   2.0940000e+00
   2.0950000e+00
   2.0970000e+00
   2.0970000e+00
   2.0980000e+00
   2.0980000e+00
   2.0980000e+00
   2.0980000e+00
   2.0980000e+00
   2.0980000e+00
   2.0970000e+00
   2.0970000e+00
   2.0960000e+00
   2.0960000e+00
   2.0950000e+00
   2.0940000e+00
   2.0940000e+00
   2.0930000e+00
   2.0920000e+00
   2.0920000e+00
   2.0910000e+00
   2.0900000e+00
   2.0890000e+00
   2.0890000e+00
   2.0880000e+00
   2.0870000e+00
   2.0860000e+00
   2.0860000e+00
   2.0850000e+00
   2.0850000e+00
   2.0840000e+00
   2.0840000e+00
   2.0830000e+00
   2.0830000e+00
   2.0830000e+00
   2.0820000e+00
   2.0820000e+00
   2.0820000e+00
   2.0810000e+00
   2.0810000e+00
   2.0810000e+00
   2.0810000e+00
   2.0800000e+00
   2.0800000e+00
   2.0800000e+00
   2.0800000e+00
   2.0790000e+00
   2.0790000e+00
   2.0790000e+00
   2.0790000e+00
   2.0780000e+00
   2.0780000e+00
   2.0780000e+00
   2.0780000e+00
   2.0780000e+00
   2.0780000e+00
   2.0770000e+00
   2.0770000e+00
   2.0770000e+00
   2.0770000e+00
   2.0770000e+00
   2.0770000e+00
   2.0770000e+00
   2.0760000e+00
   2.0760000e+00
   2.0760000e+00
   2.0760000e+00
   2.0760000e+00
   2.0760000e+00
   2.0760000e+00
   2.0760000e+00
   2.0750000e+00
   2.0750000e+00
   2.0750000e+00
   2.0750000e+00
   2.0750000e+00
   2.0750000e+00
   2.0750000e+00
   2.0750000e+00
   2.0750000e+00
   2.0750000e+00
   2.0750000e+00
   2.0750000e+00
   2.0750000e+00
   2.0750000e+00
   2.0750000e+00
   2.0750000e+00
   2.0750000e+00
   2.0750000e+00
   2.0750000e+00
   2.0750000e+00
   2.0750000e+00
   2.0750000e+00
   2.0750000e+00
   2.0750000e+00
   2.0750000e+00
   2.0750000e+00
   2.0750000e+00
   2.0750000e+00
   2.0750000e+00
   2.0760000e+00
   2.0760000e+00
   2.0760000e+00
   2.0760000e+00
   2.0760000e+00
   2.0760000e+00
   2.0760000e+00
   2.0770000e+00
   2.0770000e+00
   2.0770000e+00
   2.0770000e+00
   2.0780000e+00
   2.0780000e+00
   2.0780000e+00
   2.0780000e+00
   2.0780000e+00
   2.0790000e+00
   2.0790000e+00
   2.0790000e+00
   2.0800000e+00
   2.0800000e+00
   2.0800000e+00
   2.0800000e+00
   2.0810000e+00
   2.0810000e+00
   2.0810000e+00
   2.0820000e+00
   2.0820000e+00
   2.0820000e+00
   2.0830000e+00
   2.0830000e+00
   2.0830000e+00
   2.0840000e+00
   2.0840000e+00
   2.0850000e+00
   2.0850000e+00
   2.0850000e+00
   2.0860000e+00
   2.0860000e+00
   2.0860000e+00
   2.0870000e+00
   2.0870000e+00
   2.0870000e+00
   2.0880000e+00
   2.0880000e+00
   2.0890000e+00
   2.0890000e+00
   2.0890000e+00
   2.0900000e+00
   2.0900000e+00
   2.0900000e+00
   2.0910000e+00
   2.0910000e+00
   2.0920000e+00
   2.0920000e+00
   2.0920000e+00
   2.0930000e+00
   2.0930000e+00
   2.0930000e+00
   2.0940000e+00
   2.0940000e+00
   2.0940000e+00
   2.0950000e+00
   2.0950000e+00
   2.0950000e+00
   2.0960000e+00
   2.0960000e+00
   2.0960000e+00
   2.0970000e+00
   2.0970000e+00
   2.0970000e+00
   2.0980000e+00
   2.0980000e+00
   2.0980000e+00
   2.0990000e+00
   2.0990000e+00
   2.0990000e+00
   2.1000000e+00
   2.1000000e+00
   2.1000000e+00
   2.1000000e+00
   2.1010000e+00
   2.1010000e+00
   2.1010000e+00
   2.1020000e+00
   2.1020000e+00
   2.1020000e+00
   2.1020000e+00
   2.1030000e+00
   2.1030000e+00
   2.1030000e+00
   2.1030000e+00
   2.1040000e+00
   2.1040000e+00
   2.1040000e+00
   2.1040000e+00
   2.1050000e+00
   2.1050000e+00
   2.1050000e+00
   2.1050000e+00
   2.1050000e+00
   2.1060000e+00
   2.1060000e+00
   2.1060000e+00
   2.1060000e+00
   2.1060000e+00
   2.1070000e+00
   2.1070000e+00
   2.1070000e+00
   2.1070000e+00
   2.1070000e+00
   2.1080000e+00
   2.1080000e+00
   2.1080000e+00
   2.1080000e+00
   2.1080000e+00
   2.1080000e+00
   2.1090000e+00
   2.1090000e+00
   2.1090000e+00
   2.1090000e+00
   2.1090000e+00
   2.1090000e+00
   2.1090000e+00
   2.1100000e+00
   2.1100000e+00
   2.1100000e+00
   2.1100000e+00
   2.1100000e+00
   2.1100000e+00
   2.1100000e+00
   2.1100000e+00
   2.1110000e+00
   2.1110000e+00
   2.1110000e+00
   2.1110000e+00
   2.1110000e+00
   2.1110000e+00
   2.1110000e+00
   2.1110000e+00
   2.1110000e+00
   2.1120000e+00
   2.1120000e+00
   2.1120000e+00
   2.1120000e+00
   2.1120000e+00
   2.1120000e+00
   2.1120000e+00
   2.1120000e+00
   2.1120000e+00
   2.1120000e+00
   2.1120000e+00
   2.1120000e+00
   2.1130000e+00
   2.1130000e+00
   2.1130000e+00
   2.1130000e+00
   2.1130000e+00
   2.1130000e+00
   2.1130000e+00
   2.1130000e+00
   2.1130000e+00
   2.1130000e+00
   2.1130000e+00
   2.1130000e+00
   2.1130000e+00
   2.1130000e+00
   2.1140000e+00
   2.1140000e+00
   2.1140000e+00
   2.1140000e+00
   2.1140000e+00
   2.1140000e+00
   2.1140000e+00
   2.1140000e+00
   2.1140000e+00
   2.1140000e+00
   2.1140000e+00
   2.1140000e+00
   2.1140000e+00
   2.1140000e+00
   2.1140000e+00
   2.1140000e+00
   2.1140000e+00
   2.1140000e+00
   2.1140000e+00
   2.1140000e+00
   2.1140000e+00
   2.1140000e+00
   2.1140000e+00
   2.1140000e+00
   2.1140000e+00
   2.1140000e+00
   2.1140000e+00
   2.1140000e+00
   2.1140000e+00
   2.1140000e+00
   2.1140000e+00
   2.1140000e+00
   2.1150000e+00
   2.1150000e+00
   2.1150000e+00
   2.1150000e+00
   2.1150000e+00
   2.1150000e+00
   2.1150000e+00
   2.1150000e+00
   2.1150000e+00
   2.1150000e+00
   2.1150000e+00
   2.1150000e+00
   2.1150000e+00
   2.1150000e+00
   2.1150000e+00
   2.1150000e+00
   2.1150000e+00
   2.1160000e+00
   2.1160000e+00
   2.1160000e+00
   2.1160000e+00
   2.1160000e+00
   2.1160000e+00
   2.1160000e+00
   2.1160000e+00
   2.1160000e+00
   2.1160000e+00
   2.1160000e+00
   2.1170000e+00
   2.1170000e+00
   2.1170000e+00
   2.1170000e+00
   2.1170000e+00
   2.1170000e+00
   2.1180000e+00
   2.1180000e+00
   2.1180000e+00
   2.1180000e+00
   2.1180000e+00
   2.1180000e+00
   2.1190000e+00
   2.1190000e+00
   2.1190000e+00
   2.1190000e+00
   2.1190000e+00
   2.1190000e+00
   2.1190000e+00
   2.1200000e+00
   2.1200000e+00
   2.1200000e+00
   2.1200000e+00
   2.1200000e+00
   2.1200000e+00
   2.1210000e+00
   2.1210000e+00
   2.1210000e+00
   2.1210000e+00
   2.1210000e+00
   2.1210000e+00
   2.1220000e+00
   2.1220000e+00
   2.1220000e+00
   2.1220000e+00
   2.1220000e+00
   2.1220000e+00
   2.1220000e+00
   2.1230000e+00
   2.1230000e+00
   2.1230000e+00
   2.1230000e+00
   2.1230000e+00
   2.1240000e+00
   2.1240000e+00
   2.1240000e+00
   2.1240000e+00
   2.1240000e+00
   2.1240000e+00
   2.1240000e+00
   2.1240000e+00
   2.1240000e+00
   2.1250000e+00
   2.1250000e+00
   2.1250000e+00
   2.1250000e+00
   2.1250000e+00
   2.1250000e+00
   2.1250000e+00
   2.1250000e+00
   2.1250000e+00
   2.1250000e+00
   2.1250000e+00
   2.1250000e+00
   2.1250000e+00
   2.1260000e+00
   2.1260000e+00
   2.1260000e+00
   2.1260000e+00
   2.1250000e+00
   2.1250000e+00
   2.1230000e+00
   2.1210000e+00
   2.1190000e+00
   2.1170000e+00
   2.1160000e+00
   2.1160000e+00
   2.1170000e+00
   2.1170000e+00
   2.1190000e+00
   2.1200000e+00
   2.1210000e+00
   2.1230000e+00
   2.1240000e+00
   2.1250000e+00
   2.1260000e+00
   2.1270000e+00
   2.1280000e+00
   2.1280000e+00
   2.1290000e+00
   2.1310000e+00
   2.1320000e+00
   2.1340000e+00
   2.1350000e+00
   2.1360000e+00
   2.1370000e+00
   2.1370000e+00
   2.1370000e+00
   2.1380000e+00
   2.1380000e+00
   2.1380000e+00
   2.1380000e+00
   2.1390000e+00
   2.1400000e+00
   2.1410000e+00
   2.1410000e+00
   2.1410000e+00
   2.1420000e+00
   2.1420000e+00
   2.1430000e+00
   2.1430000e+00
   2.1440000e+00
   2.1450000e+00
   2.1450000e+00
   2.1460000e+00
   2.1470000e+00
   2.1470000e+00
   2.1480000e+00
   2.1500000e+00
   2.1510000e+00
   2.1520000e+00
   2.1530000e+00
   2.1550000e+00
   2.1560000e+00
   2.1570000e+00
   2.1570000e+00
   2.1580000e+00
   2.1590000e+00
   2.1600000e+00
   2.1610000e+00
   2.1620000e+00
   2.1620000e+00
   2.1630000e+00
   2.1630000e+00
   2.1640000e+00
   2.1640000e+00
   2.1640000e+00
   2.1650000e+00
   2.1650000e+00
   2.1660000e+00
   2.1660000e+00
   2.1660000e+00
   2.1670000e+00
   2.1670000e+00
   2.1670000e+00
   2.1670000e+00
   2.1680000e+00
   2.1680000e+00
   2.1680000e+00
   2.1680000e+00
   2.1680000e+00
   2.1690000e+00
   2.1690000e+00
   2.1690000e+00
   2.1690000e+00
   2.1690000e+00
   2.1690000e+00
   2.1700000e+00
   2.1700000e+00
   2.1700000e+00
   2.1700000e+00
   2.1700000e+00
   2.1700000e+00
   2.1700000e+00
   2.1700000e+00
   2.1700000e+00
   2.1700000e+00
   2.1690000e+00
   2.1690000e+00
   2.1690000e+00
   2.1700000e+00
   2.1700000e+00
   2.1700000e+00
   2.1690000e+00
   2.1690000e+00
   2.1700000e+00
   2.1700000e+00
   2.1700000e+00
   2.1700000e+00
   2.1700000e+00
   2.1700000e+00
   2.1700000e+00
   2.1700000e+00
   2.1710000e+00
   2.1710000e+00
   2.1710000e+00
   2.1720000e+00
   2.1720000e+00
   2.1730000e+00
   2.1720000e+00
   2.1720000e+00
   2.1720000e+00
   2.1720000e+00
   2.1710000e+00
   2.1710000e+00
   2.1700000e+00
   2.1700000e+00
   2.1700000e+00
   2.1690000e+00
   2.1690000e+00
   2.1680000e+00
   2.1680000e+00
   2.1680000e+00
   2.1670000e+00
   2.1670000e+00
   2.1660000e+00
   2.1660000e+00
   2.1650000e+00
   2.1650000e+00
   2.1650000e+00
   2.1640000e+00
   2.1640000e+00
   2.1630000e+00
   2.1620000e+00
   2.1610000e+00
   2.1600000e+00
   2.1590000e+00
   2.1580000e+00
   2.1570000e+00
   2.1560000e+00
   2.1550000e+00
   2.1540000e+00
   2.1530000e+00
   2.1530000e+00
   2.1520000e+00
   2.1510000e+00
   2.1500000e+00
   2.1500000e+00
   2.1490000e+00
   2.1490000e+00
   2.1480000e+00
   2.1480000e+00
   2.1480000e+00
   2.1470000e+00
   2.1470000e+00
   2.1470000e+00
   2.1470000e+00
   2.1460000e+00
   2.1460000e+00
   2.1460000e+00
   2.1450000e+00
   2.1450000e+00
   2.1450000e+00
   2.1450000e+00
   2.1440000e+00
   2.1440000e+00
   2.1440000e+00
   2.1440000e+00
   2.1440000e+00
   2.1430000e+00
   2.1430000e+00
   2.1430000e+00
   2.1430000e+00
   2.1430000e+00
   2.1430000e+00
   2.1420000e+00
   2.1420000e+00
   2.1420000e+00
   2.1420000e+00
   2.1420000e+00
   2.1420000e+00
   2.1420000e+00
   2.1420000e+00
   2.1410000e+00
   2.1410000e+00
   2.1410000e+00
   2.1410000e+00
   2.1410000e+00
   2.1410000e+00
   2.1410000e+00
   2.1410000e+00
   2.1400000e+00
   2.1400000e+00
   2.1400000e+00
   2.1400000e+00
   2.1400000e+00
   2.1400000e+00
   2.1400000e+00
   2.1400000e+00
   2.1400000e+00
   2.1400000e+00
   2.1400000e+00
   2.1400000e+00
   2.1400000e+00
   2.1400000e+00
   2.1390000e+00
   2.1390000e+00
   2.1390000e+00
   2.1390000e+00
   2.1390000e+00
   2.1390000e+00
   2.1390000e+00
   2.1390000e+00
   2.1390000e+00
   2.1390000e+00
   2.1390000e+00
   2.1390000e+00
   2.1390000e+00
   2.1390000e+00
   2.1390000e+00
   2.1390000e+00
   2.1390000e+00
   2.1390000e+00
   2.1390000e+00
   2.1380000e+00
   2.1380000e+00
   2.1380000e+00
   2.1380000e+00
   2.1380000e+00
   2.1380000e+00
   2.1380000e+00
   2.1380000e+00
   2.1380000e+00
   2.1380000e+00
   2.1380000e+00
   2.1380000e+00
   2.1380000e+00
   2.1380000e+00
   2.1380000e+00
   2.1380000e+00
   2.1380000e+00
   2.1380000e+00
   2.1380000e+00
   2.1380000e+00
   2.1380000e+00
   2.1380000e+00
   2.1380000e+00
   2.1380000e+00
   2.1380000e+00
   2.1380000e+00
   2.1380000e+00
   2.1380000e+00
   2.1380000e+00
   2.1380000e+00
   2.1380000e+00
   2.1380000e+00
   2.1380000e+00
   2.1380000e+00
   2.1380000e+00
   2.1380000e+00
   2.1380000e+00
   2.1380000e+00
   2.1380000e+00
   2.1380000e+00
   2.1380000e+00
   2.1380000e+00
   2.1380000e+00
   2.1380000e+00
   2.1380000e+00
   2.1390000e+00
   2.1390000e+00
   2.1390000e+00
   2.1390000e+00
   2.1390000e+00
   2.1390000e+00
   2.1390000e+00
   2.1390000e+00
   2.1390000e+00
   2.1390000e+00
   2.1390000e+00
   2.1390000e+00
   2.1390000e+00
   2.1390000e+00
   2.1390000e+00
   2.1390000e+00
   2.1390000e+00
   2.1390000e+00
   2.1390000e+00
   2.1390000e+00
   2.1390000e+00
   2.1390000e+00
   2.1390000e+00
   2.1390000e+00
   2.1390000e+00
   2.1390000e+00
   2.1390000e+00
   2.1390000e+00
   2.1390000e+00
   2.1390000e+00
   2.1390000e+00
   2.1390000e+00
   2.1390000e+00
   2.1390000e+00
   2.1390000e+00
   2.1390000e+00
   2.1390000e+00
   2.1390000e+00
   2.1390000e+00
   2.1390000e+00
   2.1390000e+00
   2.1390000e+00
   2.1390000e+00
   2.1390000e+00
   2.1390000e+00
   2.1390000e+00
   2.1390000e+00
   2.1400000e+00
   2.1400000e+00
   2.1400000e+00
   2.1400000e+00
   2.1400000e+00
   2.1400000e+00
   2.1400000e+00
   2.1400000e+00
   2.1400000e+00
   2.1400000e+00
   2.1400000e+00
   2.1400000e+00
   2.1400000e+00
   2.1400000e+00
   2.1400000e+00
   2.1400000e+00
   2.1400000e+00
   2.1400000e+00
   2.1400000e+00
   2.1400000e+00
   2.1400000e+00
   2.1400000e+00
   2.1400000e+00
   2.1400000e+00
   2.1400000e+00
   2.1400000e+00
   2.1400000e+00
   2.1400000e+00
   2.1400000e+00
   2.1400000e+00
   2.1400000e+00
   2.1400000e+00
   2.1400000e+00
   2.1400000e+00
   2.1400000e+00
   2.1400000e+00
   2.1400000e+00
   2.1400000e+00
   2.1400000e+00
   2.1400000e+00
   2.1400000e+00
   2.1400000e+00
   2.1400000e+00
   2.1400000e+00
   2.1400000e+00
   2.1400000e+00
   2.1400000e+00
   2.1400000e+00
   2.1400000e+00
   2.1400000e+00
   2.1400000e+00
   2.1400000e+00
   2.1400000e+00
   2.1400000e+00
   2.1400000e+00
   2.1400000e+00
   2.1400000e+00
   2.1400000e+00
   2.1400000e+00
   2.1400000e+00
   2.1400000e+00
   2.1400000e+00
   2.1400000e+00
   2.1400000e+00
   2.1400000e+00
   2.1400000e+00
   2.1400000e+00
   2.1400000e+00
   2.1400000e+00
   2.1400000e+00
   2.1400000e+00
   2.1400000e+00
   2.1400000e+00
   2.1400000e+00
   2.1400000e+00
   2.1400000e+00
   2.1400000e+00
   2.1400000e+00
   2.1390000e+00
   2.1390000e+00
   2.1390000e+00
   2.1390000e+00
   2.1390000e+00
   2.1390000e+00
   2.1390000e+00
   2.1390000e+00
   2.1390000e+00
   2.1390000e+00
   2.1390000e+00
   2.1390000e+00
   2.1390000e+00
   2.1390000e+00
   2.1390000e+00
   2.1390000e+00
   2.1390000e+00
   2.1390000e+00
   2.1390000e+00
   2.1390000e+00
   2.1390000e+00
   2.1390000e+00
   2.1390000e+00
   2.1390000e+00
   2.1390000e+00
   2.1390000e+00
   2.1390000e+00
   2.1390000e+00
   2.1390000e+00
   2.1380000e+00
   2.1380000e+00
   2.1380000e+00
   2.1380000e+00
   2.1380000e+00
   2.1380000e+00
   2.1380000e+00
   2.1380000e+00
   2.1380000e+00
   2.1380000e+00
   2.1380000e+00
   2.1380000e+00
   2.1380000e+00
   2.1380000e+00
   2.1380000e+00
   2.1380000e+00
   2.1380000e+00
   2.1380000e+00
   2.1380000e+00
   2.1380000e+00
   2.1380000e+00
   2.1380000e+00
   2.1380000e+00
   2.1380000e+00
   2.1380000e+00
   2.1370000e+00
   2.1370000e+00
   2.1370000e+00
   2.1370000e+00
   2.1370000e+00
   2.1370000e+00
   2.1370000e+00
   2.1370000e+00
   2.1380000e+00
   2.1380000e+00
   2.1380000e+00
   2.1380000e+00
   2.1380000e+00
   2.1380000e+00
   2.1380000e+00
   2.1380000e+00
   2.1380000e+00
   2.1380000e+00
   2.1380000e+00
   2.1380000e+00
   2.1380000e+00
   2.1380000e+00
   2.1380000e+00
   2.1390000e+00
   2.1390000e+00
   2.1390000e+00
   2.1390000e+00
   2.1390000e+00
   2.1390000e+00
   2.1390000e+00
   2.1390000e+00
   2.1390000e+00
   2.1390000e+00
   2.1390000e+00
   2.1390000e+00
   2.1390000e+00
   2.1390000e+00
   2.1390000e+00
   2.1390000e+00
   2.1390000e+00
   2.1390000e+00
   2.1390000e+00
   2.1390000e+00
   2.1390000e+00
   2.1390000e+00
   2.1390000e+00
   2.1390000e+00
   2.1390000e+00
   2.1390000e+00
   2.1390000e+00
   2.1390000e+00
   2.1380000e+00
   2.1380000e+00
   2.1380000e+00
   2.1380000e+00
   2.1380000e+00
   2.1380000e+00
   2.1380000e+00
   2.1380000e+00
   2.1380000e+00
   2.1380000e+00
   2.1380000e+00
   2.1380000e+00
   2.1380000e+00
   2.1380000e+00
   2.1380000e+00
   2.1380000e+00
   2.1380000e+00
   2.1380000e+00
   2.1380000e+00
   2.1380000e+00
   2.1380000e+00
   2.1380000e+00
   2.1380000e+00
   2.1380000e+00
   2.1380000e+00
   2.1380000e+00
   2.1380000e+00
   2.1380000e+00
   2.1380000e+00
   2.1380000e+00
   2.1380000e+00
   2.1380000e+00
   2.1380000e+00
   2.1380000e+00
   2.1380000e+00
   2.1380000e+00
   2.1380000e+00
   2.1380000e+00
   2.1380000e+00
   2.1380000e+00
   2.1380000e+00
   2.1380000e+00
   2.1380000e+00
   2.1380000e+00
   2.1380000e+00
   2.1380000e+00
   2.1380000e+00
   2.1380000e+00
   2.1380000e+00
   2.1380000e+00
   2.1390000e+00
   2.1390000e+00
   2.1390000e+00
   2.1390000e+00
   2.1390000e+00
   2.1390000e+00
   2.1390000e+00
   2.1390000e+00
   2.1390000e+00
   2.1390000e+00
   2.1390000e+00
   2.1390000e+00
   2.1390000e+00
   2.1390000e+00
   2.1390000e+00
   2.1390000e+00
   2.1390000e+00
   2.1390000e+00
   2.1390000e+00
   2.1390000e+00
   2.1400000e+00
   2.1400000e+00
   2.1400000e+00
   2.1400000e+00
   2.1400000e+00
   2.1400000e+00
   2.1400000e+00
   2.1400000e+00
   2.1400000e+00
   2.1400000e+00
   2.1400000e+00
   2.1400000e+00
   2.1400000e+00
   2.1400000e+00
   2.1400000e+00
   2.1400000e+00
   2.1400000e+00
   2.1400000e+00
   2.1400000e+00
   2.1400000e+00
   2.1400000e+00
   2.1400000e+00
   2.1400000e+00
   2.1400000e+00
   2.1400000e+00
   2.1400000e+00
   2.1400000e+00
   2.1400000e+00
   2.1390000e+00
   2.1390000e+00
   2.1390000e+00
   2.1390000e+00
   2.1390000e+00
   2.1390000e+00
   2.1390000e+00
   2.1390000e+00
   2.1390000e+00
   2.1390000e+00
   2.1390000e+00
   2.1390000e+00
   2.1390000e+00
   2.1390000e+00
   2.1390000e+00
   2.1390000e+00
   2.1390000e+00
   2.1390000e+00
   2.1390000e+00
   2.1390000e+00
   2.1390000e+00
   2.1390000e+00
   2.1390000e+00
   2.1390000e+00
   2.1390000e+00
   2.1390000e+00
   2.1390000e+00
   2.1390000e+00
   2.1390000e+00
   2.1390000e+00
   2.1390000e+00
   2.1390000e+00
   2.1390000e+00
   2.1390000e+00
   2.1390000e+00
   2.1390000e+00
   2.1390000e+00
   2.1390000e+00
   2.1380000e+00
   2.1380000e+00
   2.1380000e+00
   2.1380000e+00
   2.1380000e+00
   2.1380000e+00
   2.1380000e+00
   2.1380000e+00
   2.1380000e+00
   2.1380000e+00
   2.1380000e+00
   2.1380000e+00
   2.1380000e+00
   2.1380000e+00
   2.1380000e+00
   2.1380000e+00
   2.1380000e+00
   2.1380000e+00
   2.1380000e+00
   2.1380000e+00
   2.1380000e+00
   2.1380000e+00
   2.1380000e+00
   2.1380000e+00
   2.1380000e+00
   2.1380000e+00
   2.1380000e+00
   2.1380000e+00
   2.1380000e+00
   2.1380000e+00
   2.1380000e+00
   2.1380000e+00
   2.1380000e+00
   2.1380000e+00
   2.1380000e+00
   2.1380000e+00
   2.1380000e+00
   2.1380000e+00
   2.1380000e+00
   2.1380000e+00
   2.1380000e+00
   2.1370000e+00
   2.1370000e+00
   2.1370000e+00
   2.1370000e+00
   2.1370000e+00
   2.1370000e+00
   2.1370000e+00
   2.1370000e+00
   2.1370000e+00
   2.1370000e+00
   2.1370000e+00
   2.1370000e+00
   2.1370000e+00
   2.1370000e+00
   2.1370000e+00
   2.1370000e+00
   2.1370000e+00
   2.1370000e+00
   2.1370000e+00
   2.1370000e+00
   2.1370000e+00
   2.1370000e+00
   2.1370000e+00
   2.1370000e+00
   2.1370000e+00
   2.1370000e+00
   2.1370000e+00
   2.1370000e+00
   2.1370000e+00
   2.1370000e+00
   2.1370000e+00
   2.1360000e+00
   2.1360000e+00
   2.1360000e+00
   2.1360000e+00
   2.1360000e+00
   2.1360000e+00
   2.1360000e+00
   2.1360000e+00
   2.1360000e+00
   2.1360000e+00
   2.1360000e+00
   2.1360000e+00
   2.1360000e+00
   2.1360000e+00
   2.1360000e+00
   2.1360000e+00
   2.1360000e+00
   2.1360000e+00
   2.1360000e+00
   2.1360000e+00
   2.1360000e+00
   2.1360000e+00
   2.1360000e+00
   2.1360000e+00
   2.1360000e+00
   2.1350000e+00
   2.1350000e+00
   2.1350000e+00
   2.1350000e+00
   2.1350000e+00
   2.1350000e+00
   2.1350000e+00
   2.1350000e+00
   2.1350000e+00
   2.1350000e+00
   2.1350000e+00
   2.1350000e+00
   2.1350000e+00
   2.1350000e+00
   2.1350000e+00
   2.1350000e+00
   2.1350000e+00
   2.1350000e+00
   2.1350000e+00
   2.1350000e+00
   2.1340000e+00
   2.1340000e+00
   2.1340000e+00
   2.1340000e+00
   2.1340000e+00
   2.1340000e+00
   2.1340000e+00
   2.1340000e+00
   2.1340000e+00
   2.1340000e+00
   2.1340000e+00
   2.1340000e+00
   2.1340000e+00
   2.1340000e+00
   2.1350000e+00
   2.1350000e+00
   2.1350000e+00
   2.1350000e+00
   2.1350000e+00
   2.1350000e+00
   2.1350000e+00
   2.1350000e+00
   2.1350000e+00
   2.1350000e+00
   2.1350000e+00
   2.1350000e+00
   2.1350000e+00
   2.1350000e+00
   2.1350000e+00
   2.1350000e+00
   2.1350000e+00
   2.1350000e+00
   2.1350000e+00
   2.1350000e+00
   2.1350000e+00
   2.1350000e+00
   2.1350000e+00
   2.1350000e+00
   2.1350000e+00
   2.1350000e+00
   2.1350000e+00
   2.1350000e+00
   2.1350000e+00
   2.1350000e+00
   2.1350000e+00
   2.1350000e+00
   2.1350000e+00
   2.1350000e+00
   2.1350000e+00
   2.1350000e+00
   2.1350000e+00
   2.1350000e+00
   2.1340000e+00
   2.1340000e+00
   2.1340000e+00
   2.1340000e+00
   2.1340000e+00
   2.1340000e+00
   2.1340000e+00
   2.1340000e+00
   2.1340000e+00
   2.1340000e+00
   2.1340000e+00
   2.1340000e+00
   2.1340000e+00
   2.1340000e+00
   2.1340000e+00
   2.1340000e+00
   2.1340000e+00
   2.1340000e+00
   2.1330000e+00
   2.1330000e+00
   2.1330000e+00
   2.1330000e+00
   2.1330000e+00
   2.1330000e+00
   2.1330000e+00
   2.1330000e+00
   2.1330000e+00
   2.1330000e+00
   2.1330000e+00
   2.1330000e+00
   2.1330000e+00
   2.1320000e+00
   2.1320000e+00
   2.1320000e+00
   2.1320000e+00
   2.1320000e+00
   2.1320000e+00
   2.1320000e+00
   2.1320000e+00
   2.1320000e+00
   2.1320000e+00
   2.1310000e+00
   2.1310000e+00
   2.1310000e+00
   2.1310000e+00
   2.1310000e+00
   2.1310000e+00
   2.1310000e+00
   2.1310000e+00
   2.1310000e+00
   2.1300000e+00
   2.1300000e+00
   2.1300000e+00
   2.1300000e+00
   2.1300000e+00
   2.1300000e+00
   2.1300000e+00
   2.1300000e+00
   2.1300000e+00
   2.1300000e+00
   2.1300000e+00
   2.1290000e+00
   2.1290000e+00
   2.1290000e+00
   2.1290000e+00
   2.1290000e+00
   2.1290000e+00
   2.1290000e+00
   2.1290000e+00
   2.1290000e+00
   2.1290000e+00
   2.1290000e+00
   2.1280000e+00
   2.1280000e+00
   2.1280000e+00
   2.1280000e+00
   2.1280000e+00
   2.1280000e+00
   2.1280000e+00
   2.1280000e+00
   2.1280000e+00
   2.1280000e+00
   2.1280000e+00
   2.1280000e+00
   2.1280000e+00
   2.1270000e+00
   2.1270000e+00
   2.1270000e+00
   2.1270000e+00
   2.1270000e+00
   2.1270000e+00
   2.1270000e+00
   2.1270000e+00
   2.1270000e+00
   2.1270000e+00
   2.1270000e+00
   2.1270000e+00
   2.1270000e+00
   2.1270000e+00
   2.1270000e+00
   2.1260000e+00
   2.1260000e+00
   2.1260000e+00
   2.1260000e+00
   2.1260000e+00
   2.1260000e+00
   2.1260000e+00
   2.1260000e+00
   2.1260000e+00
   2.1260000e+00
   2.1260000e+00
   2.1260000e+00
   2.1260000e+00
   2.1260000e+00
   2.1250000e+00
   2.1250000e+00
   2.1250000e+00
   2.1250000e+00
   2.1250000e+00
   2.1250000e+00
   2.1250000e+00
   2.1250000e+00
   2.1250000e+00
   2.1250000e+00
   2.1250000e+00
   2.1250000e+00
   2.1250000e+00
   2.1250000e+00
   2.1250000e+00
   2.1250000e+00
   2.1250000e+00
   2.1240000e+00
   2.1240000e+00
   2.1240000e+00
   2.1240000e+00
   2.1240000e+00
   2.1240000e+00
   2.1240000e+00
   2.1240000e+00
   2.1240000e+00
   2.1240000e+00
   2.1240000e+00
   2.1240000e+00
   2.1240000e+00
   2.1240000e+00
   2.1240000e+00
   2.1240000e+00
   2.1230000e+00
   2.1230000e+00
   2.1230000e+00
   2.1230000e+00
   2.1230000e+00
   2.1230000e+00
   2.1230000e+00
   2.1230000e+00
   2.1230000e+00
   2.1230000e+00
   2.1230000e+00
   2.1230000e+00
   2.1230000e+00
   2.1230000e+00
   2.1230000e+00
   2.1230000e+00
   2.1220000e+00
   2.1220000e+00
   2.1220000e+00
   2.1220000e+00
   2.1220000e+00
   2.1220000e+00
   2.1220000e+00
   2.1220000e+00
   2.1220000e+00
   2.1220000e+00
   2.1220000e+00
   2.1220000e+00
   2.1220000e+00
   2.1220000e+00
   2.1220000e+00
   2.1220000e+00
   2.1220000e+00
   2.1220000e+00
   2.1220000e+00
   2.1210000e+00
   2.1210000e+00
   2.1210000e+00
   2.1210000e+00
   2.1210000e+00
   2.1210000e+00
   2.1210000e+00
   2.1210000e+00
   2.1210000e+00
   2.1210000e+00
   2.1210000e+00
   2.1210000e+00
   2.1210000e+00
   2.1210000e+00
   2.1210000e+00
   2.1210000e+00
   2.1200000e+00
   2.1200000e+00
   2.1200000e+00
   2.1200000e+00
   2.1200000e+00
   2.1200000e+00
   2.1200000e+00
   2.1200000e+00
   2.1200000e+00
   2.1200000e+00
   2.1200000e+00
   2.1200000e+00
   2.1200000e+00
   2.1200000e+00
   2.1200000e+00
   2.1200000e+00
   2.1190000e+00
   2.1190000e+00
   2.1190000e+00
   2.1190000e+00
   2.1190000e+00
   2.1190000e+00
   2.1190000e+00
   2.1190000e+00
   2.1190000e+00
   2.1190000e+00
   2.1190000e+00
   2.1190000e+00
   2.1190000e+00
   2.1190000e+00
   2.1180000e+00
   2.1180000e+00
   2.1180000e+00
   2.1180000e+00
   2.1180000e+00
   2.1180000e+00
   2.1180000e+00
   2.1180000e+00
   2.1180000e+00
   2.1180000e+00
   2.1180000e+00
   2.1180000e+00
   2.1180000e+00
   2.1170000e+00
   2.1170000e+00
   2.1170000e+00
   2.1170000e+00
   2.1170000e+00
   2.1170000e+00
   2.1170000e+00
   2.1170000e+00
   2.1170000e+00
   2.1170000e+00
   2.1170000e+00
   2.1170000e+00
   2.1160000e+00
   2.1160000e+00
   2.1160000e+00
   2.1160000e+00
   2.1160000e+00
   2.1160000e+00
   2.1160000e+00
   2.1160000e+00
   2.1160000e+00
   2.1160000e+00
   2.1160000e+00
   2.1150000e+00
   2.1150000e+00
   2.1150000e+00
   2.1150000e+00
   2.1150000e+00
   2.1150000e+00
   2.1150000e+00
   2.1150000e+00
   2.1150000e+00
   2.1150000e+00
   2.1150000e+00
   2.1150000e+00
   2.1150000e+00
   2.1140000e+00
   2.1140000e+00
   2.1140000e+00
   2.1140000e+00
   2.1140000e+00
   2.1140000e+00
   2.1140000e+00
   2.1140000e+00
   2.1140000e+00
   2.1140000e+00
   2.1140000e+00
   2.1140000e+00
   2.1140000e+00
   2.1130000e+00
   2.1130000e+00
   2.1130000e+00
   2.1130000e+00
   2.1130000e+00
   2.1130000e+00
   2.1130000e+00
   2.1130000e+00
   2.1130000e+00
   2.1130000e+00
   2.1130000e+00
   2.1130000e+00
   2.1120000e+00
   2.1120000e+00
   2.1120000e+00
   2.1120000e+00
   2.1120000e+00
   2.1120000e+00
   2.1120000e+00
   2.1120000e+00
   2.1120000e+00
   2.1120000e+00
   2.1120000e+00
   2.1120000e+00
   2.1120000e+00
   2.1110000e+00
   2.1110000e+00
   2.1110000e+00
   2.1110000e+00
   2.1110000e+00
   2.1110000e+00
   2.1110000e+00
   2.1110000e+00
   2.1110000e+00
   2.1110000e+00
   2.1110000e+00
   2.1110000e+00
   2.1100000e+00
   2.1100000e+00
   2.1100000e+00
   2.1100000e+00
   2.1100000e+00
   2.1100000e+00
   2.1100000e+00
   2.1100000e+00
   2.1100000e+00
   2.1100000e+00
   2.1100000e+00
   2.1090000e+00
   2.1090000e+00
   2.1090000e+00
   2.1090000e+00
   2.1090000e+00
   2.1090000e+00
   2.1090000e+00
   2.1090000e+00
   2.1090000e+00
   2.1090000e+00
   2.1080000e+00
   2.1080000e+00
   2.1080000e+00
   2.1080000e+00
   2.1080000e+00
   2.1080000e+00
   2.1080000e+00
   2.1080000e+00
   2.1080000e+00
   2.1080000e+00
   2.1080000e+00
   2.1070000e+00
   2.1070000e+00
   2.1070000e+00
   2.1070000e+00
   2.1070000e+00
   2.1070000e+00
   2.1070000e+00
   2.1070000e+00
   2.1070000e+00
   2.1070000e+00
   2.1070000e+00
   2.1060000e+00
   2.1060000e+00
   2.1060000e+00
   2.1060000e+00
   2.1060000e+00
   2.1060000e+00
   2.1060000e+00
   2.1060000e+00
   2.1060000e+00
   2.1060000e+00
   2.1060000e+00
   2.1060000e+00
   2.1060000e+00
   2.1060000e+00
   2.1060000e+00
   2.1060000e+00
   2.1050000e+00
   2.1050000e+00
   2.1050000e+00
   2.1050000e+00
   2.1050000e+00
   2.1050000e+00
   2.1050000e+00
   2.1050000e+00
   2.1050000e+00
   2.1050000e+00
   2.1050000e+00
   2.1050000e+00
   2.1050000e+00
   2.1050000e+00
   2.1050000e+00
   2.1050000e+00
   2.1050000e+00
   2.1040000e+00
   2.1040000e+00
   2.1040000e+00
   2.1040000e+00
   2.1040000e+00
   2.1040000e+00
   2.1040000e+00
   2.1040000e+00
   2.1040000e+00
   2.1040000e+00
   2.1040000e+00
   2.1040000e+00
   2.1040000e+00
   2.1040000e+00
   2.1040000e+00
   2.1040000e+00
   2.1030000e+00
   2.1030000e+00
   2.1030000e+00
   2.1030000e+00
   2.1030000e+00
   2.1030000e+00
   2.1030000e+00
   2.1030000e+00
   2.1030000e+00
   2.1030000e+00
   2.1030000e+00
   2.1030000e+00
   2.1030000e+00
   2.1030000e+00
   2.1020000e+00
   2.1020000e+00
   2.1020000e+00
   2.1020000e+00
   2.1020000e+00
   2.1020000e+00
   2.1020000e+00
   2.1020000e+00
   2.1020000e+00
   2.1020000e+00
   2.1020000e+00
   2.1020000e+00
   2.1020000e+00
   2.1020000e+00
   2.1020000e+00
   2.1020000e+00
   2.1010000e+00
   2.1020000e+00
   2.1010000e+00
   2.1010000e+00
   2.1010000e+00
   2.1010000e+00
   2.1010000e+00
   2.1010000e+00
   2.1010000e+00
   2.1010000e+00
   2.1010000e+00
   2.1010000e+00
   2.1010000e+00
   2.1010000e+00
   2.1010000e+00
   2.1010000e+00
   2.1010000e+00
   2.1010000e+00
   2.1010000e+00
   2.1010000e+00
   2.1010000e+00
   2.1010000e+00
   2.1010000e+00
   2.1010000e+00
   2.1010000e+00
   2.1010000e+00
   2.1010000e+00
   2.1010000e+00
   2.1010000e+00
   2.1010000e+00
   2.1010000e+00
   2.1010000e+00
   2.1010000e+00
   2.1010000e+00
   2.1010000e+00
   2.1010000e+00
   2.1010000e+00
   2.1010000e+00
   2.1010000e+00
   2.1010000e+00
   2.1010000e+00
   2.1010000e+00
   2.1010000e+00
   2.1010000e+00
   2.1010000e+00
   2.1010000e+00
   2.1020000e+00
   2.1020000e+00
   2.1020000e+00
   2.1020000e+00
   2.1020000e+00
   2.1020000e+00
   2.1020000e+00
   2.1020000e+00
   2.1020000e+00
   2.1020000e+00
   2.1020000e+00
   2.1020000e+00
   2.1020000e+00
   2.1020000e+00
   2.1020000e+00
   2.1020000e+00
   2.1020000e+00
   2.1020000e+00
   2.1020000e+00
   2.1020000e+00
   2.1020000e+00
   2.1020000e+00
   2.1020000e+00
   2.1020000e+00
   2.1030000e+00
   2.1030000e+00
   2.1030000e+00
   2.1030000e+00
   2.1030000e+00
   2.1030000e+00
   2.1030000e+00
   2.1030000e+00
   2.1030000e+00
   2.1030000e+00
   2.1030000e+00
   2.1030000e+00
   2.1030000e+00
   2.1030000e+00
   2.1030000e+00
   2.1040000e+00
   2.1040000e+00
   2.1040000e+00
   2.1040000e+00
   2.1040000e+00
   2.1040000e+00
   2.1040000e+00
   2.1040000e+00
   2.1040000e+00
   2.1040000e+00
   2.1040000e+00
   2.1040000e+00
   2.1040000e+00
   2.1040000e+00
   2.1040000e+00
   2.1040000e+00
   2.1040000e+00
   2.1040000e+00
   2.1040000e+00
   2.1040000e+00
   2.1040000e+00
   2.1040000e+00
   2.1040000e+00
   2.1040000e+00
   2.1040000e+00
   2.1040000e+00
   2.1030000e+00
   2.1030000e+00
   2.1040000e+00
   2.1040000e+00
   2.1040000e+00
   2.1040000e+00
   2.1040000e+00
   2.1040000e+00
   2.1040000e+00
   2.1040000e+00
   2.1040000e+00
   2.1040000e+00
   2.1030000e+00
   2.1030000e+00
   2.1030000e+00
   2.1030000e+00
   2.1030000e+00
   2.1030000e+00
   2.1030000e+00
   2.1030000e+00
   2.1030000e+00
   2.1030000e+00
   2.1030000e+00
   2.1030000e+00
   2.1030000e+00
   2.1030000e+00
   2.1030000e+00
   2.1030000e+00
   2.1020000e+00
   2.1020000e+00
   2.1020000e+00
   2.1020000e+00
   2.1020000e+00
   2.1020000e+00
   2.1020000e+00
   2.1020000e+00
   2.1020000e+00
   2.1020000e+00
   2.1020000e+00
   2.1020000e+00
   2.1020000e+00
   2.1020000e+00
   2.1020000e+00
   2.1020000e+00
   2.1020000e+00
   2.1010000e+00
   2.1010000e+00
   2.1010000e+00
   2.1010000e+00
   2.1010000e+00
   2.1010000e+00
   2.1010000e+00
   2.1010000e+00
   2.1010000e+00
   2.1010000e+00
   2.1010000e+00
   2.1010000e+00
   2.1010000e+00
   2.1010000e+00
   2.1010000e+00
   2.1000000e+00
   2.1000000e+00
   2.1000000e+00
   2.1000000e+00
   2.1000000e+00
   2.1000000e+00
   2.1000000e+00
   2.1000000e+00
   2.1000000e+00
   2.1000000e+00
   2.1000000e+00
   2.1000000e+00
   2.1000000e+00
   2.1000000e+00
   2.1000000e+00
   2.1000000e+00
   2.1000000e+00
   2.1000000e+00
   2.1000000e+00
   2.1000000e+00
   2.1000000e+00
   2.1000000e+00
   2.1000000e+00
   2.1000000e+00
   2.1000000e+00
   2.1000000e+00
   2.1000000e+00
   2.1000000e+00
   2.1000000e+00
   2.1000000e+00
   2.1000000e+00
   2.1000000e+00
   2.1000000e+00
   2.1000000e+00
   2.1000000e+00
   2.1000000e+00
   2.1000000e+00
   2.1000000e+00
   2.1000000e+00
   2.1000000e+00
   2.1000000e+00
   2.1000000e+00
   2.1000000e+00
   2.1000000e+00
   2.1000000e+00
   2.1000000e+00
   2.1000000e+00
   2.1000000e+00
   2.1000000e+00
   2.1000000e+00
   2.0990000e+00
   2.0990000e+00
   2.0990000e+00
   2.0990000e+00
   2.0990000e+00
   2.0990000e+00
   2.0990000e+00
   2.1000000e+00
   2.1000000e+00
   2.1000000e+00
   2.1000000e+00
   2.1000000e+00
   2.1000000e+00
   2.1000000e+00
   2.1000000e+00
   2.1000000e+00
   2.1000000e+00
   2.1000000e+00
   2.1000000e+00
   2.1000000e+00
   2.1000000e+00
   2.1000000e+00
   2.1000000e+00
   2.1000000e+00
   2.1000000e+00
   2.1000000e+00
   2.1000000e+00
   2.1000000e+00
   2.1000000e+00
   2.1000000e+00
   2.1000000e+00
   2.1000000e+00
   2.1000000e+00
   2.1000000e+00
   2.1000000e+00
   2.1000000e+00
   2.1000000e+00
   2.1000000e+00
   2.1000000e+00
   2.1000000e+00
   2.1000000e+00
   2.1000000e+00
   2.1000000e+00
   2.1000000e+00
   2.1000000e+00
   2.1000000e+00
   2.1000000e+00
   2.1000000e+00
   2.1000000e+00
   2.1000000e+00
   2.1000000e+00
   2.1000000e+00
   2.1000000e+00
   2.1000000e+00
   2.1000000e+00
   2.1000000e+00
   2.1000000e+00
   2.1000000e+00
   2.1000000e+00
   2.1000000e+00
   2.0990000e+00
   2.0990000e+00
   2.0990000e+00
   2.0990000e+00
   2.0990000e+00
   2.0990000e+00
   2.0990000e+00
   2.0990000e+00
   2.0990000e+00
   2.0990000e+00
   2.0990000e+00
   2.0990000e+00
   2.0990000e+00
   2.0990000e+00
   2.0990000e+00
   2.0990000e+00
   2.0990000e+00
   2.0990000e+00
   2.0990000e+00
   2.0990000e+00
   2.0990000e+00
   2.0990000e+00
   2.0990000e+00
   2.0990000e+00
   2.0990000e+00
   2.0990000e+00
   2.0990000e+00
   2.0990000e+00
   2.0990000e+00
   2.0980000e+00
   2.0980000e+00
   2.0980000e+00
   2.0980000e+00
   2.0980000e+00
   2.0980000e+00
   2.0980000e+00
   2.0980000e+00
   2.0980000e+00
   2.0980000e+00
   2.0980000e+00
   2.0980000e+00
   2.0980000e+00
   2.0980000e+00
   2.0980000e+00
   2.0980000e+00
   2.0980000e+00
   2.0980000e+00
   2.0980000e+00
   2.0980000e+00
   2.0980000e+00
   2.0980000e+00
   2.0980000e+00
   2.0980000e+00
   2.0980000e+00
   2.0980000e+00
   2.0980000e+00
   2.0980000e+00
   2.0970000e+00
   2.0970000e+00
   2.0970000e+00
   2.0970000e+00
   2.0970000e+00
   2.0970000e+00
   2.0970000e+00
   2.0970000e+00
   2.0970000e+00
   2.0970000e+00
   2.0970000e+00
   2.0970000e+00
   2.0970000e+00
   2.0970000e+00
   2.0970000e+00
   2.0970000e+00
   2.0970000e+00
   2.0970000e+00
   2.0970000e+00
   2.0970000e+00
   2.0970000e+00
   2.0970000e+00
   2.0970000e+00
   2.0970000e+00
   2.0970000e+00
   2.0960000e+00
   2.0960000e+00
   2.0960000e+00
   2.0960000e+00
   2.0960000e+00
   2.0960000e+00
   2.0960000e+00
   2.0960000e+00
   2.0960000e+00
   2.0960000e+00
   2.0960000e+00
   2.0960000e+00
   2.0960000e+00
   2.0960000e+00
   2.0960000e+00
   2.0960000e+00
   2.0960000e+00
   2.0960000e+00
   2.0960000e+00
   2.0960000e+00
   2.0960000e+00
   2.0950000e+00
   2.0950000e+00
   2.0950000e+00
   2.0950000e+00
   2.0950000e+00
   2.0950000e+00
   2.0950000e+00
   2.0950000e+00
   2.0950000e+00
   2.0950000e+00
   2.0950000e+00
   2.0950000e+00
   2.0950000e+00
   2.0950000e+00
   2.0950000e+00
   2.0950000e+00
   2.0950000e+00
   2.0950000e+00
   2.0950000e+00
   2.0950000e+00
   2.0950000e+00
   2.0950000e+00
   2.0950000e+00
   2.0950000e+00
   2.0950000e+00
   2.0950000e+00
   2.0950000e+00
   2.0940000e+00
   2.0940000e+00
   2.0940000e+00
   2.0940000e+00
   2.0940000e+00
   2.0940000e+00
   2.0940000e+00
   2.0940000e+00
   2.0940000e+00
   2.0940000e+00
   2.0940000e+00
   2.0940000e+00
   2.0940000e+00
   2.0940000e+00
   2.0940000e+00
   2.0940000e+00
   2.0930000e+00
   2.0930000e+00
   2.0930000e+00
   2.0930000e+00
   2.0930000e+00
   2.0930000e+00
   2.0930000e+00
   2.0930000e+00
   2.0930000e+00
   2.0930000e+00
   2.0930000e+00
   2.0930000e+00
   2.0930000e+00
   2.0930000e+00
   2.0920000e+00
   2.0920000e+00
   2.0920000e+00
   2.0920000e+00
   2.0920000e+00
   2.0920000e+00
   2.0920000e+00
   2.0920000e+00
   2.0920000e+00
   2.0920000e+00
   2.0920000e+00
   2.0920000e+00
   2.0910000e+00
   2.0910000e+00
   2.0910000e+00
   2.0910000e+00
   2.0910000e+00
   2.0910000e+00
   2.0910000e+00
   2.0910000e+00
   2.0910000e+00
   2.0910000e+00
   2.0910000e+00
   2.0910000e+00
   2.0910000e+00
   2.0910000e+00
   2.0900000e+00
   2.0900000e+00
   2.0900000e+00
   2.0900000e+00
   2.0900000e+00
   2.0900000e+00
   2.0900000e+00
   2.0900000e+00
   2.0900000e+00
   2.0900000e+00
   2.0900000e+00
   2.0900000e+00
   2.0900000e+00
   2.0900000e+00
   2.0900000e+00
   2.0890000e+00
   2.0890000e+00
   2.0890000e+00
   2.0890000e+00
   2.0890000e+00
   2.0890000e+00
   2.0890000e+00
   2.0890000e+00
   2.0890000e+00
   2.0890000e+00
   2.0890000e+00
   2.0890000e+00
   2.0890000e+00
   2.0890000e+00
   2.0880000e+00
   2.0880000e+00
   2.0880000e+00
   2.0880000e+00
   2.0880000e+00
   2.0880000e+00
   2.0880000e+00
   2.0880000e+00
   2.0880000e+00
   2.0880000e+00
   2.0880000e+00
   2.0880000e+00
   2.0880000e+00
   2.0880000e+00
   2.0870000e+00
   2.0870000e+00
   2.0870000e+00
   2.0870000e+00
   2.0870000e+00
   2.0870000e+00
   2.0870000e+00
   2.0870000e+00
   2.0870000e+00
   2.0870000e+00
   2.0870000e+00
   2.0870000e+00
   2.0860000e+00
   2.0860000e+00
   2.0860000e+00
   2.0860000e+00
   2.0860000e+00
   2.0860000e+00
   2.0860000e+00
   2.0860000e+00
   2.0860000e+00
   2.0860000e+00
   2.0850000e+00
   2.0850000e+00
   2.0850000e+00
   2.0850000e+00
   2.0850000e+00
   2.0850000e+00
   2.0850000e+00
   2.0850000e+00
   2.0850000e+00
   2.0850000e+00
   2.0850000e+00
   2.0850000e+00
   2.0840000e+00
   2.0840000e+00
   2.0840000e+00
   2.0840000e+00
   2.0840000e+00
   2.0840000e+00
   2.0840000e+00
   2.0840000e+00
   2.0840000e+00
   2.0840000e+00
   2.0840000e+00
   2.0840000e+00
   2.0840000e+00
   2.0830000e+00
   2.0830000e+00
   2.0830000e+00
   2.0830000e+00
   2.0830000e+00
   2.0830000e+00
   2.0830000e+00
   2.0830000e+00
   2.0830000e+00
   2.0830000e+00
   2.0830000e+00
   2.0830000e+00
   2.0830000e+00
   2.0820000e+00
   2.0820000e+00
   2.0820000e+00
   2.0820000e+00
   2.0820000e+00
   2.0820000e+00
   2.0820000e+00
   2.0820000e+00
   2.0820000e+00
   2.0820000e+00
   2.0820000e+00
   2.0820000e+00
   2.0810000e+00
   2.0810000e+00
   2.0810000e+00
   2.0810000e+00
   2.0810000e+00
   2.0810000e+00
   2.0810000e+00
   2.0810000e+00
   2.0810000e+00
   2.0810000e+00
   2.0810000e+00
   2.0810000e+00
   2.0810000e+00
   2.0800000e+00
   2.0800000e+00
   2.0800000e+00
   2.0800000e+00
   2.0800000e+00
   2.0800000e+00
   2.0800000e+00
   2.0800000e+00
   2.0800000e+00
   2.0800000e+00
   2.0800000e+00
   2.0800000e+00
   2.0800000e+00
   2.0800000e+00
   2.0800000e+00
   2.0790000e+00
   2.0790000e+00
   2.0790000e+00
   2.0790000e+00
   2.0790000e+00
   2.0790000e+00
   2.0790000e+00
   2.0790000e+00
   2.0790000e+00
   2.0790000e+00
   2.0790000e+00
   2.0790000e+00
   2.0790000e+00
   2.0790000e+00
   2.0790000e+00
   2.0790000e+00
   2.0780000e+00
   2.0780000e+00
   2.0780000e+00
   2.0780000e+00
   2.0780000e+00
   2.0780000e+00
   2.0780000e+00
   2.0780000e+00
   2.0780000e+00
   2.0780000e+00
   2.0780000e+00
   2.0780000e+00
   2.0780000e+00
   2.0780000e+00
   2.0780000e+00
   2.0780000e+00
   2.0780000e+00
   2.0770000e+00
   2.0770000e+00
   2.0770000e+00
   2.0770000e+00
   2.0770000e+00
   2.0770000e+00
   2.0770000e+00
   2.0770000e+00
   2.0770000e+00
   2.0770000e+00
   2.0770000e+00
   2.0770000e+00
   2.0770000e+00
   2.0760000e+00
   2.0760000e+00
   2.0760000e+00
   2.0760000e+00
   2.0760000e+00
   2.0760000e+00
   2.0760000e+00
   2.0760000e+00
   2.0760000e+00
   2.0760000e+00
   2.0760000e+00
   2.0760000e+00
   2.0760000e+00
   2.0760000e+00
   2.0760000e+00
   2.0760000e+00
   2.0750000e+00
   2.0750000e+00
   2.0750000e+00
   2.0750000e+00
   2.0750000e+00
   2.0750000e+00
   2.0750000e+00
   2.0750000e+00
   2.0750000e+00
   2.0750000e+00
   2.0750000e+00
   2.0750000e+00
   2.0750000e+00
   2.0750000e+00
   2.0750000e+00
   2.0740000e+00
   2.0740000e+00
   2.0740000e+00
   2.0740000e+00
   2.0740000e+00
   2.0740000e+00
   2.0740000e+00
   2.0740000e+00
   2.0740000e+00
   2.0740000e+00
   2.0740000e+00
   2.0740000e+00
   2.0740000e+00
   2.0730000e+00
   2.0730000e+00
   2.0730000e+00
   2.0730000e+00
   2.0730000e+00
   2.0730000e+00
   2.0730000e+00
   2.0730000e+00
   2.0730000e+00
   2.0730000e+00
   2.0730000e+00
   2.0730000e+00
   2.0720000e+00
   2.0720000e+00
   2.0720000e+00
   2.0720000e+00
   2.0720000e+00
   2.0720000e+00
   2.0720000e+00
   2.0720000e+00
   2.0720000e+00
   2.0720000e+00
   2.0720000e+00
   2.0720000e+00
   2.0720000e+00
   2.0720000e+00
   2.0720000e+00
   2.0720000e+00
   2.0710000e+00
   2.0710000e+00
   2.0710000e+00
   2.0710000e+00
   2.0710000e+00
   2.0710000e+00
   2.0710000e+00
   2.0710000e+00
   2.0710000e+00
   2.0710000e+00
   2.0710000e+00
   2.0710000e+00
   2.0710000e+00
   2.0710000e+00
   2.0710000e+00
   2.0710000e+00
   2.0710000e+00
   2.0700000e+00
   2.0700000e+00
   2.0700000e+00
   2.0700000e+00
   2.0700000e+00
   2.0700000e+00
   2.0700000e+00
   2.0700000e+00
   2.0700000e+00
   2.0700000e+00
   2.0700000e+00
   2.0700000e+00
   2.0700000e+00
   2.0700000e+00
   2.0700000e+00
   2.0700000e+00
   2.0700000e+00
   2.0700000e+00
   2.0700000e+00
   2.0700000e+00
   2.0700000e+00
   2.0700000e+00
   2.0700000e+00
   2.0700000e+00
   2.0700000e+00
   2.0690000e+00
   2.0690000e+00
   2.0690000e+00
   2.0690000e+00
   2.0690000e+00
   2.0690000e+00
   2.0690000e+00
   2.0690000e+00
   2.0690000e+00
   2.0690000e+00
   2.0690000e+00
   2.0690000e+00
   2.0690000e+00
   2.0690000e+00
   2.0690000e+00
   2.0690000e+00
   2.0690000e+00
   2.0690000e+00
   2.0690000e+00
   2.0690000e+00
   2.0690000e+00
   2.0690000e+00
   2.0690000e+00
   2.0680000e+00
   2.0680000e+00
   2.0680000e+00
   2.0680000e+00
   2.0680000e+00
   2.0680000e+00
   2.0680000e+00
   2.0680000e+00
   2.0680000e+00
   2.0680000e+00
   2.0680000e+00
   2.0680000e+00
   2.0680000e+00
   2.0680000e+00
   2.0680000e+00
   2.0680000e+00
   2.0680000e+00
   2.0680000e+00
   2.0680000e+00
   2.0680000e+00
   2.0680000e+00
   2.0680000e+00
   2.0680000e+00
   2.0670000e+00
   2.0680000e+00
   2.0680000e+00
   2.0680000e+00
   2.0680000e+00
   2.0680000e+00
   2.0680000e+00
   2.0680000e+00
   2.0680000e+00
   2.0680000e+00
   2.0680000e+00
   2.0680000e+00
   2.0680000e+00
   2.0680000e+00
   2.0680000e+00
   2.0680000e+00
   2.0680000e+00
   2.0680000e+00
   2.0680000e+00
   2.0680000e+00
   2.0680000e+00
   2.0680000e+00
   2.0680000e+00
   2.0680000e+00
   2.0680000e+00
   2.0680000e+00
   2.0680000e+00
   2.0680000e+00
   2.0680000e+00
   2.0680000e+00
   2.0680000e+00
   2.0680000e+00
   2.0680000e+00
   2.0680000e+00
   2.0680000e+00
   2.0680000e+00
   2.0680000e+00
   2.0680000e+00
   2.0680000e+00
   2.0680000e+00
   2.0680000e+00
   2.0680000e+00
   2.0680000e+00
   2.0670000e+00
   2.0670000e+00
   2.0670000e+00
   2.0670000e+00
   2.0670000e+00
   2.0670000e+00
   2.0670000e+00
   2.0670000e+00
   2.0670000e+00
   2.0670000e+00
   2.0670000e+00
   2.0670000e+00
   2.0670000e+00
   2.0670000e+00
   2.0670000e+00
   2.0670000e+00
   2.0670000e+00
   2.0670000e+00
   2.0660000e+00
   2.0660000e+00
   2.0660000e+00
   2.0660000e+00
   2.0660000e+00
   2.0660000e+00
   2.0660000e+00
   2.0660000e+00
   2.0660000e+00
   2.0660000e+00
   2.0660000e+00
   2.0660000e+00
   2.0660000e+00
   2.0660000e+00
   2.0650000e+00
   2.0650000e+00
   2.0650000e+00
   2.0650000e+00
   2.0650000e+00
   2.0650000e+00
   2.0650000e+00
   2.0650000e+00
   2.0650000e+00
   2.0650000e+00
   2.0650000e+00
   2.0650000e+00
   2.0650000e+00
   2.0650000e+00
   2.0650000e+00
   2.0640000e+00
   2.0640000e+00
   2.0640000e+00
   2.0640000e+00
   2.0640000e+00
   2.0640000e+00
   2.0640000e+00
   2.0640000e+00
   2.0640000e+00
   2.0640000e+00
   2.0640000e+00
   2.0640000e+00
   2.0640000e+00
   2.0630000e+00
   2.0630000e+00
   2.0630000e+00
   2.0630000e+00
   2.0630000e+00
   2.0630000e+00
   2.0630000e+00
   2.0630000e+00
   2.0630000e+00
   2.0630000e+00
   2.0630000e+00
   2.0630000e+00
   2.0630000e+00
   2.0630000e+00
   2.0620000e+00
   2.0620000e+00
   2.0620000e+00
   2.0620000e+00
   2.0620000e+00
   2.0620000e+00
   2.0620000e+00
   2.0620000e+00
   2.0620000e+00
   2.0620000e+00
   2.0620000e+00
   2.0620000e+00
   2.0620000e+00
   2.0610000e+00
   2.0610000e+00
   2.0610000e+00
   2.0610000e+00
   2.0610000e+00
   2.0610000e+00
   2.0610000e+00
   2.0610000e+00
   2.0610000e+00
   2.0610000e+00
   2.0610000e+00
   2.0610000e+00
   2.0610000e+00
   2.0610000e+00
   2.0600000e+00
   2.0600000e+00
   2.0600000e+00
   2.0600000e+00
   2.0600000e+00
   2.0600000e+00
   2.0600000e+00
   2.0600000e+00
   2.0600000e+00
   2.0600000e+00
   2.0600000e+00
   2.0600000e+00
   2.0600000e+00
   2.0600000e+00
   2.0600000e+00
   2.0590000e+00
   2.0590000e+00
   2.0590000e+00
   2.0590000e+00
   2.0590000e+00
   2.0590000e+00
   2.0590000e+00
   2.0590000e+00
   2.0590000e+00
   2.0590000e+00
   2.0590000e+00
   2.0590000e+00
   2.0590000e+00
   2.0590000e+00
   2.0590000e+00
   2.0590000e+00
   2.0590000e+00
   2.0590000e+00
   2.0590000e+00
   2.0580000e+00
   2.0580000e+00
   2.0580000e+00
   2.0580000e+00
   2.0580000e+00
   2.0580000e+00
   2.0580000e+00
   2.0580000e+00
   2.0580000e+00
   2.0580000e+00
   2.0580000e+00
   2.0580000e+00
   2.0580000e+00
   2.0580000e+00
   2.0580000e+00
   2.0580000e+00
   2.0580000e+00
   2.0580000e+00
   2.0580000e+00
   2.0570000e+00
   2.0570000e+00
   2.0570000e+00
   2.0570000e+00
   2.0570000e+00
   2.0570000e+00
   2.0570000e+00
   2.0570000e+00
   2.0570000e+00
   2.0570000e+00
   2.0570000e+00
   2.0570000e+00
   2.0570000e+00
   2.0570000e+00
   2.0570000e+00
   2.0570000e+00
   2.0570000e+00
   2.0570000e+00
   2.0570000e+00
   2.0570000e+00
   2.0570000e+00
   2.0570000e+00
   2.0570000e+00
   2.0560000e+00
   2.0560000e+00
   2.0560000e+00
   2.0560000e+00
   2.0560000e+00
   2.0560000e+00
   2.0560000e+00
   2.0560000e+00
   2.0560000e+00
   2.0560000e+00
   2.0560000e+00
   2.0560000e+00
   2.0560000e+00
   2.0560000e+00
   2.0560000e+00
   2.0560000e+00
   2.0560000e+00
   2.0560000e+00
   2.0560000e+00
   2.0560000e+00
   2.0550000e+00
   2.0550000e+00
   2.0550000e+00
   2.0550000e+00
   2.0550000e+00
   2.0550000e+00
   2.0550000e+00
   2.0550000e+00
   2.0550000e+00
   2.0550000e+00
   2.0550000e+00
   2.0550000e+00
   2.0550000e+00
   2.0550000e+00
   2.0550000e+00
   2.0550000e+00
   2.0550000e+00
   2.0550000e+00
   2.0550000e+00
   2.0540000e+00
   2.0540000e+00
   2.0540000e+00
   2.0540000e+00
   2.0540000e+00
   2.0540000e+00
   2.0540000e+00
   2.0540000e+00
   2.0540000e+00
   2.0540000e+00
   2.0540000e+00
   2.0540000e+00
   2.0540000e+00
   2.0540000e+00
   2.0540000e+00
   2.0540000e+00
   2.0540000e+00
   2.0540000e+00
   2.0540000e+00
   2.0540000e+00
   2.0530000e+00
   2.0530000e+00
   2.0530000e+00
   2.0530000e+00
   2.0530000e+00
   2.0530000e+00
   2.0530000e+00
   2.0530000e+00
   2.0530000e+00
   2.0530000e+00
   2.0530000e+00
   2.0530000e+00
   2.0530000e+00
   2.0530000e+00
   2.0530000e+00
   2.0530000e+00
   2.0530000e+00
   2.0530000e+00
   2.0520000e+00
   2.0520000e+00
   2.0520000e+00
   2.0520000e+00
   2.0520000e+00
   2.0520000e+00
   2.0520000e+00
   2.0520000e+00
   2.0520000e+00
   2.0520000e+00
   2.0520000e+00
   2.0520000e+00
   2.0520000e+00
   2.0520000e+00
   2.0520000e+00
   2.0510000e+00
   2.0510000e+00
   2.0510000e+00
   2.0510000e+00
   2.0510000e+00
   2.0510000e+00
   2.0510000e+00
   2.0510000e+00
   2.0510000e+00
   2.0510000e+00
   2.0510000e+00
   2.0510000e+00
   2.0510000e+00
   2.0510000e+00
   2.0510000e+00
   2.0500000e+00
   2.0500000e+00
   2.0500000e+00
   2.0500000e+00
   2.0500000e+00
   2.0500000e+00
   2.0500000e+00
   2.0500000e+00
   2.0500000e+00
   2.0500000e+00
   2.0500000e+00
   2.0500000e+00
   2.0500000e+00
   2.0500000e+00
   2.0500000e+00
   2.0490000e+00
   2.0490000e+00
   2.0490000e+00
   2.0490000e+00
   2.0490000e+00
   2.0490000e+00
   2.0490000e+00
   2.0490000e+00
   2.0490000e+00
   2.0490000e+00
   2.0490000e+00
   2.0490000e+00
   2.0490000e+00
   2.0490000e+00
   2.0480000e+00
   2.0480000e+00
   2.0480000e+00
   2.0480000e+00
   2.0480000e+00
   2.0480000e+00
   2.0480000e+00
   2.0480000e+00
   2.0480000e+00
   2.0480000e+00
   2.0480000e+00
   2.0480000e+00
   2.0480000e+00
   2.0470000e+00
   2.0470000e+00
   2.0470000e+00
   2.0470000e+00
   2.0470000e+00
   2.0470000e+00
   2.0470000e+00
   2.0470000e+00
   2.0470000e+00
   2.0470000e+00
   2.0470000e+00
   2.0470000e+00
   2.0460000e+00
   2.0460000e+00
   2.0460000e+00
   2.0460000e+00
   2.0460000e+00
   2.0460000e+00
   2.0460000e+00
   2.0460000e+00
   2.0460000e+00
   2.0460000e+00
   2.0460000e+00
   2.0450000e+00
   2.0450000e+00
   2.0450000e+00
   2.0450000e+00
   2.0450000e+00
   2.0450000e+00
   2.0450000e+00
   2.0450000e+00
   2.0450000e+00
   2.0450000e+00
   2.0440000e+00
   2.0440000e+00
   2.0440000e+00
   2.0440000e+00
   2.0440000e+00
   2.0440000e+00
   2.0440000e+00
   2.0440000e+00
   2.0440000e+00
   2.0440000e+00
   2.0440000e+00
   2.0430000e+00
   2.0430000e+00
   2.0430000e+00
   2.0430000e+00
   2.0430000e+00
   2.0430000e+00
   2.0430000e+00
   2.0430000e+00
   2.0430000e+00
   2.0430000e+00
   2.0420000e+00
   2.0420000e+00
   2.0420000e+00
   2.0420000e+00
   2.0420000e+00
   2.0420000e+00
   2.0420000e+00
   2.0420000e+00
   2.0420000e+00
   2.0420000e+00
   2.0420000e+00
   2.0410000e+00
   2.0410000e+00
   2.0410000e+00
   2.0410000e+00
   2.0410000e+00
   2.0410000e+00
   2.0410000e+00
   2.0410000e+00
   2.0410000e+00
   2.0410000e+00
   2.0410000e+00
   2.0400000e+00
   2.0400000e+00
   2.0400000e+00
   2.0400000e+00
   2.0400000e+00
   2.0400000e+00
   2.0400000e+00
   2.0400000e+00
   2.0400000e+00
   2.0400000e+00
   2.0400000e+00
   2.0400000e+00
   2.0390000e+00
   2.0390000e+00
   2.0390000e+00
   2.0390000e+00
   2.0390000e+00
   2.0390000e+00
   2.0390000e+00
   2.0390000e+00
   2.0390000e+00
   2.0390000e+00
   2.0390000e+00
   2.0390000e+00
   2.0390000e+00
   2.0390000e+00
   2.0380000e+00
   2.0380000e+00
   2.0380000e+00
   2.0380000e+00
   2.0380000e+00
   2.0380000e+00
   2.0380000e+00
   2.0380000e+00
   2.0380000e+00
   2.0380000e+00
   2.0380000e+00
   2.0380000e+00
   2.0380000e+00
   2.0370000e+00
   2.0370000e+00
   2.0370000e+00
   2.0370000e+00
   2.0370000e+00
   2.0370000e+00
   2.0370000e+00
   2.0370000e+00
   2.0370000e+00
   2.0370000e+00
   2.0370000e+00
   2.0370000e+00
   2.0370000e+00
   2.0370000e+00
   2.0370000e+00
   2.0360000e+00
   2.0360000e+00
   2.0360000e+00
   2.0360000e+00
   2.0360000e+00
   2.0360000e+00
   2.0360000e+00
   2.0360000e+00
   2.0360000e+00
   2.0360000e+00
   2.0360000e+00
   2.0360000e+00
   2.0360000e+00
   2.0360000e+00
   2.0360000e+00
   2.0360000e+00
   2.0360000e+00
   2.0350000e+00
   2.0350000e+00
   2.0350000e+00
   2.0350000e+00
   2.0350000e+00
   2.0350000e+00
   2.0350000e+00
   2.0350000e+00
   2.0350000e+00
   2.0350000e+00
   2.0350000e+00
   2.0350000e+00
   2.0350000e+00
   2.0350000e+00
   2.0350000e+00
   2.0350000e+00
   2.0340000e+00
   2.0340000e+00
   2.0340000e+00
