   1.8970000e+00
   1.8980000e+00
   1.8990000e+00
   1.8990000e+00
   1.9000000e+00
   1.9010000e+00
   1.9010000e+00
   1.9020000e+00
   1.9030000e+00
   1.9030000e+00
   1.9040000e+00
   1.9050000e+00
   1.9050000e+00
   1.9060000e+00
   1.9060000e+00
   1.9070000e+00
   1.9070000e+00
   1.9080000e+00
   1.9080000e+00
   1.9090000e+00
   1.9090000e+00
   1.9090000e+00
   1.9100000e+00
   1.9100000e+00
   1.9110000e+00
   1.9110000e+00
   1.9110000e+00
   1.9120000e+00
   1.9120000e+00
   1.9130000e+00
   1.9130000e+00
   1.9130000e+00
   1.9140000e+00
   1.9140000e+00
   1.9140000e+00
   1.9150000e+00
   1.9150000e+00
   1.9150000e+00
   1.9160000e+00
   1.9160000e+00
   1.9160000e+00
   1.9170000e+00
   1.9170000e+00
   1.9180000e+00
   1.9180000e+00
   1.9180000e+00
   1.9190000e+00
   1.9190000e+00
   1.9200000e+00
   1.9200000e+00
   1.9200000e+00
   1.9210000e+00
   1.9210000e+00
   1.9220000e+00
   1.9220000e+00
   1.9230000e+00
   1.9230000e+00
   1.9240000e+00
   1.9240000e+00
   1.9250000e+00
   1.9260000e+00
   1.9260000e+00
   1.9270000e+00
   1.9280000e+00
   1.9280000e+00
   1.9290000e+00
   1.9300000e+00
   1.9300000e+00
   1.9310000e+00
   1.9320000e+00
   1.9330000e+00
   1.9330000e+00
   1.9340000e+00
   1.9350000e+00
   1.9360000e+00
   1.9360000e+00
   1.9370000e+00
   1.9380000e+00
   1.9390000e+00
   1.9400000e+00
   1.9410000e+00
   1.9410000e+00
   1.9420000e+00
   1.9430000e+00
   1.9440000e+00
   1.9450000e+00
   1.9450000e+00
   1.9460000e+00
   1.9470000e+00
   1.9480000e+00
   1.9480000e+00
   1.9490000e+00
   1.9500000e+00
   1.9500000e+00
   1.9510000e+00
   1.9520000e+00
   1.9520000e+00
   1.9530000e+00
   1.9530000e+00
   1.9540000e+00
   1.9550000e+00
   1.9550000e+00
   1.9560000e+00
   1.9560000e+00
   1.9570000e+00
   1.9570000e+00
   1.9580000e+00
   1.9580000e+00
   1.9590000e+00
   1.9590000e+00
   1.9600000e+00
   1.9600000e+00
   1.9610000e+00
   1.9610000e+00
   1.9610000e+00
   1.9620000e+00
   1.9620000e+00
   1.9630000e+00
   1.9630000e+00
   1.9640000e+00
   1.9640000e+00
   1.9650000e+00
   1.9650000e+00
   1.9660000e+00
   1.9670000e+00
   1.9670000e+00
   1.9680000e+00
   1.9680000e+00
   1.9690000e+00
   1.9690000e+00
   1.9700000e+00
   1.9700000e+00
   1.9710000e+00
   1.9710000e+00
   1.9710000e+00
   1.9720000e+00
   1.9720000e+00
   1.9730000e+00
   1.9730000e+00
   1.9730000e+00
   1.9740000e+00
   1.9740000e+00
   1.9740000e+00
   1.9750000e+00
   1.9750000e+00
   1.9750000e+00
   1.9760000e+00
   1.9760000e+00
   1.9760000e+00
   1.9770000e+00
   1.9770000e+00
   1.9770000e+00
   1.9780000e+00
   1.9780000e+00
   1.9780000e+00
   1.9790000e+00
   1.9790000e+00
   1.9800000e+00
   1.9800000e+00
   1.9800000e+00
   1.9810000e+00
   1.9810000e+00
   1.9820000e+00
   1.9820000e+00
   1.9820000e+00
   1.9830000e+00
   1.9830000e+00
   1.9830000e+00
   1.9840000e+00
   1.9840000e+00
   1.9840000e+00
   1.9850000e+00
   1.9850000e+00
   1.9860000e+00
   1.9860000e+00
   1.9870000e+00
   1.9880000e+00
   1.9880000e+00
   1.9890000e+00
   1.9890000e+00
   1.9900000e+00
   1.9900000e+00
   1.9900000e+00
   1.9910000e+00
   1.9910000e+00
   1.9910000e+00
   1.9920000e+00
   1.9920000e+00
   1.9920000e+00
   1.9920000e+00
   1.9920000e+00
   1.9920000e+00
   1.9920000e+00
   1.9920000e+00
   1.9920000e+00
   1.9920000e+00
   1.9920000e+00
   1.9920000e+00
   1.9920000e+00
   1.9920000e+00
   1.9920000e+00
   1.9920000e+00
   1.9920000e+00
   1.9920000e+00
   1.9920000e+00
   1.9920000e+00
   1.9920000e+00
   1.9910000e+00
   1.9910000e+00
   1.9910000e+00
   1.9910000e+00
   1.9910000e+00
   1.9910000e+00
   1.9900000e+00
   1.9900000e+00
   1.9900000e+00
   1.9900000e+00
   1.9900000e+00
   1.9900000e+00
   1.9890000e+00
   1.9890000e+00
   1.9890000e+00
   1.9890000e+00
   1.9880000e+00
   1.9880000e+00
   1.9880000e+00
   1.9880000e+00
   1.9870000e+00
   1.9870000e+00
   1.9870000e+00
   1.9870000e+00
   1.9860000e+00
   1.9860000e+00
   1.9860000e+00
   1.9860000e+00
   1.9850000e+00
   1.9850000e+00
   1.9850000e+00
   1.9840000e+00
   1.9840000e+00
   1.9840000e+00
   1.9840000e+00
   1.9830000e+00
   1.9830000e+00
   1.9830000e+00
   1.9830000e+00
   1.9830000e+00
   1.9820000e+00
   1.9820000e+00
   1.9820000e+00
   1.9820000e+00
   1.9820000e+00
   1.9810000e+00
   1.9810000e+00
   1.9810000e+00
   1.9810000e+00
   1.9810000e+00
   1.9800000e+00
   1.9800000e+00
   1.9800000e+00
   1.9800000e+00
   1.9800000e+00
   1.9800000e+00
   1.9790000e+00
   1.9790000e+00
   1.9790000e+00
   1.9790000e+00
   1.9790000e+00
   1.9790000e+00
   1.9790000e+00
   1.9790000e+00
   1.9780000e+00
   1.9780000e+00
   1.9780000e+00
   1.9780000e+00
   1.9780000e+00
   1.9780000e+00
   1.9780000e+00
   1.9780000e+00
   1.9780000e+00
   1.9780000e+00
   1.9780000e+00
   1.9780000e+00
   1.9780000e+00
   1.9780000e+00
   1.9780000e+00
   1.9780000e+00
   1.9780000e+00
   1.9780000e+00
   1.9780000e+00
   1.9780000e+00
   1.9780000e+00
   1.9780000e+00
   1.9780000e+00
   1.9780000e+00
   1.9780000e+00
   1.9780000e+00
   1.9790000e+00
   1.9790000e+00
   1.9790000e+00
   1.9790000e+00
   1.9790000e+00
   1.9790000e+00
   1.9790000e+00
   1.9790000e+00
   1.9800000e+00
   1.9800000e+00
   1.9800000e+00
   1.9800000e+00
   1.9800000e+00
   1.9800000e+00
   1.9800000e+00
   1.9800000e+00
   1.9800000e+00
   1.9800000e+00
   1.9810000e+00
   1.9810000e+00
   1.9810000e+00
   1.9810000e+00
   1.9810000e+00
   1.9810000e+00
   1.9810000e+00
   1.9810000e+00
   1.9810000e+00
   1.9810000e+00
   1.9810000e+00
   1.9810000e+00
   1.9820000e+00
   1.9820000e+00
   1.9820000e+00
   1.9820000e+00
   1.9820000e+00
   1.9820000e+00
   1.9820000e+00
   1.9820000e+00
   1.9820000e+00
   1.9820000e+00
   1.9820000e+00
   1.9820000e+00
   1.9820000e+00
   1.9820000e+00
   1.9820000e+00
   1.9820000e+00
   1.9820000e+00
   1.9820000e+00
   1.9820000e+00
   1.9820000e+00
   1.9820000e+00
   1.9820000e+00
   1.9820000e+00
   1.9820000e+00
   1.9820000e+00
   1.9820000e+00
   1.9820000e+00
   1.9820000e+00
   1.9820000e+00
   1.9810000e+00
   1.9810000e+00
   1.9810000e+00
   1.9810000e+00
   1.9810000e+00
   1.9810000e+00
   1.9810000e+00
   1.9810000e+00
   1.9810000e+00
   1.9810000e+00
   1.9800000e+00
   1.9800000e+00
   1.9800000e+00
   1.9800000e+00
   1.9800000e+00
   1.9800000e+00
   1.9800000e+00
   1.9790000e+00
   1.9790000e+00
   1.9790000e+00
   1.9790000e+00
   1.9790000e+00
   1.9790000e+00
   1.9790000e+00
   1.9780000e+00
   1.9780000e+00
   1.9780000e+00
   1.9780000e+00
   1.9780000e+00
   1.9770000e+00
   1.9770000e+00
   1.9770000e+00
   1.9770000e+00
   1.9770000e+00
   1.9760000e+00
   1.9760000e+00
   1.9760000e+00
   1.9760000e+00
   1.9760000e+00
   1.9750000e+00
   1.9750000e+00
   1.9750000e+00
   1.9750000e+00
   1.9750000e+00
   1.9740000e+00
   1.9740000e+00
   1.9740000e+00
   1.9740000e+00
   1.9730000e+00
   1.9730000e+00
   1.9730000e+00
   1.9730000e+00
   1.9730000e+00
   1.9720000e+00
   1.9720000e+00
   1.9720000e+00
   1.9720000e+00
   1.9710000e+00
   1.9710000e+00
   1.9710000e+00
   1.9710000e+00
   1.9710000e+00
   1.9700000e+00
   1.9700000e+00
   1.9700000e+00
   1.9700000e+00
   1.9700000e+00
   1.9700000e+00
   1.9700000e+00
   1.9700000e+00
   1.9700000e+00
   1.9710000e+00
   1.9710000e+00
   1.9710000e+00
   1.9720000e+00
   1.9720000e+00
   1.9720000e+00
   1.9730000e+00
   1.9730000e+00
   1.9740000e+00
   1.9740000e+00
   1.9750000e+00
   1.9760000e+00
   1.9760000e+00
   1.9770000e+00
   1.9770000e+00
   1.9770000e+00
   1.9780000e+00
   1.9780000e+00
   1.9780000e+00
   1.9790000e+00
   1.9790000e+00
   1.9790000e+00
   1.9790000e+00
   1.9790000e+00
   1.9790000e+00
   1.9790000e+00
   1.9790000e+00
   1.9790000e+00
   1.9790000e+00
   1.9790000e+00
   1.9790000e+00
   1.9790000e+00
   1.9790000e+00
   1.9790000e+00
   1.9790000e+00
   1.9790000e+00
   1.9790000e+00
   1.9790000e+00
   1.9780000e+00
   1.9780000e+00
   1.9780000e+00
   1.9780000e+00
   1.9780000e+00
   1.9780000e+00
   1.9780000e+00
   1.9770000e+00
   1.9770000e+00
   1.9770000e+00
   1.9770000e+00
   1.9770000e+00
   1.9760000e+00
   1.9760000e+00
   1.9760000e+00
   1.9760000e+00
   1.9760000e+00
   1.9750000e+00
   1.9750000e+00
   1.9750000e+00
   1.9750000e+00
   1.9740000e+00
   1.9740000e+00
   1.9740000e+00
   1.9740000e+00
   1.9730000e+00
   1.9730000e+00
   1.9730000e+00
   1.9730000e+00
   1.9730000e+00
   1.9720000e+00
   1.9720000e+00
   1.9720000e+00
   1.9720000e+00
   1.9710000e+00
   1.9710000e+00
   1.9710000e+00
   1.9710000e+00
   1.9710000e+00
   1.9710000e+00
   1.9700000e+00
   1.9700000e+00
   1.9700000e+00
   1.9700000e+00
   1.9700000e+00
   1.9700000e+00
   1.9690000e+00
   1.9690000e+00
   1.9690000e+00
   1.9690000e+00
   1.9690000e+00
   1.9690000e+00
   1.9690000e+00
   1.9690000e+00
   1.9680000e+00
   1.9680000e+00
   1.9680000e+00
   1.9680000e+00
   1.9680000e+00
   1.9680000e+00
   1.9680000e+00
   1.9680000e+00
   1.9680000e+00
   1.9680000e+00
   1.9680000e+00
   1.9680000e+00
   1.9680000e+00
   1.9690000e+00
   1.9690000e+00
   1.9690000e+00
   1.9690000e+00
   1.9690000e+00
   1.9690000e+00
   1.9690000e+00
   1.9690000e+00
   1.9690000e+00
   1.9690000e+00
   1.9690000e+00
   1.9690000e+00
   1.9690000e+00
   1.9690000e+00
   1.9690000e+00
   1.9690000e+00
   1.9690000e+00
   1.9700000e+00
   1.9700000e+00
   1.9700000e+00
   1.9700000e+00
   1.9700000e+00
   1.9700000e+00
   1.9700000e+00
   1.9700000e+00
   1.9710000e+00
   1.9710000e+00
   1.9710000e+00
   1.9710000e+00
   1.9710000e+00
   1.9710000e+00
   1.9710000e+00
   1.9710000e+00
   1.9710000e+00
   1.9710000e+00
   1.9710000e+00
   1.9710000e+00
   1.9710000e+00
   1.9710000e+00
   1.9710000e+00
   1.9710000e+00
   1.9710000e+00
   1.9710000e+00
   1.9710000e+00
   1.9710000e+00
   1.9710000e+00
   1.9710000e+00
   1.9710000e+00
   1.9710000e+00
   1.9710000e+00
   1.9710000e+00
   1.9710000e+00
   1.9710000e+00
   1.9710000e+00
   1.9710000e+00
   1.9710000e+00
   1.9710000e+00
   1.9710000e+00
   1.9710000e+00
   1.9710000e+00
   1.9710000e+00
   1.9710000e+00
   1.9710000e+00
   1.9710000e+00
   1.9720000e+00
   1.9720000e+00
   1.9720000e+00
   1.9720000e+00
   1.9720000e+00
   1.9720000e+00
   1.9720000e+00
   1.9720000e+00
   1.9730000e+00
   1.9730000e+00
   1.9730000e+00
   1.9730000e+00
   1.9740000e+00
   1.9740000e+00
   1.9750000e+00
   1.9750000e+00
   1.9760000e+00
   1.9770000e+00
   1.9780000e+00
   1.9790000e+00
   1.9790000e+00
   1.9800000e+00
   1.9810000e+00
   1.9820000e+00
   1.9820000e+00
   1.9830000e+00
   1.9840000e+00
   1.9850000e+00
   1.9850000e+00
   1.9860000e+00
   1.9870000e+00
   1.9880000e+00
   1.9890000e+00
   1.9890000e+00
   1.9900000e+00
   1.9910000e+00
   1.9910000e+00
   1.9920000e+00
   1.9920000e+00
   1.9930000e+00
   1.9930000e+00
   1.9940000e+00
   1.9940000e+00
   1.9950000e+00
   1.9950000e+00
   1.9950000e+00
   1.9960000e+00
   1.9960000e+00
   1.9960000e+00
   1.9960000e+00
   1.9970000e+00
   1.9970000e+00
   1.9970000e+00
   1.9970000e+00
   1.9970000e+00
   1.9970000e+00
   1.9970000e+00
   1.9970000e+00
   1.9970000e+00
   1.9970000e+00
   1.9970000e+00
   1.9970000e+00
   1.9970000e+00
   1.9970000e+00
   1.9970000e+00
   1.9970000e+00
   1.9970000e+00
   1.9970000e+00
   1.9970000e+00
   1.9970000e+00
   1.9970000e+00
   1.9970000e+00
   1.9970000e+00
   1.9970000e+00
   1.9970000e+00
   1.9970000e+00
   1.9970000e+00
   1.9970000e+00
   1.9970000e+00
   1.9970000e+00
   1.9970000e+00
   1.9970000e+00
   1.9970000e+00
   1.9970000e+00
   1.9970000e+00
   1.9960000e+00
   1.9960000e+00
   1.9960000e+00
   1.9960000e+00
   1.9960000e+00
   1.9960000e+00
   1.9960000e+00
   1.9960000e+00
   1.9960000e+00
   1.9960000e+00
   1.9960000e+00
   1.9960000e+00
   1.9960000e+00
   1.9960000e+00
   1.9960000e+00
   1.9960000e+00
   1.9960000e+00
   1.9960000e+00
   1.9960000e+00
   1.9960000e+00
   1.9960000e+00
   1.9960000e+00
   1.9960000e+00
   1.9960000e+00
   1.9960000e+00
   1.9950000e+00
   1.9950000e+00
   1.9950000e+00
   1.9950000e+00
   1.9950000e+00
   1.9950000e+00
   1.9950000e+00
   1.9950000e+00
   1.9950000e+00
   1.9950000e+00
   1.9950000e+00
   1.9950000e+00
   1.9950000e+00
   1.9950000e+00
   1.9950000e+00
   1.9950000e+00
   1.9950000e+00
   1.9950000e+00
   1.9950000e+00
   1.9950000e+00
   1.9950000e+00
   1.9950000e+00
   1.9940000e+00
   1.9940000e+00
   1.9940000e+00
   1.9940000e+00
   1.9940000e+00
   1.9940000e+00
   1.9940000e+00
   1.9940000e+00
   1.9940000e+00
   1.9930000e+00
   1.9930000e+00
   1.9930000e+00
   1.9930000e+00
   1.9930000e+00
   1.9930000e+00
   1.9930000e+00
   1.9930000e+00
   1.9930000e+00
   1.9920000e+00
   1.9920000e+00
   1.9920000e+00
   1.9920000e+00
   1.9920000e+00
   1.9920000e+00
   1.9920000e+00
   1.9920000e+00
   1.9920000e+00
   1.9920000e+00
   1.9910000e+00
   1.9910000e+00
   1.9910000e+00
   1.9910000e+00
   1.9910000e+00
   1.9910000e+00
   1.9910000e+00
   1.9910000e+00
   1.9910000e+00
   1.9910000e+00
   1.9910000e+00
   1.9910000e+00
   1.9900000e+00
   1.9900000e+00
   1.9900000e+00
   1.9900000e+00
   1.9900000e+00
   1.9900000e+00
   1.9900000e+00
   1.9900000e+00
   1.9900000e+00
   1.9900000e+00
   1.9900000e+00
   1.9900000e+00
   1.9890000e+00
   1.9890000e+00
   1.9890000e+00
   1.9890000e+00
   1.9890000e+00
   1.9890000e+00
   1.9890000e+00
   1.9890000e+00
   1.9890000e+00
   1.9890000e+00
   1.9890000e+00
   1.9890000e+00
   1.9880000e+00
   1.9880000e+00
   1.9880000e+00
   1.9880000e+00
   1.9880000e+00
   1.9880000e+00
   1.9880000e+00
   1.9880000e+00
   1.9880000e+00
   1.9880000e+00
   1.9880000e+00
   1.9880000e+00
   1.9880000e+00
   1.9870000e+00
   1.9870000e+00
   1.9870000e+00
   1.9870000e+00
   1.9870000e+00
   1.9870000e+00
   1.9870000e+00
   1.9870000e+00
   1.9870000e+00
   1.9870000e+00
   1.9870000e+00
   1.9870000e+00
   1.9870000e+00
   1.9870000e+00
   1.9870000e+00
   1.9870000e+00
   1.9870000e+00
   1.9870000e+00
   1.9870000e+00
   1.9870000e+00
   1.9870000e+00
   1.9870000e+00
   1.9870000e+00
   1.9870000e+00
   1.9870000e+00
   1.9880000e+00
   1.9880000e+00
   1.9880000e+00
   1.9890000e+00
   1.9890000e+00
   1.9900000e+00
   1.9900000e+00
   1.9900000e+00
   1.9910000e+00
   1.9910000e+00
   1.9910000e+00
   1.9920000e+00
   1.9920000e+00
   1.9930000e+00
   1.9930000e+00
   1.9930000e+00
   1.9940000e+00
   1.9940000e+00
   1.9940000e+00
   1.9950000e+00
   1.9950000e+00
   1.9950000e+00
   1.9960000e+00
   1.9960000e+00
   1.9960000e+00
   1.9960000e+00
   1.9970000e+00
   1.9970000e+00
   1.9970000e+00
   1.9970000e+00
   1.9980000e+00
   1.9980000e+00
   1.9980000e+00
   1.9980000e+00
   1.9990000e+00
   1.9990000e+00
   1.9990000e+00
   1.9990000e+00
   1.9990000e+00
   2.0000000e+00
   2.0000000e+00
   2.0000000e+00
   2.0000000e+00
   2.0010000e+00
   2.0010000e+00
   2.0010000e+00
   2.0010000e+00
   2.0010000e+00
   2.0020000e+00
   2.0020000e+00
   2.0020000e+00
   2.0020000e+00
   2.0020000e+00
   2.0030000e+00
   2.0030000e+00
   2.0030000e+00
   2.0030000e+00
   2.0030000e+00
   2.0030000e+00
   2.0030000e+00
   2.0040000e+00
   2.0040000e+00
   2.0040000e+00
   2.0040000e+00
   2.0040000e+00
   2.0040000e+00
   2.0040000e+00
   2.0040000e+00
   2.0040000e+00
   2.0040000e+00
   2.0040000e+00
   2.0040000e+00
   2.0040000e+00
   2.0040000e+00
   2.0040000e+00
   2.0040000e+00
   2.0040000e+00
   2.0040000e+00
   2.0040000e+00
   2.0040000e+00
   2.0040000e+00
   2.0040000e+00
   2.0040000e+00
   2.0040000e+00
   2.0040000e+00
   2.0050000e+00
   2.0050000e+00
   2.0050000e+00
   2.0050000e+00
   2.0050000e+00
   2.0050000e+00
   2.0050000e+00
   2.0050000e+00
   2.0050000e+00
   2.0050000e+00
   2.0050000e+00
   2.0050000e+00
   2.0050000e+00
   2.0050000e+00
   2.0050000e+00
   2.0050000e+00
   2.0050000e+00
   2.0050000e+00
   2.0050000e+00
   2.0050000e+00
   2.0050000e+00
   2.0050000e+00
   2.0050000e+00
   2.0050000e+00
   2.0050000e+00
   2.0050000e+00
   2.0050000e+00
   2.0050000e+00
   2.0050000e+00
   2.0050000e+00
   2.0050000e+00
   2.0050000e+00
   2.0050000e+00
   2.0050000e+00
   2.0050000e+00
   2.0050000e+00
   2.0050000e+00
   2.0050000e+00
   2.0050000e+00
   2.0050000e+00
   2.0050000e+00
   2.0050000e+00
   2.0050000e+00
   2.0050000e+00
   2.0050000e+00
   2.0050000e+00
   2.0050000e+00
   2.0050000e+00
   2.0050000e+00
   2.0050000e+00
   2.0050000e+00
   2.0050000e+00
   2.0050000e+00
   2.0040000e+00
   2.0040000e+00
   2.0040000e+00
   2.0040000e+00
   2.0040000e+00
   2.0040000e+00
   2.0040000e+00
   2.0040000e+00
   2.0040000e+00
   2.0040000e+00
   2.0040000e+00
   2.0040000e+00
   2.0040000e+00
   2.0040000e+00
   2.0040000e+00
   2.0040000e+00
   2.0040000e+00
   2.0040000e+00
   2.0040000e+00
   2.0040000e+00
   2.0040000e+00
   2.0040000e+00
   2.0040000e+00
   2.0040000e+00
   2.0040000e+00
   2.0040000e+00
   2.0040000e+00
   2.0040000e+00
   2.0040000e+00
   2.0040000e+00
   2.0040000e+00
   2.0040000e+00
   2.0040000e+00
   2.0040000e+00
   2.0040000e+00
   2.0040000e+00
   2.0040000e+00
   2.0040000e+00
   2.0040000e+00
   2.0040000e+00
   2.0040000e+00
   2.0040000e+00
   2.0040000e+00
   2.0040000e+00
   2.0040000e+00
   2.0040000e+00
   2.0040000e+00
   2.0040000e+00
   2.0040000e+00
   2.0040000e+00
   2.0040000e+00
   2.0040000e+00
   2.0040000e+00
   2.0040000e+00
   2.0040000e+00
   2.0040000e+00
   2.0040000e+00
   2.0040000e+00
   2.0040000e+00
   2.0040000e+00
   2.0040000e+00
   2.0040000e+00
   2.0040000e+00
   2.0040000e+00
   2.0040000e+00
   2.0040000e+00
   2.0040000e+00
   2.0040000e+00
   2.0040000e+00
   2.0040000e+00
   2.0030000e+00
   2.0030000e+00
   2.0030000e+00
   2.0030000e+00
   2.0030000e+00
   2.0030000e+00
   2.0030000e+00
   2.0030000e+00
   2.0030000e+00
   2.0030000e+00
   2.0030000e+00
   2.0030000e+00
   2.0030000e+00
   2.0030000e+00
   2.0030000e+00
   2.0020000e+00
   2.0020000e+00
   2.0020000e+00
   2.0020000e+00
   2.0020000e+00
   2.0020000e+00
   2.0020000e+00
   2.0020000e+00
   2.0020000e+00
   2.0020000e+00
   2.0020000e+00
   2.0010000e+00
   2.0010000e+00
   2.0010000e+00
   2.0010000e+00
   2.0010000e+00
   2.0010000e+00
   2.0010000e+00
   2.0010000e+00
   2.0010000e+00
   2.0000000e+00
   2.0000000e+00
   2.0000000e+00
   2.0000000e+00
   2.0000000e+00
   2.0000000e+00
   2.0000000e+00
   2.0000000e+00
   1.9990000e+00
   1.9990000e+00
   1.9990000e+00
   1.9990000e+00
   1.9990000e+00
   1.9990000e+00
   1.9990000e+00
   1.9980000e+00
   1.9980000e+00
   1.9980000e+00
   1.9980000e+00
   1.9980000e+00
   1.9980000e+00
   1.9980000e+00
   1.9970000e+00
   1.9970000e+00
   1.9970000e+00
   1.9970000e+00
   1.9970000e+00
   1.9970000e+00
   1.9960000e+00
   1.9960000e+00
   1.9960000e+00
   1.9960000e+00
   1.9960000e+00
   1.9960000e+00
   1.9950000e+00
   1.9950000e+00
   1.9950000e+00
   1.9950000e+00
   1.9950000e+00
   1.9950000e+00
   1.9940000e+00
   1.9940000e+00
   1.9940000e+00
   1.9940000e+00
   1.9940000e+00
   1.9940000e+00
   1.9930000e+00
   1.9930000e+00
   1.9930000e+00
   1.9930000e+00
   1.9930000e+00
   1.9930000e+00
   1.9930000e+00
   1.9920000e+00
   1.9920000e+00
   1.9920000e+00
   1.9920000e+00
   1.9920000e+00
   1.9920000e+00
   1.9910000e+00
   1.9910000e+00
   1.9910000e+00
   1.9910000e+00
   1.9910000e+00
   1.9910000e+00
   1.9900000e+00
   1.9900000e+00
   1.9900000e+00
   1.9900000e+00
   1.9900000e+00
   1.9900000e+00
   1.9890000e+00
   1.9890000e+00
   1.9890000e+00
   1.9890000e+00
   1.9890000e+00
   1.9890000e+00
   1.9880000e+00
   1.9880000e+00
   1.9880000e+00
   1.9880000e+00
   1.9880000e+00
   1.9880000e+00
   1.9870000e+00
   1.9870000e+00
   1.9870000e+00
   1.9870000e+00
   1.9870000e+00
   1.9870000e+00
   1.9860000e+00
   1.9860000e+00
   1.9860000e+00
   1.9860000e+00
   1.9860000e+00
   1.9860000e+00
   1.9860000e+00
   1.9850000e+00
   1.9850000e+00
   1.9850000e+00
   1.9850000e+00
   1.9850000e+00
   1.9850000e+00
   1.9850000e+00
   1.9850000e+00
   1.9840000e+00
   1.9840000e+00
   1.9840000e+00
   1.9840000e+00
   1.9840000e+00
   1.9840000e+00
   1.9840000e+00
   1.9830000e+00
   1.9830000e+00
   1.9830000e+00
   1.9830000e+00
   1.9830000e+00
   1.9830000e+00
   1.9830000e+00
   1.9830000e+00
   1.9820000e+00
   1.9820000e+00
   1.9820000e+00
   1.9820000e+00
   1.9820000e+00
   1.9820000e+00
   1.9820000e+00
   1.9820000e+00
   1.9820000e+00
   1.9810000e+00
   1.9810000e+00
   1.9810000e+00
   1.9810000e+00
   1.9810000e+00
   1.9810000e+00
   1.9810000e+00
   1.9810000e+00
   1.9810000e+00
   1.9800000e+00
   1.9800000e+00
   1.9800000e+00
   1.9800000e+00
   1.9800000e+00
   1.9800000e+00
   1.9800000e+00
   1.9800000e+00
   1.9800000e+00
   1.9790000e+00
   1.9790000e+00
   1.9790000e+00
   1.9790000e+00
   1.9790000e+00
   1.9790000e+00
   1.9790000e+00
   1.9790000e+00
   1.9790000e+00
   1.9780000e+00
   1.9780000e+00
   1.9780000e+00
   1.9780000e+00
   1.9780000e+00
   1.9780000e+00
   1.9780000e+00
   1.9780000e+00
   1.9780000e+00
   1.9780000e+00
   1.9770000e+00
   1.9770000e+00
   1.9770000e+00
   1.9770000e+00
   1.9770000e+00
   1.9770000e+00
   1.9770000e+00
   1.9770000e+00
   1.9770000e+00
   1.9770000e+00
   1.9760000e+00
   1.9760000e+00
   1.9760000e+00
   1.9760000e+00
   1.9760000e+00
   1.9760000e+00
   1.9760000e+00
   1.9760000e+00
   1.9760000e+00
   1.9760000e+00
   1.9760000e+00
   1.9760000e+00
   1.9760000e+00
   1.9760000e+00
   1.9760000e+00
   1.9760000e+00
   1.9760000e+00
   1.9760000e+00
   1.9760000e+00
   1.9760000e+00
   1.9760000e+00
   1.9760000e+00
   1.9760000e+00
   1.9760000e+00
   1.9760000e+00
   1.9760000e+00
   1.9760000e+00
   1.9760000e+00
   1.9760000e+00
   1.9760000e+00
   1.9750000e+00
   1.9750000e+00
   1.9750000e+00
   1.9750000e+00
   1.9750000e+00
   1.9750000e+00
   1.9750000e+00
   1.9750000e+00
   1.9750000e+00
   1.9750000e+00
   1.9750000e+00
   1.9750000e+00
   1.9740000e+00
   1.9740000e+00
   1.9740000e+00
   1.9740000e+00
   1.9740000e+00
   1.9740000e+00
   1.9740000e+00
   1.9740000e+00
   1.9740000e+00
   1.9740000e+00
   1.9740000e+00
   1.9730000e+00
   1.9730000e+00
   1.9730000e+00
   1.9730000e+00
   1.9730000e+00
   1.9730000e+00
   1.9730000e+00
   1.9730000e+00
   1.9730000e+00
   1.9730000e+00
   1.9720000e+00
   1.9720000e+00
   1.9720000e+00
   1.9720000e+00
   1.9720000e+00
   1.9720000e+00
   1.9720000e+00
   1.9720000e+00
   1.9720000e+00
   1.9710000e+00
   1.9710000e+00
   1.9710000e+00
   1.9710000e+00
   1.9710000e+00
   1.9710000e+00
   1.9710000e+00
   1.9710000e+00
   1.9710000e+00
   1.9710000e+00
   1.9700000e+00
   1.9700000e+00
   1.9700000e+00
   1.9700000e+00
   1.9700000e+00
   1.9700000e+00
   1.9700000e+00
   1.9700000e+00
   1.9700000e+00
   1.9690000e+00
   1.9690000e+00
   1.9690000e+00
   1.9690000e+00
   1.9690000e+00
   1.9690000e+00
   1.9690000e+00
   1.9690000e+00
   1.9690000e+00
   1.9690000e+00
   1.9690000e+00
   1.9680000e+00
   1.9680000e+00
   1.9680000e+00
   1.9680000e+00
   1.9680000e+00
   1.9680000e+00
   1.9680000e+00
   1.9680000e+00
   1.9680000e+00
   1.9680000e+00
   1.9680000e+00
   1.9680000e+00
   1.9680000e+00
   1.9680000e+00
   1.9680000e+00
   1.9680000e+00
   1.9680000e+00
   1.9680000e+00
   1.9680000e+00
   1.9680000e+00
   1.9680000e+00
   1.9680000e+00
   1.9680000e+00
   1.9680000e+00
   1.9680000e+00
   1.9680000e+00
   1.9680000e+00
   1.9680000e+00
   1.9680000e+00
   1.9680000e+00
   1.9680000e+00
   1.9680000e+00
   1.9680000e+00
   1.9680000e+00
   1.9680000e+00
   1.9680000e+00
   1.9680000e+00
   1.9680000e+00
   1.9680000e+00
   1.9680000e+00
   1.9680000e+00
   1.9670000e+00
   1.9670000e+00
   1.9670000e+00
   1.9670000e+00
   1.9670000e+00
   1.9670000e+00
   1.9670000e+00
   1.9670000e+00
   1.9670000e+00
   1.9670000e+00
   1.9670000e+00
   1.9660000e+00
   1.9660000e+00
   1.9660000e+00
   1.9660000e+00
   1.9660000e+00
   1.9660000e+00
   1.9660000e+00
   1.9660000e+00
   1.9660000e+00
   1.9660000e+00
   1.9660000e+00
   1.9660000e+00
   1.9650000e+00
   1.9650000e+00
   1.9650000e+00
   1.9650000e+00
   1.9650000e+00
   1.9650000e+00
   1.9650000e+00
   1.9650000e+00
   1.9650000e+00
   1.9650000e+00
   1.9650000e+00
   1.9640000e+00
   1.9640000e+00
   1.9640000e+00
   1.9640000e+00
   1.9640000e+00
   1.9640000e+00
   1.9640000e+00
   1.9640000e+00
   1.9640000e+00
   1.9640000e+00
   1.9640000e+00
   1.9640000e+00
   1.9640000e+00
   1.9640000e+00
   1.9630000e+00
   1.9630000e+00
   1.9630000e+00
   1.9630000e+00
   1.9630000e+00
   1.9630000e+00
   1.9630000e+00
   1.9630000e+00
   1.9630000e+00
   1.9630000e+00
   1.9630000e+00
   1.9630000e+00
   1.9630000e+00
   1.9630000e+00
   1.9630000e+00
   1.9630000e+00
   1.9630000e+00
   1.9630000e+00
   1.9630000e+00
   1.9630000e+00
   1.9630000e+00
   1.9630000e+00
   1.9630000e+00
   1.9640000e+00
   1.9640000e+00
   1.9640000e+00
   1.9640000e+00
   1.9640000e+00
   1.9640000e+00
   1.9640000e+00
   1.9640000e+00
   1.9640000e+00
   1.9650000e+00
   1.9650000e+00
   1.9650000e+00
   1.9650000e+00
   1.9650000e+00
   1.9660000e+00
   1.9660000e+00
   1.9660000e+00
   1.9660000e+00
   1.9670000e+00
   1.9670000e+00
   1.9670000e+00
   1.9670000e+00
   1.9680000e+00
   1.9680000e+00
   1.9680000e+00
   1.9680000e+00
   1.9680000e+00
   1.9690000e+00
   1.9690000e+00
   1.9690000e+00
   1.9690000e+00
   1.9690000e+00
   1.9690000e+00
   1.9690000e+00
   1.9690000e+00
   1.9690000e+00
   1.9700000e+00
   1.9700000e+00
   1.9700000e+00
   1.9700000e+00
   1.9700000e+00
   1.9700000e+00
   1.9700000e+00
   1.9700000e+00
   1.9700000e+00
   1.9700000e+00
   1.9700000e+00
   1.9700000e+00
   1.9700000e+00
   1.9700000e+00
   1.9700000e+00
   1.9700000e+00
   1.9700000e+00
   1.9700000e+00
   1.9700000e+00
   1.9700000e+00
   1.9700000e+00
   1.9700000e+00
   1.9700000e+00
   1.9700000e+00
   1.9700000e+00
   1.9700000e+00
   1.9700000e+00
   1.9700000e+00
   1.9700000e+00
   1.9700000e+00
   1.9700000e+00
   1.9700000e+00
   1.9700000e+00
   1.9700000e+00
   1.9700000e+00
   1.9700000e+00
   1.9700000e+00
   1.9700000e+00
   1.9700000e+00
   1.9700000e+00
   1.9700000e+00
   1.9700000e+00
   1.9700000e+00
   1.9700000e+00
   1.9700000e+00
   1.9700000e+00
   1.9700000e+00
   1.9700000e+00
   1.9700000e+00
   1.9700000e+00
   1.9690000e+00
   1.9690000e+00
   1.9690000e+00
   1.9690000e+00
   1.9690000e+00
   1.9690000e+00
   1.9690000e+00
   1.9690000e+00
   1.9690000e+00
   1.9690000e+00
   1.9690000e+00
   1.9690000e+00
   1.9690000e+00
   1.9690000e+00
   1.9690000e+00
   1.9690000e+00
   1.9690000e+00
   1.9690000e+00
   1.9690000e+00
   1.9690000e+00
   1.9690000e+00
   1.9690000e+00
   1.9690000e+00
   1.9690000e+00
   1.9690000e+00
   1.9690000e+00
   1.9700000e+00
   1.9700000e+00
   1.9700000e+00
   1.9700000e+00
   1.9700000e+00
   1.9700000e+00
   1.9700000e+00
   1.9700000e+00
   1.9700000e+00
   1.9710000e+00
   1.9710000e+00
   1.9710000e+00
   1.9720000e+00
   1.9720000e+00
   1.9720000e+00
   1.9730000e+00
   1.9730000e+00
   1.9730000e+00
   1.9740000e+00
   1.9740000e+00
   1.9750000e+00
   1.9750000e+00
   1.9760000e+00
   1.9770000e+00
   1.9770000e+00
   1.9790000e+00
   1.9810000e+00
   1.9830000e+00
   1.9850000e+00
   1.9860000e+00
   1.9870000e+00
   1.9880000e+00
   1.9880000e+00
   1.9880000e+00
   1.9870000e+00
   1.9860000e+00
   1.9850000e+00
   1.9840000e+00
   1.9840000e+00
   1.9830000e+00
   1.9830000e+00
   1.9820000e+00
   1.9810000e+00
   1.9810000e+00
   1.9800000e+00
   1.9790000e+00
   1.9790000e+00
   1.9780000e+00
   1.9770000e+00
   1.9770000e+00
   1.9760000e+00
   1.9750000e+00
   1.9750000e+00
   1.9740000e+00
   1.9740000e+00
   1.9740000e+00
   1.9730000e+00
   1.9730000e+00
   1.9730000e+00
   1.9730000e+00
   1.9720000e+00
   1.9720000e+00
   1.9720000e+00
   1.9720000e+00
   1.9720000e+00
   1.9720000e+00
   1.9720000e+00
   1.9720000e+00
   1.9720000e+00
   1.9720000e+00
   1.9720000e+00
   1.9720000e+00
   1.9720000e+00
   1.9720000e+00
   1.9720000e+00
   1.9720000e+00
   1.9720000e+00
   1.9720000e+00
   1.9720000e+00
   1.9720000e+00
   1.9720000e+00
   1.9720000e+00
   1.9720000e+00
   1.9720000e+00
   1.9720000e+00
   1.9730000e+00
   1.9730000e+00
   1.9730000e+00
   1.9730000e+00
   1.9730000e+00
   1.9730000e+00
   1.9730000e+00
   1.9730000e+00
   1.9730000e+00
   1.9730000e+00
   1.9730000e+00
   1.9730000e+00
   1.9730000e+00
   1.9730000e+00
   1.9730000e+00
   1.9730000e+00
   1.9730000e+00
   1.9740000e+00
   1.9740000e+00
   1.9740000e+00
   1.9740000e+00
   1.9750000e+00
   1.9750000e+00
   1.9750000e+00
   1.9760000e+00
   1.9760000e+00
   1.9760000e+00
   1.9760000e+00
   1.9760000e+00
   1.9770000e+00
   1.9770000e+00
   1.9770000e+00
   1.9770000e+00
   1.9770000e+00
   1.9780000e+00
   1.9780000e+00
   1.9780000e+00
   1.9780000e+00
   1.9780000e+00
   1.9790000e+00
   1.9790000e+00
   1.9790000e+00
   1.9790000e+00
   1.9790000e+00
   1.9790000e+00
   1.9790000e+00
   1.9790000e+00
   1.9790000e+00
   1.9790000e+00
   1.9790000e+00
   1.9800000e+00
   1.9800000e+00
   1.9800000e+00
   1.9800000e+00
   1.9800000e+00
   1.9800000e+00
   1.9800000e+00
   1.9800000e+00
   1.9800000e+00
   1.9800000e+00
   1.9800000e+00
   1.9800000e+00
   1.9800000e+00
   1.9800000e+00
   1.9800000e+00
   1.9800000e+00
   1.9800000e+00
   1.9800000e+00
   1.9800000e+00
   1.9800000e+00
   1.9800000e+00
   1.9800000e+00
   1.9800000e+00
   1.9800000e+00
   1.9800000e+00
   1.9800000e+00
   1.9800000e+00
   1.9800000e+00
   1.9800000e+00
   1.9800000e+00
   1.9800000e+00
   1.9800000e+00
   1.9800000e+00
   1.9800000e+00
   1.9800000e+00
   1.9800000e+00
   1.9800000e+00
   1.9800000e+00
   1.9800000e+00
   1.9800000e+00
   1.9800000e+00
   1.9800000e+00
   1.9810000e+00
   1.9810000e+00
   1.9810000e+00
   1.9810000e+00
   1.9810000e+00
   1.9810000e+00
   1.9820000e+00
   1.9820000e+00
   1.9820000e+00
   1.9820000e+00
   1.9830000e+00
   1.9830000e+00
   1.9830000e+00
   1.9830000e+00
   1.9840000e+00
   1.9840000e+00
   1.9840000e+00
   1.9840000e+00
   1.9840000e+00
   1.9840000e+00
   1.9840000e+00
   1.9850000e+00
   1.9850000e+00
   1.9850000e+00
   1.9850000e+00
   1.9850000e+00
   1.9850000e+00
   1.9850000e+00
   1.9850000e+00
   1.9850000e+00
   1.9850000e+00
   1.9850000e+00
   1.9850000e+00
   1.9850000e+00
   1.9850000e+00
   1.9850000e+00
   1.9850000e+00
   1.9850000e+00
   1.9850000e+00
   1.9850000e+00
   1.9850000e+00
   1.9850000e+00
   1.9850000e+00
   1.9850000e+00
   1.9850000e+00
   1.9850000e+00
   1.9850000e+00
   1.9850000e+00
   1.9850000e+00
   1.9850000e+00
   1.9850000e+00
   1.9850000e+00
   1.9850000e+00
   1.9850000e+00
   1.9850000e+00
   1.9850000e+00
   1.9850000e+00
   1.9850000e+00
   1.9850000e+00
   1.9850000e+00
   1.9850000e+00
   1.9850000e+00
   1.9850000e+00
   1.9850000e+00
   1.9850000e+00
   1.9860000e+00
   1.9860000e+00
   1.9860000e+00
   1.9860000e+00
   1.9860000e+00
   1.9860000e+00
   1.9860000e+00
   1.9860000e+00
   1.9860000e+00
   1.9860000e+00
   1.9860000e+00
   1.9860000e+00
   1.9860000e+00
   1.9860000e+00
   1.9860000e+00
   1.9860000e+00
   1.9860000e+00
   1.9860000e+00
   1.9860000e+00
   1.9860000e+00
   1.9860000e+00
   1.9870000e+00
   1.9870000e+00
   1.9870000e+00
   1.9870000e+00
   1.9870000e+00
   1.9870000e+00
   1.9870000e+00
   1.9870000e+00
   1.9870000e+00
   1.9870000e+00
   1.9870000e+00
   1.9870000e+00
   1.9870000e+00
   1.9870000e+00
   1.9870000e+00
   1.9870000e+00
   1.9870000e+00
   1.9860000e+00
   1.9860000e+00
   1.9860000e+00
   1.9860000e+00
   1.9860000e+00
   1.9860000e+00
   1.9860000e+00
   1.9860000e+00
   1.9860000e+00
   1.9860000e+00
   1.9860000e+00
   1.9860000e+00
   1.9860000e+00
   1.9860000e+00
   1.9860000e+00
   1.9860000e+00
   1.9860000e+00
   1.9860000e+00
   1.9860000e+00
   1.9860000e+00
   1.9860000e+00
   1.9860000e+00
   1.9860000e+00
   1.9860000e+00
   1.9860000e+00
   1.9860000e+00
   1.9860000e+00
   1.9860000e+00
   1.9860000e+00
   1.9860000e+00
   1.9860000e+00
   1.9860000e+00
   1.9860000e+00
   1.9860000e+00
   1.9860000e+00
   1.9860000e+00
   1.9860000e+00
   1.9860000e+00
   1.9860000e+00
   1.9860000e+00
   1.9860000e+00
   1.9860000e+00
   1.9860000e+00
   1.9860000e+00
   1.9860000e+00
   1.9860000e+00
   1.9860000e+00
   1.9860000e+00
   1.9860000e+00
   1.9860000e+00
   1.9860000e+00
   1.9860000e+00
   1.9860000e+00
   1.9860000e+00
   1.9860000e+00
   1.9860000e+00
   1.9860000e+00
   1.9850000e+00
   1.9850000e+00
   1.9850000e+00
   1.9850000e+00
   1.9850000e+00
   1.9850000e+00
   1.9850000e+00
   1.9850000e+00
   1.9850000e+00
   1.9850000e+00
   1.9850000e+00
   1.9850000e+00
   1.9850000e+00
   1.9850000e+00
   1.9850000e+00
   1.9850000e+00
   1.9840000e+00
   1.9840000e+00
   1.9840000e+00
   1.9840000e+00
   1.9840000e+00
   1.9840000e+00
   1.9840000e+00
   1.9840000e+00
   1.9840000e+00
   1.9840000e+00
   1.9840000e+00
   1.9840000e+00
   1.9830000e+00
   1.9830000e+00
   1.9830000e+00
   1.9830000e+00
   1.9830000e+00
   1.9830000e+00
   1.9830000e+00
   1.9830000e+00
   1.9830000e+00
   1.9830000e+00
   1.9830000e+00
   1.9830000e+00
   1.9820000e+00
   1.9820000e+00
   1.9820000e+00
   1.9820000e+00
   1.9820000e+00
   1.9820000e+00
   1.9820000e+00
   1.9820000e+00
   1.9820000e+00
   1.9820000e+00
   1.9820000e+00
   1.9820000e+00
   1.9810000e+00
   1.9810000e+00
   1.9810000e+00
   1.9810000e+00
   1.9810000e+00
   1.9810000e+00
   1.9810000e+00
   1.9810000e+00
   1.9810000e+00
   1.9810000e+00
   1.9810000e+00
   1.9810000e+00
   1.9800000e+00
   1.9800000e+00
   1.9800000e+00
   1.9800000e+00
   1.9800000e+00
   1.9800000e+00
   1.9800000e+00
   1.9800000e+00
   1.9800000e+00
   1.9800000e+00
   1.9800000e+00
   1.9800000e+00
   1.9800000e+00
   1.9800000e+00
   1.9800000e+00
   1.9790000e+00
   1.9790000e+00
   1.9790000e+00
   1.9790000e+00
   1.9790000e+00
   1.9790000e+00
   1.9790000e+00
   1.9790000e+00
   1.9790000e+00
   1.9790000e+00
   1.9790000e+00
   1.9790000e+00
   1.9790000e+00
   1.9790000e+00
   1.9790000e+00
   1.9790000e+00
   1.9790000e+00
   1.9790000e+00
   1.9790000e+00
   1.9780000e+00
   1.9780000e+00
   1.9780000e+00
   1.9780000e+00
   1.9780000e+00
   1.9780000e+00
   1.9780000e+00
   1.9780000e+00
   1.9780000e+00
   1.9780000e+00
   1.9780000e+00
   1.9780000e+00
   1.9780000e+00
   1.9780000e+00
   1.9780000e+00
   1.9780000e+00
   1.9780000e+00
   1.9780000e+00
   1.9780000e+00
   1.9780000e+00
   1.9780000e+00
   1.9780000e+00
   1.9780000e+00
   1.9780000e+00
   1.9780000e+00
   1.9780000e+00
   1.9780000e+00
   1.9780000e+00
   1.9780000e+00
   1.9780000e+00
   1.9780000e+00
   1.9780000e+00
   1.9780000e+00
   1.9780000e+00
   1.9780000e+00
   1.9780000e+00
   1.9780000e+00
   1.9780000e+00
   1.9780000e+00
   1.9780000e+00
   1.9780000e+00
   1.9780000e+00
   1.9780000e+00
   1.9780000e+00
   1.9780000e+00
   1.9780000e+00
   1.9780000e+00
   1.9780000e+00
   1.9780000e+00
   1.9780000e+00
   1.9780000e+00
   1.9780000e+00
   1.9790000e+00
   1.9790000e+00
   1.9790000e+00
   1.9790000e+00
   1.9790000e+00
   1.9790000e+00
   1.9790000e+00
   1.9790000e+00
   1.9790000e+00
   1.9790000e+00
   1.9800000e+00
   1.9800000e+00
   1.9800000e+00
   1.9800000e+00
   1.9810000e+00
   1.9810000e+00
   1.9810000e+00
   1.9820000e+00
   1.9820000e+00
   1.9830000e+00
   1.9830000e+00
   1.9830000e+00
   1.9840000e+00
   1.9840000e+00
   1.9840000e+00
   1.9850000e+00
   1.9850000e+00
   1.9850000e+00
   1.9860000e+00
   1.9860000e+00
   1.9860000e+00
   1.9860000e+00
   1.9870000e+00
   1.9870000e+00
   1.9870000e+00
   1.9870000e+00
   1.9870000e+00
   1.9880000e+00
   1.9880000e+00
   1.9880000e+00
   1.9880000e+00
   1.9880000e+00
   1.9880000e+00
   1.9890000e+00
   1.9890000e+00
   1.9890000e+00
   1.9890000e+00
   1.9890000e+00
   1.9890000e+00
   1.9890000e+00
   1.9900000e+00
   1.9900000e+00
   1.9900000e+00
   1.9900000e+00
   1.9900000e+00
   1.9900000e+00
   1.9910000e+00
   1.9910000e+00
   1.9910000e+00
   1.9910000e+00
   1.9910000e+00
   1.9910000e+00
   1.9910000e+00
   1.9920000e+00
   1.9920000e+00
   1.9920000e+00
   1.9920000e+00
   1.9920000e+00
   1.9920000e+00
   1.9920000e+00
   1.9920000e+00
   1.9920000e+00
   1.9930000e+00
   1.9930000e+00
   1.9930000e+00
   1.9930000e+00
   1.9930000e+00
   1.9930000e+00
   1.9930000e+00
   1.9930000e+00
   1.9930000e+00
   1.9930000e+00
   1.9940000e+00
   1.9940000e+00
   1.9940000e+00
   1.9940000e+00
   1.9940000e+00
   1.9940000e+00
   1.9940000e+00
   1.9940000e+00
   1.9940000e+00
   1.9940000e+00
   1.9940000e+00
   1.9940000e+00
   1.9940000e+00
   1.9940000e+00
   1.9940000e+00
   1.9940000e+00
   1.9940000e+00
   1.9940000e+00
   1.9940000e+00
   1.9940000e+00
   1.9940000e+00
   1.9940000e+00
   1.9940000e+00
   1.9940000e+00
   1.9940000e+00
   1.9950000e+00
   1.9950000e+00
   1.9950000e+00
   1.9950000e+00
   1.9950000e+00
   1.9950000e+00
   1.9950000e+00
   1.9950000e+00
   1.9950000e+00
   1.9950000e+00
   1.9950000e+00
   1.9950000e+00
   1.9950000e+00
   1.9950000e+00
   1.9950000e+00
   1.9950000e+00
   1.9950000e+00
   1.9950000e+00
   1.9950000e+00
   1.9950000e+00
   1.9950000e+00
   1.9950000e+00
   1.9950000e+00
   1.9950000e+00
   1.9950000e+00
   1.9950000e+00
   1.9950000e+00
   1.9950000e+00
   1.9950000e+00
   1.9950000e+00
   1.9950000e+00
   1.9950000e+00
   1.9950000e+00
   1.9950000e+00
   1.9950000e+00
   1.9950000e+00
   1.9950000e+00
   1.9950000e+00
   1.9950000e+00
   1.9950000e+00
   1.9950000e+00
   1.9950000e+00
   1.9950000e+00
   1.9950000e+00
   1.9950000e+00
   1.9950000e+00
   1.9950000e+00
   1.9950000e+00
   1.9950000e+00
   1.9940000e+00
   1.9940000e+00
   1.9940000e+00
   1.9940000e+00
   1.9940000e+00
   1.9940000e+00
   1.9940000e+00
   1.9940000e+00
   1.9940000e+00
   1.9940000e+00
   1.9940000e+00
   1.9940000e+00
   1.9940000e+00
   1.9940000e+00
   1.9940000e+00
   1.9940000e+00
   1.9940000e+00
   1.9940000e+00
   1.9940000e+00
   1.9940000e+00
   1.9940000e+00
   1.9940000e+00
   1.9940000e+00
   1.9930000e+00
   1.9930000e+00
   1.9930000e+00
   1.9930000e+00
   1.9930000e+00
   1.9930000e+00
   1.9930000e+00
   1.9930000e+00
   1.9930000e+00
   1.9930000e+00
   1.9930000e+00
   1.9930000e+00
   1.9930000e+00
   1.9930000e+00
   1.9930000e+00
   1.9930000e+00
   1.9930000e+00
   1.9930000e+00
   1.9930000e+00
   1.9930000e+00
   1.9930000e+00
   1.9930000e+00
   1.9930000e+00
   1.9930000e+00
   1.9930000e+00
   1.9930000e+00
   1.9930000e+00
   1.9930000e+00
   1.9930000e+00
   1.9930000e+00
   1.9920000e+00
   1.9920000e+00
   1.9920000e+00
   1.9920000e+00
   1.9920000e+00
   1.9920000e+00
   1.9920000e+00
   1.9920000e+00
   1.9920000e+00
   1.9920000e+00
   1.9920000e+00
   1.9920000e+00
   1.9920000e+00
   1.9920000e+00
   1.9920000e+00
   1.9920000e+00
   1.9920000e+00
   1.9920000e+00
   1.9920000e+00
   1.9930000e+00
   1.9930000e+00
   1.9930000e+00
   1.9930000e+00
   1.9930000e+00
   1.9930000e+00
   1.9940000e+00
   1.9940000e+00
   1.9940000e+00
   1.9940000e+00
   1.9940000e+00
   1.9950000e+00
   1.9950000e+00
   1.9950000e+00
   1.9950000e+00
   1.9950000e+00
   1.9950000e+00
   1.9950000e+00
   1.9950000e+00
   1.9950000e+00
   1.9950000e+00
   1.9960000e+00
   1.9960000e+00
   1.9960000e+00
   1.9960000e+00
   1.9960000e+00
   1.9960000e+00
   1.9960000e+00
   1.9960000e+00
   1.9960000e+00
   1.9960000e+00
   1.9960000e+00
   1.9960000e+00
   1.9960000e+00
   1.9960000e+00
   1.9960000e+00
   1.9960000e+00
   1.9960000e+00
   1.9960000e+00
   1.9960000e+00
   1.9960000e+00
   1.9960000e+00
   1.9960000e+00
   1.9960000e+00
   1.9960000e+00
   1.9960000e+00
   1.9960000e+00
   1.9960000e+00
   1.9960000e+00
   1.9960000e+00
   1.9960000e+00
   1.9960000e+00
   1.9960000e+00
   1.9960000e+00
   1.9960000e+00
   1.9960000e+00
   1.9960000e+00
   1.9960000e+00
   1.9960000e+00
   1.9960000e+00
   1.9960000e+00
   1.9960000e+00
   1.9960000e+00
   1.9960000e+00
   1.9960000e+00
   1.9960000e+00
   1.9960000e+00
   1.9960000e+00
   1.9960000e+00
   1.9950000e+00
   1.9950000e+00
   1.9950000e+00
   1.9950000e+00
   1.9950000e+00
   1.9950000e+00
   1.9950000e+00
   1.9950000e+00
   1.9950000e+00
   1.9950000e+00
   1.9950000e+00
   1.9950000e+00
   1.9950000e+00
   1.9950000e+00
   1.9950000e+00
   1.9950000e+00
   1.9950000e+00
   1.9950000e+00
   1.9950000e+00
   1.9950000e+00
   1.9950000e+00
   1.9950000e+00
   1.9950000e+00
   1.9950000e+00
   1.9950000e+00
   1.9950000e+00
   1.9950000e+00
   1.9940000e+00
   1.9940000e+00
   1.9940000e+00
   1.9940000e+00
   1.9940000e+00
   1.9940000e+00
   1.9940000e+00
   1.9940000e+00
   1.9940000e+00
   1.9940000e+00
   1.9940000e+00
   1.9940000e+00
   1.9940000e+00
   1.9940000e+00
   1.9940000e+00
   1.9940000e+00
   1.9940000e+00
   1.9940000e+00
   1.9940000e+00
   1.9940000e+00
   1.9940000e+00
   1.9940000e+00
   1.9930000e+00
   1.9930000e+00
   1.9930000e+00
   1.9930000e+00
   1.9930000e+00
   1.9930000e+00
   1.9930000e+00
   1.9930000e+00
   1.9930000e+00
   1.9930000e+00
   1.9930000e+00
   1.9930000e+00
   1.9930000e+00
   1.9930000e+00
   1.9930000e+00
   1.9930000e+00
   1.9930000e+00
   1.9930000e+00
   1.9930000e+00
   1.9930000e+00
   1.9930000e+00
   1.9930000e+00
   1.9930000e+00
   1.9930000e+00
   1.9930000e+00
   1.9930000e+00
   1.9930000e+00
   1.9930000e+00
   1.9930000e+00
   1.9930000e+00
   1.9930000e+00
   1.9930000e+00
   1.9920000e+00
   1.9920000e+00
   1.9920000e+00
   1.9920000e+00
   1.9920000e+00
   1.9920000e+00
   1.9920000e+00
   1.9920000e+00
   1.9920000e+00
   1.9920000e+00
   1.9920000e+00
   1.9920000e+00
   1.9920000e+00
   1.9920000e+00
   1.9920000e+00
   1.9920000e+00
   1.9920000e+00
   1.9920000e+00
   1.9920000e+00
   1.9920000e+00
   1.9920000e+00
   1.9920000e+00
   1.9920000e+00
   1.9920000e+00
   1.9920000e+00
   1.9920000e+00
   1.9920000e+00
   1.9920000e+00
   1.9920000e+00
   1.9920000e+00
   1.9920000e+00
   1.9920000e+00
   1.9920000e+00
   1.9920000e+00
   1.9920000e+00
   1.9920000e+00
   1.9920000e+00
   1.9920000e+00
   1.9920000e+00
   1.9920000e+00
   1.9920000e+00
   1.9920000e+00
   1.9920000e+00
   1.9920000e+00
   1.9920000e+00
   1.9920000e+00
   1.9920000e+00
   1.9920000e+00
   1.9920000e+00
   1.9920000e+00
   1.9920000e+00
   1.9920000e+00
   1.9920000e+00
   1.9920000e+00
   1.9920000e+00
   1.9920000e+00
   1.9920000e+00
   1.9920000e+00
   1.9920000e+00
   1.9920000e+00
   1.9920000e+00
   1.9920000e+00
   1.9920000e+00
   1.9920000e+00
   1.9920000e+00
   1.9920000e+00
   1.9920000e+00
   1.9920000e+00
   1.9920000e+00
   1.9920000e+00
   1.9920000e+00
   1.9920000e+00
   1.9920000e+00
   1.9920000e+00
   1.9920000e+00
   1.9920000e+00
   1.9910000e+00
   1.9910000e+00
   1.9910000e+00
   1.9910000e+00
   1.9910000e+00
   1.9910000e+00
   1.9910000e+00
   1.9910000e+00
   1.9910000e+00
   1.9910000e+00
   1.9910000e+00
   1.9910000e+00
   1.9910000e+00
   1.9910000e+00
   1.9910000e+00
   1.9910000e+00
   1.9910000e+00
   1.9910000e+00
   1.9910000e+00
   1.9910000e+00
   1.9910000e+00
   1.9910000e+00
   1.9910000e+00
   1.9910000e+00
   1.9910000e+00
   1.9910000e+00
   1.9910000e+00
   1.9910000e+00
   1.9910000e+00
   1.9910000e+00
   1.9910000e+00
   1.9910000e+00
   1.9910000e+00
   1.9910000e+00
   1.9910000e+00
   1.9910000e+00
   1.9910000e+00
   1.9910000e+00
   1.9910000e+00
   1.9910000e+00
   1.9910000e+00
   1.9910000e+00
   1.9910000e+00
   1.9910000e+00
   1.9910000e+00
   1.9910000e+00
   1.9910000e+00
   1.9910000e+00
   1.9910000e+00
   1.9910000e+00
   1.9910000e+00
   1.9910000e+00
   1.9910000e+00
   1.9910000e+00
   1.9910000e+00
   1.9910000e+00
   1.9910000e+00
   1.9910000e+00
   1.9910000e+00
   1.9910000e+00
   1.9910000e+00
   1.9910000e+00
   1.9910000e+00
   1.9910000e+00
   1.9910000e+00
   1.9910000e+00
   1.9910000e+00
   1.9910000e+00
   1.9910000e+00
   1.9910000e+00
   1.9910000e+00
   1.9910000e+00
   1.9910000e+00
   1.9910000e+00
   1.9910000e+00
   1.9910000e+00
   1.9910000e+00
   1.9910000e+00
   1.9910000e+00
   1.9910000e+00
   1.9910000e+00
   1.9910000e+00
   1.9910000e+00
   1.9910000e+00
   1.9910000e+00
   1.9910000e+00
   1.9910000e+00
   1.9910000e+00
   1.9910000e+00
   1.9910000e+00
   1.9910000e+00
   1.9910000e+00
   1.9910000e+00
   1.9910000e+00
   1.9910000e+00
   1.9910000e+00
   1.9910000e+00
   1.9910000e+00
   1.9910000e+00
   1.9910000e+00
   1.9910000e+00
   1.9910000e+00
   1.9910000e+00
   1.9910000e+00
   1.9910000e+00
   1.9910000e+00
   1.9910000e+00
   1.9910000e+00
   1.9910000e+00
   1.9910000e+00
   1.9910000e+00
   1.9910000e+00
   1.9910000e+00
   1.9910000e+00
   1.9910000e+00
   1.9910000e+00
   1.9910000e+00
   1.9910000e+00
   1.9910000e+00
   1.9910000e+00
   1.9910000e+00
   1.9910000e+00
   1.9910000e+00
   1.9910000e+00
   1.9910000e+00
   1.9910000e+00
   1.9910000e+00
   1.9910000e+00
   1.9910000e+00
   1.9910000e+00
   1.9910000e+00
   1.9910000e+00
   1.9910000e+00
   1.9910000e+00
   1.9910000e+00
   1.9910000e+00
   1.9910000e+00
   1.9910000e+00
   1.9910000e+00
   1.9910000e+00
   1.9910000e+00
   1.9910000e+00
   1.9910000e+00
   1.9910000e+00
   1.9910000e+00
   1.9910000e+00
   1.9910000e+00
   1.9910000e+00
   1.9910000e+00
   1.9910000e+00
   1.9910000e+00
   1.9910000e+00
   1.9910000e+00
   1.9910000e+00
   1.9910000e+00
   1.9910000e+00
   1.9910000e+00
   1.9910000e+00
   1.9910000e+00
   1.9910000e+00
   1.9910000e+00
   1.9910000e+00
   1.9910000e+00
   1.9920000e+00
   1.9920000e+00
   1.9920000e+00
   1.9920000e+00
   1.9920000e+00
   1.9920000e+00
   1.9920000e+00
   1.9920000e+00
   1.9920000e+00
   1.9920000e+00
   1.9920000e+00
   1.9920000e+00
   1.9920000e+00
   1.9920000e+00
   1.9920000e+00
   1.9920000e+00
   1.9920000e+00
   1.9920000e+00
   1.9920000e+00
   1.9930000e+00
   1.9930000e+00
   1.9930000e+00
   1.9930000e+00
   1.9930000e+00
   1.9930000e+00
   1.9930000e+00
   1.9930000e+00
   1.9930000e+00
   1.9940000e+00
   1.9940000e+00
   1.9940000e+00
   1.9940000e+00
   1.9940000e+00
   1.9940000e+00
   1.9940000e+00
   1.9940000e+00
   1.9940000e+00
   1.9940000e+00
   1.9940000e+00
   1.9940000e+00
   1.9940000e+00
   1.9940000e+00
   1.9940000e+00
   1.9940000e+00
   1.9940000e+00
   1.9940000e+00
   1.9940000e+00
   1.9940000e+00
   1.9940000e+00
   1.9940000e+00
   1.9940000e+00
   1.9940000e+00
   1.9940000e+00
   1.9940000e+00
   1.9940000e+00
   1.9940000e+00
   1.9940000e+00
   1.9940000e+00
   1.9940000e+00
   1.9940000e+00
   1.9940000e+00
   1.9940000e+00
   1.9940000e+00
   1.9940000e+00
   1.9940000e+00
   1.9940000e+00
   1.9940000e+00
   1.9940000e+00
   1.9940000e+00
   1.9950000e+00
   1.9950000e+00
   1.9950000e+00
   1.9950000e+00
   1.9950000e+00
   1.9950000e+00
   1.9950000e+00
   1.9950000e+00
   1.9950000e+00
   1.9950000e+00
   1.9950000e+00
   1.9950000e+00
   1.9950000e+00
   1.9950000e+00
   1.9950000e+00
   1.9950000e+00
   1.9950000e+00
   1.9950000e+00
   1.9960000e+00
   1.9960000e+00
   1.9960000e+00
   1.9960000e+00
   1.9960000e+00
   1.9960000e+00
   1.9970000e+00
   1.9970000e+00
   1.9970000e+00
   1.9970000e+00
   1.9980000e+00
   1.9980000e+00
   1.9980000e+00
   1.9980000e+00
   1.9990000e+00
   1.9990000e+00
   1.9990000e+00
   1.9990000e+00
   1.9990000e+00
   2.0000000e+00
   2.0000000e+00
   2.0000000e+00
   2.0000000e+00
   2.0000000e+00
   2.0000000e+00
   2.0000000e+00
   2.0010000e+00
   2.0010000e+00
   2.0010000e+00
   2.0010000e+00
   2.0010000e+00
   2.0010000e+00
   2.0010000e+00
   2.0010000e+00
   2.0010000e+00
   2.0010000e+00
   2.0010000e+00
   2.0010000e+00
   2.0010000e+00
   2.0010000e+00
   2.0010000e+00
   2.0010000e+00
   2.0010000e+00
   2.0010000e+00
   2.0010000e+00
   2.0010000e+00
   2.0010000e+00
   2.0010000e+00
   2.0010000e+00
   2.0010000e+00
   2.0010000e+00
   2.0010000e+00
   2.0010000e+00
   2.0010000e+00
   2.0010000e+00
   2.0010000e+00
   2.0010000e+00
   2.0010000e+00
   2.0010000e+00
   2.0010000e+00
   2.0010000e+00
   2.0010000e+00
   2.0010000e+00
   2.0010000e+00
   2.0010000e+00
   2.0000000e+00
   2.0000000e+00
   2.0000000e+00
   2.0000000e+00
   2.0000000e+00
   2.0000000e+00
   2.0000000e+00
   2.0000000e+00
   2.0000000e+00
   2.0000000e+00
   2.0000000e+00
   2.0000000e+00
   2.0000000e+00
   2.0000000e+00
   2.0000000e+00
   2.0000000e+00
   2.0000000e+00
   2.0000000e+00
   2.0000000e+00
   2.0000000e+00
   2.0000000e+00
   2.0000000e+00
   2.0000000e+00
   1.9990000e+00
   1.9990000e+00
   1.9990000e+00
   1.9990000e+00
   1.9990000e+00
   1.9990000e+00
   1.9990000e+00
   1.9990000e+00
   1.9990000e+00
   1.9990000e+00
   1.9990000e+00
   1.9990000e+00
   1.9990000e+00
   1.9990000e+00
   1.9990000e+00
   1.9990000e+00
   1.9990000e+00
   1.9990000e+00
   1.9990000e+00
   1.9990000e+00
   1.9980000e+00
   1.9980000e+00
   1.9980000e+00
   1.9980000e+00
   1.9980000e+00
   1.9980000e+00
   1.9980000e+00
   1.9980000e+00
   1.9980000e+00
   1.9980000e+00
   1.9980000e+00
   1.9980000e+00
   1.9980000e+00
   1.9980000e+00
   1.9980000e+00
   1.9970000e+00
   1.9970000e+00
   1.9970000e+00
   1.9970000e+00
   1.9970000e+00
   1.9970000e+00
   1.9970000e+00
   1.9970000e+00
   1.9970000e+00
   1.9970000e+00
   1.9970000e+00
   1.9970000e+00
   1.9970000e+00
   1.9970000e+00
   1.9970000e+00
   1.9970000e+00
   1.9970000e+00
   1.9960000e+00
   1.9960000e+00
   1.9960000e+00
   1.9960000e+00
   1.9960000e+00
   1.9960000e+00
   1.9960000e+00
   1.9960000e+00
   1.9960000e+00
   1.9960000e+00
   1.9960000e+00
   1.9960000e+00
   1.9960000e+00
   1.9960000e+00
   1.9960000e+00
   1.9960000e+00
   1.9960000e+00
   1.9960000e+00
   1.9960000e+00
   1.9960000e+00
   1.9960000e+00
   1.9960000e+00
   1.9960000e+00
   1.9960000e+00
   1.9960000e+00
   1.9960000e+00
   1.9960000e+00
   1.9960000e+00
   1.9960000e+00
   1.9960000e+00
   1.9960000e+00
   1.9960000e+00
   1.9960000e+00
   1.9960000e+00
   1.9960000e+00
   1.9960000e+00
   1.9960000e+00
   1.9960000e+00
   1.9960000e+00
   1.9960000e+00
   1.9960000e+00
   1.9960000e+00
   1.9960000e+00
   1.9950000e+00
   1.9950000e+00
   1.9950000e+00
   1.9950000e+00
   1.9950000e+00
   1.9950000e+00
   1.9950000e+00
   1.9950000e+00
   1.9950000e+00
   1.9950000e+00
   1.9950000e+00
   1.9950000e+00
   1.9950000e+00
   1.9950000e+00
   1.9940000e+00
   1.9940000e+00
   1.9940000e+00
   1.9940000e+00
   1.9940000e+00
   1.9940000e+00
   1.9940000e+00
   1.9940000e+00
   1.9940000e+00
   1.9940000e+00
   1.9940000e+00
   1.9940000e+00
   1.9940000e+00
   1.9940000e+00
   1.9930000e+00
   1.9930000e+00
   1.9930000e+00
   1.9930000e+00
   1.9930000e+00
   1.9930000e+00
   1.9930000e+00
   1.9930000e+00
   1.9930000e+00
   1.9930000e+00
   1.9930000e+00
   1.9930000e+00
   1.9930000e+00
   1.9930000e+00
   1.9930000e+00
   1.9930000e+00
   1.9930000e+00
   1.9920000e+00
   1.9920000e+00
   1.9920000e+00
   1.9920000e+00
   1.9920000e+00
   1.9920000e+00
   1.9920000e+00
   1.9920000e+00
   1.9920000e+00
   1.9920000e+00
   1.9920000e+00
   1.9920000e+00
   1.9920000e+00
   1.9920000e+00
   1.9920000e+00
   1.9920000e+00
   1.9910000e+00
   1.9910000e+00
   1.9910000e+00
   1.9910000e+00
   1.9910000e+00
   1.9910000e+00
   1.9910000e+00
   1.9910000e+00
   1.9910000e+00
   1.9910000e+00
   1.9910000e+00
   1.9910000e+00
   1.9910000e+00
   1.9910000e+00
   1.9900000e+00
   1.9900000e+00
   1.9900000e+00
   1.9900000e+00
   1.9900000e+00
   1.9900000e+00
   1.9900000e+00
   1.9900000e+00
   1.9900000e+00
   1.9900000e+00
   1.9900000e+00
   1.9900000e+00
   1.9900000e+00
   1.9900000e+00
   1.9890000e+00
   1.9890000e+00
   1.9890000e+00
   1.9890000e+00
   1.9890000e+00
   1.9890000e+00
   1.9890000e+00
   1.9890000e+00
   1.9890000e+00
   1.9890000e+00
   1.9890000e+00
   1.9890000e+00
   1.9890000e+00
   1.9890000e+00
   1.9890000e+00
   1.9880000e+00
   1.9880000e+00
   1.9880000e+00
   1.9880000e+00
   1.9880000e+00
   1.9880000e+00
   1.9880000e+00
   1.9880000e+00
   1.9880000e+00
   1.9880000e+00
   1.9880000e+00
   1.9880000e+00
   1.9880000e+00
   1.9870000e+00
   1.9870000e+00
   1.9870000e+00
   1.9870000e+00
   1.9870000e+00
   1.9870000e+00
   1.9870000e+00
   1.9870000e+00
   1.9870000e+00
   1.9870000e+00
   1.9860000e+00
   1.9860000e+00
   1.9860000e+00
   1.9860000e+00
   1.9860000e+00
   1.9860000e+00
   1.9860000e+00
   1.9860000e+00
   1.9860000e+00
   1.9860000e+00
   1.9850000e+00
   1.9850000e+00
   1.9850000e+00
   1.9850000e+00
   1.9850000e+00
   1.9850000e+00
   1.9850000e+00
   1.9850000e+00
   1.9850000e+00
   1.9850000e+00
   1.9840000e+00
   1.9840000e+00
   1.9840000e+00
   1.9840000e+00
   1.9840000e+00
   1.9840000e+00
   1.9840000e+00
   1.9840000e+00
   1.9840000e+00
   1.9830000e+00
   1.9830000e+00
   1.9830000e+00
   1.9830000e+00
   1.9830000e+00
   1.9830000e+00
   1.9830000e+00
   1.9830000e+00
   1.9830000e+00
   1.9830000e+00
   1.9830000e+00
   1.9820000e+00
   1.9820000e+00
   1.9820000e+00
   1.9820000e+00
   1.9820000e+00
   1.9820000e+00
   1.9820000e+00
   1.9820000e+00
   1.9820000e+00
   1.9820000e+00
   1.9820000e+00
   1.9810000e+00
   1.9810000e+00
   1.9810000e+00
   1.9810000e+00
   1.9810000e+00
   1.9810000e+00
   1.9810000e+00
   1.9810000e+00
   1.9810000e+00
   1.9810000e+00
   1.9810000e+00
   1.9810000e+00
   1.9810000e+00
   1.9810000e+00
   1.9810000e+00
   1.9810000e+00
   1.9810000e+00
   1.9810000e+00
   1.9810000e+00
   1.9810000e+00
   1.9810000e+00
   1.9810000e+00
   1.9810000e+00
   1.9810000e+00
   1.9810000e+00
   1.9810000e+00
   1.9810000e+00
   1.9810000e+00
   1.9820000e+00
   1.9820000e+00
   1.9820000e+00
   1.9820000e+00
   1.9820000e+00
   1.9820000e+00
   1.9820000e+00
   1.9820000e+00
   1.9820000e+00
   1.9820000e+00
   1.9820000e+00
   1.9820000e+00
   1.9820000e+00
   1.9820000e+00
   1.9820000e+00
   1.9830000e+00
   1.9830000e+00
   1.9830000e+00
   1.9830000e+00
   1.9830000e+00
   1.9830000e+00
   1.9820000e+00
   1.9830000e+00
   1.9820000e+00
   1.9820000e+00
   1.9820000e+00
   1.9820000e+00
   1.9820000e+00
   1.9820000e+00
   1.9820000e+00
   1.9820000e+00
   1.9820000e+00
   1.9820000e+00
   1.9820000e+00
   1.9820000e+00
   1.9820000e+00
   1.9820000e+00
   1.9820000e+00
   1.9820000e+00
   1.9820000e+00
   1.9820000e+00
   1.9820000e+00
   1.9820000e+00
   1.9820000e+00
   1.9820000e+00
   1.9820000e+00
   1.9820000e+00
   1.9820000e+00
   1.9810000e+00
   1.9810000e+00
   1.9810000e+00
   1.9810000e+00
   1.9810000e+00
   1.9810000e+00
   1.9810000e+00
   1.9810000e+00
   1.9810000e+00
   1.9810000e+00
   1.9810000e+00
   1.9810000e+00
   1.9810000e+00
   1.9810000e+00
   1.9810000e+00
   1.9820000e+00
   1.9820000e+00
   1.9820000e+00
   1.9820000e+00
   1.9820000e+00
   1.9820000e+00
   1.9820000e+00
   1.9820000e+00
   1.9820000e+00
   1.9820000e+00
   1.9820000e+00
   1.9820000e+00
   1.9820000e+00
   1.9830000e+00
   1.9830000e+00
   1.9830000e+00
   1.9830000e+00
   1.9840000e+00
   1.9840000e+00
   1.9850000e+00
   1.9850000e+00
   1.9850000e+00
   1.9860000e+00
   1.9860000e+00
   1.9870000e+00
   1.9870000e+00
   1.9880000e+00
   1.9880000e+00
   1.9890000e+00
   1.9890000e+00
   1.9900000e+00
   1.9900000e+00
   1.9900000e+00
   1.9910000e+00
   1.9910000e+00
   1.9920000e+00
   1.9920000e+00
   1.9920000e+00
   1.9930000e+00
   1.9930000e+00
   1.9930000e+00
   1.9930000e+00
   1.9940000e+00
   1.9940000e+00
   1.9940000e+00
   1.9940000e+00
   1.9950000e+00
   1.9950000e+00
   1.9950000e+00
   1.9950000e+00
   1.9950000e+00
   1.9960000e+00
   1.9960000e+00
   1.9960000e+00
   1.9960000e+00
   1.9960000e+00
   1.9960000e+00
   1.9960000e+00
   1.9970000e+00
   1.9970000e+00
   1.9970000e+00
   1.9970000e+00
   1.9970000e+00
   1.9970000e+00
   1.9970000e+00
   1.9970000e+00
   1.9970000e+00
   1.9980000e+00
   1.9980000e+00
   1.9980000e+00
   1.9980000e+00
   1.9980000e+00
   1.9980000e+00
   1.9980000e+00
   1.9980000e+00
   1.9980000e+00
   1.9980000e+00
   1.9990000e+00
   1.9990000e+00
   1.9990000e+00
   1.9990000e+00
   1.9990000e+00
   1.9990000e+00
   1.9990000e+00
   1.9990000e+00
   1.9990000e+00
   1.9990000e+00
   1.9990000e+00
   1.9990000e+00
   1.9990000e+00
   1.9990000e+00
   2.0000000e+00
   2.0000000e+00
   2.0000000e+00
   2.0000000e+00
   2.0000000e+00
   2.0000000e+00
   2.0000000e+00
   2.0000000e+00
   2.0000000e+00
   2.0000000e+00
   2.0000000e+00
   2.0000000e+00
   2.0000000e+00
   2.0000000e+00
   2.0000000e+00
   2.0000000e+00
   2.0000000e+00
   2.0000000e+00
   2.0010000e+00
   2.0010000e+00
   2.0010000e+00
   2.0010000e+00
   2.0010000e+00
   2.0010000e+00
   2.0010000e+00
   2.0010000e+00
   2.0010000e+00
   2.0010000e+00
   2.0010000e+00
   2.0010000e+00
   2.0010000e+00
   2.0010000e+00
   2.0010000e+00
   2.0010000e+00
   2.0010000e+00
   2.0010000e+00
   2.0010000e+00
   2.0010000e+00
   2.0010000e+00
   2.0010000e+00
   2.0010000e+00
   2.0010000e+00
   2.0010000e+00
   2.0010000e+00
   2.0010000e+00
   2.0010000e+00
   2.0010000e+00
   2.0020000e+00
   2.0020000e+00
   2.0020000e+00
   2.0020000e+00
   2.0020000e+00
   2.0020000e+00
   2.0020000e+00
   2.0020000e+00
   2.0020000e+00
   2.0020000e+00
   2.0020000e+00
   2.0020000e+00
   2.0020000e+00
   2.0020000e+00
   2.0020000e+00
   2.0020000e+00
   2.0020000e+00
   2.0020000e+00
   2.0020000e+00
   2.0020000e+00
   2.0020000e+00
   2.0020000e+00
   2.0020000e+00
   2.0020000e+00
   2.0020000e+00
   2.0020000e+00
   2.0020000e+00
   2.0020000e+00
   2.0020000e+00
   2.0020000e+00
   2.0020000e+00
   2.0020000e+00
   2.0020000e+00
   2.0020000e+00
   2.0020000e+00
   2.0020000e+00
   2.0020000e+00
   2.0020000e+00
   2.0020000e+00
   2.0020000e+00
   2.0020000e+00
   2.0020000e+00
   2.0020000e+00
   2.0020000e+00
   2.0020000e+00
   2.0020000e+00
   2.0020000e+00
   2.0020000e+00
   2.0020000e+00
   2.0020000e+00
   2.0020000e+00
   2.0020000e+00
   2.0020000e+00
   2.0020000e+00
   2.0020000e+00
   2.0020000e+00
   2.0020000e+00
   2.0020000e+00
   2.0020000e+00
   2.0020000e+00
   2.0020000e+00
   2.0020000e+00
   2.0020000e+00
   2.0020000e+00
   2.0020000e+00
   2.0020000e+00
   2.0020000e+00
   2.0020000e+00
   2.0020000e+00
   2.0020000e+00
   2.0020000e+00
   2.0020000e+00
   2.0020000e+00
   2.0020000e+00
   2.0020000e+00
   2.0020000e+00
   2.0020000e+00
   2.0020000e+00
   2.0020000e+00
   2.0020000e+00
   2.0020000e+00
   2.0020000e+00
   2.0020000e+00
   2.0020000e+00
   2.0020000e+00
   2.0020000e+00
   2.0020000e+00
   2.0020000e+00
   2.0010000e+00
   2.0010000e+00
   2.0010000e+00
   2.0010000e+00
   2.0010000e+00
   2.0010000e+00
   2.0010000e+00
   2.0010000e+00
   2.0010000e+00
   2.0010000e+00
   2.0010000e+00
   2.0010000e+00
   2.0010000e+00
   2.0010000e+00
   2.0010000e+00
   2.0010000e+00
   2.0010000e+00
   2.0000000e+00
   2.0000000e+00
   2.0000000e+00
   2.0000000e+00
   2.0000000e+00
   2.0000000e+00
   2.0000000e+00
   2.0000000e+00
   2.0000000e+00
   2.0000000e+00
   2.0000000e+00
   2.0000000e+00
   2.0000000e+00
   2.0000000e+00
   2.0000000e+00
   1.9990000e+00
   1.9990000e+00
   1.9990000e+00
   1.9990000e+00
   1.9990000e+00
   1.9990000e+00
   1.9990000e+00
   1.9990000e+00
   1.9990000e+00
   1.9990000e+00
   1.9990000e+00
   1.9990000e+00
   1.9990000e+00
   1.9990000e+00
   1.9990000e+00
   1.9990000e+00
   1.9990000e+00
   1.9980000e+00
   1.9980000e+00
   1.9980000e+00
   1.9980000e+00
   1.9980000e+00
   1.9980000e+00
   1.9980000e+00
   1.9980000e+00
   1.9980000e+00
   1.9980000e+00
   1.9980000e+00
   1.9980000e+00
   1.9980000e+00
   1.9980000e+00
   1.9980000e+00
   1.9980000e+00
   1.9970000e+00
   1.9970000e+00
   1.9970000e+00
   1.9970000e+00
   1.9970000e+00
   1.9970000e+00
   1.9970000e+00
   1.9970000e+00
   1.9970000e+00
   1.9970000e+00
   1.9970000e+00
   1.9970000e+00
   1.9970000e+00
   1.9970000e+00
   1.9970000e+00
   1.9970000e+00
   1.9970000e+00
   1.9970000e+00
   1.9970000e+00
   1.9970000e+00
   1.9970000e+00
   1.9970000e+00
   1.9970000e+00
   1.9970000e+00
   1.9970000e+00
   1.9970000e+00
   1.9970000e+00
   1.9970000e+00
   1.9970000e+00
   1.9970000e+00
   1.9970000e+00
   1.9970000e+00
   1.9970000e+00
   1.9970000e+00
   1.9970000e+00
   1.9970000e+00
   1.9970000e+00
   1.9970000e+00
   1.9970000e+00
   1.9970000e+00
   1.9970000e+00
   1.9970000e+00
   1.9980000e+00
   1.9980000e+00
   1.9980000e+00
   1.9980000e+00
   1.9980000e+00
   1.9980000e+00
   1.9980000e+00
   1.9980000e+00
   1.9980000e+00
   1.9980000e+00
   1.9980000e+00
   1.9980000e+00
   1.9980000e+00
   1.9980000e+00
   1.9980000e+00
   1.9980000e+00
   1.9980000e+00
   1.9980000e+00
   1.9990000e+00
   1.9990000e+00
   1.9990000e+00
   1.9990000e+00
   1.9990000e+00
   1.9990000e+00
   1.9990000e+00
   1.9990000e+00
   1.9990000e+00
   1.9990000e+00
   1.9990000e+00
   1.9990000e+00
   1.9990000e+00
   1.9990000e+00
   1.9990000e+00
   1.9990000e+00
   1.9990000e+00
   1.9990000e+00
   1.9990000e+00
   1.9990000e+00
   1.9990000e+00
   1.9990000e+00
   1.9990000e+00
   1.9990000e+00
   1.9990000e+00
   1.9990000e+00
   1.9990000e+00
   1.9990000e+00
   1.9990000e+00
   1.9990000e+00
   1.9990000e+00
   1.9990000e+00
   1.9990000e+00
   1.9990000e+00
   1.9990000e+00
   1.9990000e+00
   1.9990000e+00
   1.9990000e+00
   1.9990000e+00
   1.9990000e+00
   1.9990000e+00
   1.9980000e+00
   1.9980000e+00
   1.9980000e+00
   1.9980000e+00
   1.9980000e+00
   1.9980000e+00
   1.9980000e+00
   1.9980000e+00
   1.9980000e+00
   1.9980000e+00
   1.9980000e+00
   1.9980000e+00
   1.9980000e+00
   1.9980000e+00
   1.9980000e+00
   1.9980000e+00
   1.9980000e+00
   1.9980000e+00
   1.9980000e+00
   1.9980000e+00
   1.9980000e+00
   1.9980000e+00
   1.9980000e+00
   1.9980000e+00
   1.9980000e+00
   1.9980000e+00
   1.9980000e+00
   1.9970000e+00
   1.9970000e+00
   1.9970000e+00
   1.9970000e+00
   1.9970000e+00
   1.9970000e+00
   1.9970000e+00
   1.9970000e+00
   1.9970000e+00
   1.9970000e+00
   1.9970000e+00
   1.9970000e+00
   1.9970000e+00
   1.9970000e+00
   1.9970000e+00
   1.9970000e+00
   1.9970000e+00
   1.9970000e+00
   1.9970000e+00
   1.9970000e+00
   1.9970000e+00
   1.9970000e+00
   1.9960000e+00
   1.9960000e+00
   1.9960000e+00
   1.9960000e+00
   1.9960000e+00
   1.9960000e+00
   1.9960000e+00
   1.9960000e+00
   1.9960000e+00
   1.9960000e+00
   1.9960000e+00
   1.9960000e+00
   1.9960000e+00
   1.9960000e+00
   1.9960000e+00
   1.9960000e+00
   1.9960000e+00
   1.9960000e+00
   1.9960000e+00
   1.9960000e+00
   1.9950000e+00
   1.9950000e+00
   1.9950000e+00
   1.9950000e+00
   1.9950000e+00
   1.9950000e+00
   1.9950000e+00
   1.9950000e+00
   1.9950000e+00
   1.9950000e+00
   1.9950000e+00
   1.9950000e+00
   1.9950000e+00
   1.9950000e+00
   1.9940000e+00
   1.9940000e+00
   1.9940000e+00
   1.9940000e+00
   1.9940000e+00
   1.9940000e+00
   1.9940000e+00
   1.9940000e+00
   1.9940000e+00
   1.9940000e+00
   1.9940000e+00
   1.9940000e+00
   1.9940000e+00
   1.9940000e+00
   1.9930000e+00
   1.9930000e+00
   1.9930000e+00
   1.9930000e+00
   1.9930000e+00
   1.9930000e+00
   1.9930000e+00
   1.9930000e+00
   1.9930000e+00
   1.9930000e+00
   1.9930000e+00
   1.9930000e+00
   1.9920000e+00
   1.9920000e+00
   1.9920000e+00
   1.9920000e+00
   1.9920000e+00
   1.9920000e+00
   1.9920000e+00
   1.9920000e+00
   1.9920000e+00
   1.9920000e+00
   1.9920000e+00
   1.9920000e+00
   1.9910000e+00
   1.9910000e+00
   1.9910000e+00
   1.9910000e+00
   1.9910000e+00
   1.9910000e+00
   1.9910000e+00
   1.9910000e+00
   1.9910000e+00
   1.9910000e+00
   1.9910000e+00
   1.9910000e+00
   1.9910000e+00
   1.9900000e+00
   1.9900000e+00
   1.9900000e+00
   1.9900000e+00
   1.9900000e+00
   1.9900000e+00
   1.9900000e+00
   1.9900000e+00
   1.9900000e+00
   1.9900000e+00
   1.9900000e+00
   1.9900000e+00
   1.9890000e+00
   1.9890000e+00
   1.9890000e+00
   1.9890000e+00
   1.9890000e+00
   1.9890000e+00
   1.9890000e+00
   1.9890000e+00
   1.9890000e+00
   1.9890000e+00
   1.9890000e+00
   1.9890000e+00
   1.9880000e+00
   1.9880000e+00
   1.9880000e+00
   1.9880000e+00
   1.9880000e+00
   1.9880000e+00
   1.9880000e+00
   1.9880000e+00
   1.9880000e+00
   1.9880000e+00
   1.9880000e+00
   1.9880000e+00
   1.9870000e+00
   1.9870000e+00
   1.9870000e+00
   1.9870000e+00
   1.9870000e+00
   1.9870000e+00
   1.9870000e+00
   1.9870000e+00
   1.9870000e+00
   1.9870000e+00
   1.9870000e+00
   1.9870000e+00
   1.9860000e+00
   1.9860000e+00
   1.9860000e+00
   1.9860000e+00
   1.9860000e+00
   1.9860000e+00
   1.9860000e+00
   1.9860000e+00
   1.9860000e+00
   1.9860000e+00
   1.9860000e+00
   1.9860000e+00
   1.9860000e+00
   1.9850000e+00
   1.9850000e+00
   1.9850000e+00
   1.9850000e+00
   1.9850000e+00
   1.9850000e+00
   1.9850000e+00
   1.9850000e+00
   1.9850000e+00
   1.9850000e+00
   1.9850000e+00
   1.9850000e+00
   1.9850000e+00
   1.9850000e+00
   1.9850000e+00
   1.9850000e+00
   1.9850000e+00
   1.9850000e+00
   1.9850000e+00
   1.9850000e+00
   1.9850000e+00
   1.9850000e+00
   1.9840000e+00
   1.9840000e+00
   1.9840000e+00
   1.9840000e+00
   1.9840000e+00
   1.9840000e+00
   1.9840000e+00
   1.9840000e+00
   1.9840000e+00
   1.9840000e+00
   1.9840000e+00
   1.9840000e+00
   1.9840000e+00
   1.9840000e+00
   1.9840000e+00
   1.9840000e+00
   1.9840000e+00
   1.9840000e+00
   1.9840000e+00
   1.9840000e+00
   1.9840000e+00
   1.9840000e+00
   1.9840000e+00
   1.9840000e+00
   1.9840000e+00
   1.9840000e+00
   1.9840000e+00
   1.9840000e+00
   1.9840000e+00
   1.9840000e+00
   1.9840000e+00
   1.9840000e+00
   1.9840000e+00
   1.9840000e+00
   1.9840000e+00
   1.9840000e+00
   1.9840000e+00
   1.9840000e+00
   1.9840000e+00
   1.9840000e+00
   1.9840000e+00
   1.9840000e+00
   1.9840000e+00
   1.9840000e+00
   1.9840000e+00
   1.9840000e+00
   1.9840000e+00
   1.9840000e+00
   1.9840000e+00
   1.9840000e+00
   1.9840000e+00
   1.9840000e+00
   1.9840000e+00
   1.9830000e+00
   1.9840000e+00
   1.9830000e+00
   1.9830000e+00
   1.9830000e+00
   1.9830000e+00
   1.9830000e+00
   1.9830000e+00
   1.9830000e+00
   1.9830000e+00
   1.9830000e+00
   1.9830000e+00
   1.9830000e+00
   1.9830000e+00
   1.9830000e+00
   1.9830000e+00
   1.9830000e+00
   1.9830000e+00
   1.9830000e+00
   1.9830000e+00
   1.9830000e+00
   1.9830000e+00
   1.9830000e+00
   1.9830000e+00
   1.9830000e+00
   1.9830000e+00
   1.9830000e+00
   1.9830000e+00
   1.9830000e+00
   1.9830000e+00
   1.9830000e+00
   1.9830000e+00
   1.9830000e+00
   1.9830000e+00
   1.9830000e+00
   1.9830000e+00
   1.9830000e+00
   1.9830000e+00
   1.9830000e+00
   1.9830000e+00
   1.9830000e+00
   1.9830000e+00
   1.9830000e+00
   1.9830000e+00
   1.9830000e+00
   1.9830000e+00
   1.9830000e+00
   1.9820000e+00
   1.9820000e+00
   1.9820000e+00
   1.9820000e+00
   1.9820000e+00
   1.9820000e+00
   1.9820000e+00
   1.9820000e+00
   1.9820000e+00
   1.9820000e+00
   1.9820000e+00
   1.9820000e+00
   1.9820000e+00
   1.9820000e+00
   1.9820000e+00
   1.9820000e+00
   1.9820000e+00
   1.9820000e+00
   1.9820000e+00
   1.9820000e+00
   1.9820000e+00
   1.9820000e+00
   1.9820000e+00
   1.9820000e+00
   1.9820000e+00
   1.9820000e+00
   1.9820000e+00
   1.9820000e+00
   1.9820000e+00
   1.9820000e+00
   1.9820000e+00
   1.9820000e+00
   1.9820000e+00
   1.9820000e+00
   1.9820000e+00
   1.9810000e+00
   1.9810000e+00
   1.9810000e+00
   1.9810000e+00
   1.9810000e+00
   1.9810000e+00
   1.9810000e+00
   1.9810000e+00
   1.9810000e+00
   1.9810000e+00
   1.9810000e+00
   1.9810000e+00
   1.9810000e+00
   1.9810000e+00
   1.9810000e+00
   1.9810000e+00
   1.9810000e+00
   1.9810000e+00
   1.9800000e+00
   1.9800000e+00
   1.9800000e+00
   1.9800000e+00
   1.9800000e+00
   1.9800000e+00
   1.9800000e+00
   1.9800000e+00
   1.9800000e+00
   1.9800000e+00
   1.9800000e+00
   1.9800000e+00
   1.9800000e+00
   1.9800000e+00
   1.9790000e+00
   1.9790000e+00
   1.9790000e+00
   1.9790000e+00
   1.9790000e+00
   1.9790000e+00
   1.9790000e+00
   1.9790000e+00
   1.9790000e+00
   1.9790000e+00
   1.9790000e+00
   1.9790000e+00
   1.9790000e+00
   1.9780000e+00
   1.9780000e+00
   1.9780000e+00
   1.9780000e+00
   1.9780000e+00
   1.9780000e+00
   1.9780000e+00
   1.9780000e+00
   1.9780000e+00
   1.9780000e+00
   1.9780000e+00
   1.9780000e+00
   1.9770000e+00
   1.9770000e+00
   1.9770000e+00
   1.9770000e+00
   1.9770000e+00
   1.9770000e+00
   1.9770000e+00
   1.9770000e+00
   1.9770000e+00
   1.9770000e+00
   1.9770000e+00
   1.9770000e+00
   1.9770000e+00
   1.9760000e+00
   1.9760000e+00
   1.9760000e+00
   1.9760000e+00
   1.9760000e+00
   1.9760000e+00
   1.9760000e+00
   1.9760000e+00
   1.9760000e+00
   1.9760000e+00
   1.9760000e+00
   1.9760000e+00
   1.9760000e+00
   1.9750000e+00
   1.9750000e+00
   1.9750000e+00
   1.9750000e+00
   1.9750000e+00
   1.9750000e+00
   1.9750000e+00
   1.9750000e+00
   1.9750000e+00
   1.9750000e+00
   1.9750000e+00
   1.9750000e+00
   1.9750000e+00
   1.9750000e+00
   1.9750000e+00
   1.9750000e+00
   1.9740000e+00
   1.9740000e+00
   1.9740000e+00
   1.9740000e+00
   1.9740000e+00
   1.9740000e+00
   1.9740000e+00
   1.9740000e+00
   1.9740000e+00
   1.9740000e+00
   1.9740000e+00
   1.9740000e+00
   1.9730000e+00
   1.9730000e+00
   1.9730000e+00
   1.9730000e+00
   1.9730000e+00
   1.9730000e+00
   1.9730000e+00
   1.9730000e+00
   1.9730000e+00
   1.9730000e+00
   1.9730000e+00
   1.9730000e+00
   1.9730000e+00
   1.9730000e+00
   1.9730000e+00
   1.9720000e+00
   1.9720000e+00
   1.9720000e+00
   1.9720000e+00
   1.9720000e+00
   1.9720000e+00
   1.9720000e+00
   1.9720000e+00
   1.9720000e+00
   1.9720000e+00
   1.9720000e+00
   1.9720000e+00
   1.9720000e+00
   1.9720000e+00
   1.9720000e+00
   1.9720000e+00
   1.9720000e+00
   1.9710000e+00
   1.9710000e+00
   1.9710000e+00
   1.9710000e+00
   1.9710000e+00
   1.9710000e+00
   1.9710000e+00
   1.9710000e+00
   1.9710000e+00
   1.9710000e+00
   1.9710000e+00
   1.9710000e+00
   1.9710000e+00
   1.9710000e+00
   1.9710000e+00
   1.9710000e+00
   1.9710000e+00
   1.9710000e+00
   1.9710000e+00
   1.9700000e+00
   1.9700000e+00
   1.9700000e+00
   1.9700000e+00
   1.9700000e+00
   1.9700000e+00
   1.9700000e+00
   1.9700000e+00
   1.9700000e+00
   1.9700000e+00
   1.9700000e+00
   1.9700000e+00
   1.9700000e+00
   1.9700000e+00
   1.9700000e+00
   1.9700000e+00
   1.9700000e+00
   1.9700000e+00
   1.9690000e+00
   1.9690000e+00
   1.9690000e+00
   1.9690000e+00
   1.9690000e+00
   1.9690000e+00
   1.9690000e+00
   1.9690000e+00
   1.9690000e+00
   1.9690000e+00
   1.9690000e+00
   1.9690000e+00
   1.9690000e+00
   1.9690000e+00
   1.9690000e+00
   1.9690000e+00
   1.9690000e+00
   1.9690000e+00
   1.9690000e+00
   1.9690000e+00
   1.9680000e+00
   1.9680000e+00
   1.9680000e+00
   1.9680000e+00
   1.9680000e+00
   1.9680000e+00
   1.9680000e+00
   1.9680000e+00
   1.9680000e+00
   1.9680000e+00
   1.9680000e+00
   1.9680000e+00
   1.9680000e+00
   1.9680000e+00
   1.9680000e+00
   1.9680000e+00
   1.9680000e+00
   1.9680000e+00
   1.9680000e+00
   1.9680000e+00
   1.9680000e+00
   1.9680000e+00
   1.9680000e+00
   1.9670000e+00
   1.9670000e+00
   1.9670000e+00
   1.9670000e+00
   1.9670000e+00
   1.9670000e+00
   1.9670000e+00
   1.9670000e+00
   1.9670000e+00
   1.9670000e+00
   1.9670000e+00
   1.9670000e+00
   1.9670000e+00
   1.9670000e+00
   1.9670000e+00
   1.9670000e+00
   1.9670000e+00
   1.9670000e+00
   1.9660000e+00
   1.9660000e+00
   1.9660000e+00
   1.9660000e+00
   1.9660000e+00
   1.9660000e+00
   1.9660000e+00
   1.9660000e+00
   1.9660000e+00
   1.9660000e+00
   1.9660000e+00
   1.9660000e+00
   1.9660000e+00
   1.9650000e+00
   1.9650000e+00
   1.9650000e+00
   1.9650000e+00
   1.9650000e+00
   1.9650000e+00
   1.9650000e+00
   1.9650000e+00
   1.9650000e+00
   1.9650000e+00
   1.9650000e+00
   1.9650000e+00
   1.9650000e+00
   1.9650000e+00
   1.9640000e+00
   1.9640000e+00
   1.9640000e+00
   1.9640000e+00
   1.9640000e+00
   1.9640000e+00
   1.9640000e+00
   1.9640000e+00
   1.9640000e+00
   1.9640000e+00
   1.9640000e+00
   1.9640000e+00
   1.9630000e+00
   1.9630000e+00
   1.9630000e+00
   1.9630000e+00
   1.9630000e+00
   1.9630000e+00
   1.9630000e+00
   1.9630000e+00
   1.9630000e+00
   1.9630000e+00
   1.9630000e+00
   1.9630000e+00
   1.9620000e+00
   1.9620000e+00
   1.9620000e+00
   1.9620000e+00
   1.9620000e+00
   1.9620000e+00
   1.9620000e+00
   1.9620000e+00
   1.9620000e+00
   1.9620000e+00
   1.9610000e+00
   1.9610000e+00
   1.9610000e+00
   1.9610000e+00
   1.9610000e+00
   1.9610000e+00
   1.9610000e+00
   1.9610000e+00
   1.9610000e+00
   1.9600000e+00
   1.9600000e+00
   1.9600000e+00
   1.9600000e+00
   1.9600000e+00
   1.9600000e+00
   1.9600000e+00
   1.9600000e+00
   1.9600000e+00
   1.9590000e+00
   1.9590000e+00
   1.9590000e+00
   1.9590000e+00
   1.9590000e+00
   1.9590000e+00
   1.9590000e+00
   1.9590000e+00
   1.9590000e+00
   1.9580000e+00
   1.9580000e+00
   1.9580000e+00
   1.9580000e+00
   1.9580000e+00
   1.9580000e+00
   1.9580000e+00
   1.9580000e+00
   1.9580000e+00
   1.9570000e+00
   1.9570000e+00
   1.9570000e+00
   1.9570000e+00
   1.9570000e+00
   1.9570000e+00
   1.9570000e+00
   1.9570000e+00
   1.9570000e+00
   1.9570000e+00
   1.9560000e+00
   1.9560000e+00
   1.9560000e+00
   1.9560000e+00
   1.9560000e+00
   1.9560000e+00
   1.9560000e+00
   1.9560000e+00
   1.9560000e+00
   1.9560000e+00
   1.9560000e+00
   1.9550000e+00
   1.9550000e+00
   1.9550000e+00
   1.9550000e+00
   1.9550000e+00
   1.9550000e+00
   1.9550000e+00
   1.9550000e+00
   1.9550000e+00
   1.9550000e+00
   1.9550000e+00
   1.9540000e+00
   1.9540000e+00
   1.9540000e+00
   1.9540000e+00
   1.9540000e+00
   1.9540000e+00
   1.9540000e+00
   1.9540000e+00
   1.9540000e+00
   1.9530000e+00
   1.9530000e+00
   1.9530000e+00
   1.9530000e+00
   1.9530000e+00
   1.9530000e+00
   1.9530000e+00
   1.9530000e+00
   1.9520000e+00
   1.9520000e+00
   1.9520000e+00
   1.9520000e+00
   1.9520000e+00
   1.9520000e+00
   1.9520000e+00
   1.9520000e+00
   1.9520000e+00
   1.9520000e+00
   1.9520000e+00
   1.9520000e+00
   1.9510000e+00
   1.9510000e+00
   1.9510000e+00
   1.9510000e+00
   1.9510000e+00
   1.9510000e+00
   1.9510000e+00
   1.9510000e+00
   1.9510000e+00
   1.9510000e+00
   1.9510000e+00
   1.9510000e+00
   1.9500000e+00
   1.9500000e+00
   1.9500000e+00
   1.9500000e+00
   1.9500000e+00
   1.9500000e+00
   1.9500000e+00
   1.9500000e+00
   1.9500000e+00
   1.9500000e+00
   1.9500000e+00
   1.9500000e+00
   1.9490000e+00
   1.9490000e+00
   1.9490000e+00
   1.9490000e+00
   1.9490000e+00
   1.9490000e+00
   1.9490000e+00
   1.9490000e+00
   1.9490000e+00
   1.9490000e+00
   1.9490000e+00
   1.9490000e+00
   1.9490000e+00
   1.9490000e+00
   1.9480000e+00
   1.9480000e+00
   1.9480000e+00
   1.9480000e+00
   1.9480000e+00
   1.9480000e+00
   1.9480000e+00
   1.9480000e+00
   1.9480000e+00
   1.9480000e+00
   1.9480000e+00
   1.9480000e+00
   1.9480000e+00
   1.9480000e+00
   1.9470000e+00
   1.9470000e+00
   1.9470000e+00
   1.9470000e+00
   1.9470000e+00
   1.9470000e+00
   1.9470000e+00
   1.9470000e+00
   1.9470000e+00
   1.9470000e+00
   1.9470000e+00
   1.9470000e+00
   1.9470000e+00
   1.9470000e+00
   1.9470000e+00
   1.9470000e+00
   1.9460000e+00
   1.9460000e+00
   1.9460000e+00
   1.9460000e+00
   1.9460000e+00
   1.9460000e+00
   1.9460000e+00
   1.9460000e+00
   1.9460000e+00
   1.9460000e+00
   1.9460000e+00
   1.9460000e+00
   1.9460000e+00
   1.9460000e+00
   1.9450000e+00
   1.9450000e+00
   1.9450000e+00
   1.9450000e+00
   1.9450000e+00
   1.9450000e+00
   1.9450000e+00
   1.9450000e+00
   1.9450000e+00
   1.9450000e+00
   1.9450000e+00
   1.9450000e+00
   1.9440000e+00
   1.9440000e+00
   1.9440000e+00
   1.9440000e+00
   1.9440000e+00
   1.9440000e+00
   1.9440000e+00
   1.9440000e+00
   1.9440000e+00
   1.9440000e+00
   1.9440000e+00
   1.9440000e+00
   1.9440000e+00
   1.9440000e+00
   1.9430000e+00
   1.9430000e+00
   1.9430000e+00
   1.9430000e+00
   1.9430000e+00
   1.9430000e+00
   1.9430000e+00
   1.9430000e+00
   1.9430000e+00
   1.9430000e+00
   1.9430000e+00
   1.9430000e+00
   1.9430000e+00
   1.9430000e+00
   1.9430000e+00
   1.9430000e+00
   1.9420000e+00
   1.9420000e+00
   1.9420000e+00
   1.9420000e+00
   1.9420000e+00
   1.9420000e+00
   1.9420000e+00
   1.9420000e+00
   1.9420000e+00
   1.9420000e+00
   1.9420000e+00
   1.9420000e+00
   1.9420000e+00
   1.9410000e+00
   1.9410000e+00
   1.9410000e+00
   1.9410000e+00
   1.9410000e+00
   1.9410000e+00
   1.9410000e+00
   1.9410000e+00
   1.9410000e+00
   1.9410000e+00
   1.9410000e+00
   1.9410000e+00
   1.9410000e+00
   1.9410000e+00
   1.9400000e+00
   1.9400000e+00
   1.9400000e+00
   1.9400000e+00
   1.9400000e+00
   1.9400000e+00
   1.9400000e+00
   1.9400000e+00
   1.9400000e+00
   1.9400000e+00
   1.9400000e+00
   1.9400000e+00
   1.9390000e+00
   1.9390000e+00
   1.9390000e+00
   1.9390000e+00
   1.9390000e+00
   1.9390000e+00
   1.9390000e+00
   1.9390000e+00
   1.9390000e+00
   1.9390000e+00
   1.9390000e+00
   1.9390000e+00
   1.9390000e+00
   1.9390000e+00
   1.9380000e+00
   1.9380000e+00
   1.9380000e+00
   1.9380000e+00
   1.9380000e+00
   1.9380000e+00
   1.9380000e+00
   1.9380000e+00
   1.9380000e+00
   1.9380000e+00
   1.9370000e+00
   1.9370000e+00
   1.9370000e+00
   1.9370000e+00
   1.9370000e+00
   1.9370000e+00
   1.9370000e+00
   1.9370000e+00
   1.9370000e+00
   1.9370000e+00
   1.9360000e+00
   1.9360000e+00
   1.9360000e+00
   1.9360000e+00
   1.9360000e+00
   1.9360000e+00
   1.9360000e+00
   1.9360000e+00
   1.9360000e+00
   1.9350000e+00
   1.9350000e+00
   1.9350000e+00
   1.9350000e+00
   1.9350000e+00
   1.9350000e+00
   1.9350000e+00
   1.9350000e+00
   1.9350000e+00
   1.9350000e+00
   1.9350000e+00
   1.9340000e+00
   1.9340000e+00
   1.9340000e+00
   1.9340000e+00
   1.9340000e+00
   1.9340000e+00
   1.9340000e+00
   1.9340000e+00
   1.9340000e+00
   1.9340000e+00
   1.9340000e+00
   1.9340000e+00
   1.9340000e+00
   1.9340000e+00
   1.9340000e+00
   1.9340000e+00
   1.9340000e+00
   1.9330000e+00
   1.9330000e+00
   1.9330000e+00
   1.9330000e+00
   1.9330000e+00
   1.9330000e+00
   1.9330000e+00
   1.9330000e+00
   1.9330000e+00
   1.9330000e+00
   1.9330000e+00
   1.9330000e+00
   1.9330000e+00
   1.9330000e+00
   1.9320000e+00
   1.9320000e+00
   1.9320000e+00
   1.9320000e+00
   1.9320000e+00
   1.9320000e+00
   1.9310000e+00
   1.9310000e+00
   1.9310000e+00
   1.9310000e+00
   1.9300000e+00
   1.9300000e+00
   1.9300000e+00
   1.9300000e+00
   1.9290000e+00
   1.9290000e+00
   1.9290000e+00
   1.9290000e+00
   1.9290000e+00
   1.9290000e+00
   1.9280000e+00
   1.9280000e+00
   1.9280000e+00
   1.9280000e+00
   1.9280000e+00
   1.9280000e+00
   1.9270000e+00
   1.9270000e+00
   1.9270000e+00
   1.9270000e+00
   1.9270000e+00
   1.9270000e+00
   1.9270000e+00
   1.9270000e+00
   1.9260000e+00
   1.9260000e+00
   1.9260000e+00
   1.9260000e+00
   1.9260000e+00
   1.9260000e+00
   1.9260000e+00
   1.9260000e+00
   1.9250000e+00
   1.9250000e+00
   1.9250000e+00
   1.9250000e+00
   1.9250000e+00
   1.9250000e+00
   1.9250000e+00
   1.9250000e+00
   1.9250000e+00
   1.9250000e+00
   1.9240000e+00
   1.9240000e+00
   1.9240000e+00
   1.9240000e+00
   1.9240000e+00
   1.9240000e+00
   1.9240000e+00
   1.9240000e+00
   1.9240000e+00
   1.9240000e+00
   1.9240000e+00
   1.9230000e+00
   1.9230000e+00
   1.9230000e+00
   1.9230000e+00
   1.9230000e+00
   1.9230000e+00
   1.9230000e+00
   1.9230000e+00
   1.9230000e+00
   1.9230000e+00
   1.9230000e+00
   1.9230000e+00
   1.9230000e+00
   1.9230000e+00
   1.9220000e+00
   1.9220000e+00
   1.9220000e+00
   1.9220000e+00
   1.9220000e+00
   1.9220000e+00
   1.9220000e+00
   1.9220000e+00
   1.9220000e+00
   1.9220000e+00
   1.9220000e+00
   1.9220000e+00
   1.9220000e+00
   1.9220000e+00
   1.9220000e+00
   1.9210000e+00
   1.9210000e+00
   1.9210000e+00
   1.9210000e+00
   1.9210000e+00
   1.9210000e+00
   1.9210000e+00
   1.9210000e+00
   1.9210000e+00
   1.9210000e+00
   1.9210000e+00
   1.9210000e+00
   1.9210000e+00
   1.9210000e+00
   1.9210000e+00
   1.9210000e+00
   1.9200000e+00
   1.9200000e+00
   1.9200000e+00
   1.9200000e+00
   1.9200000e+00
   1.9200000e+00
   1.9200000e+00
   1.9200000e+00
   1.9200000e+00
   1.9200000e+00
   1.9200000e+00
   1.9200000e+00
   1.9200000e+00
   1.9200000e+00
   1.9200000e+00
   1.9200000e+00
   1.9190000e+00
   1.9190000e+00
   1.9190000e+00
   1.9190000e+00
   1.9190000e+00
   1.9190000e+00
   1.9190000e+00
   1.9190000e+00
   1.9190000e+00
   1.9190000e+00
   1.9190000e+00
   1.9190000e+00
   1.9190000e+00
   1.9190000e+00
   1.9180000e+00
   1.9180000e+00
   1.9180000e+00
   1.9180000e+00
   1.9180000e+00
   1.9180000e+00
   1.9180000e+00
   1.9180000e+00
   1.9180000e+00
   1.9180000e+00
   1.9180000e+00
   1.9180000e+00
   1.9180000e+00
   1.9170000e+00
   1.9170000e+00
   1.9170000e+00
   1.9170000e+00
   1.9170000e+00
   1.9170000e+00
   1.9170000e+00
   1.9170000e+00
   1.9170000e+00
   1.9170000e+00
   1.9170000e+00
   1.9170000e+00
   1.9160000e+00
   1.9160000e+00
   1.9160000e+00
   1.9160000e+00
   1.9160000e+00
   1.9160000e+00
   1.9160000e+00
   1.9160000e+00
   1.9160000e+00
   1.9160000e+00
   1.9160000e+00
   1.9160000e+00
   1.9150000e+00
   1.9150000e+00
   1.9150000e+00
   1.9150000e+00
   1.9150000e+00
   1.9150000e+00
   1.9150000e+00
   1.9150000e+00
   1.9150000e+00
   1.9150000e+00
   1.9150000e+00
   1.9150000e+00
   1.9140000e+00
   1.9140000e+00
   1.9140000e+00
   1.9140000e+00
   1.9140000e+00
   1.9140000e+00
   1.9140000e+00
   1.9140000e+00
   1.9140000e+00
   1.9140000e+00
   1.9140000e+00
   1.9140000e+00
   1.9130000e+00
   1.9130000e+00
   1.9130000e+00
   1.9130000e+00
   1.9130000e+00
   1.9130000e+00
   1.9130000e+00
   1.9130000e+00
   1.9130000e+00
   1.9130000e+00
   1.9130000e+00
   1.9120000e+00
   1.9120000e+00
   1.9120000e+00
   1.9120000e+00
   1.9120000e+00
   1.9120000e+00
   1.9120000e+00
   1.9120000e+00
   1.9120000e+00
   1.9120000e+00
   1.9120000e+00
   1.9120000e+00
   1.9110000e+00
   1.9110000e+00
   1.9110000e+00
   1.9110000e+00
   1.9110000e+00
   1.9110000e+00
   1.9110000e+00
   1.9110000e+00
   1.9110000e+00
   1.9110000e+00
   1.9110000e+00
   1.9110000e+00
   1.9100000e+00
   1.9100000e+00
   1.9100000e+00
   1.9100000e+00
   1.9100000e+00
   1.9100000e+00
   1.9100000e+00
   1.9100000e+00
   1.9100000e+00
   1.9100000e+00
   1.9100000e+00
   1.9090000e+00
   1.9090000e+00
   1.9090000e+00
   1.9090000e+00
   1.9090000e+00
   1.9090000e+00
   1.9090000e+00
   1.9090000e+00
   1.9090000e+00
   1.9090000e+00
   1.9080000e+00
   1.9080000e+00
   1.9080000e+00
   1.9080000e+00
   1.9080000e+00
   1.9080000e+00
   1.9080000e+00
   1.9080000e+00
   1.9070000e+00
   1.9070000e+00
   1.9070000e+00
   1.9070000e+00
   1.9070000e+00
   1.9070000e+00
   1.9070000e+00
   1.9070000e+00
   1.9060000e+00
   1.9060000e+00
   1.9060000e+00
   1.9060000e+00
   1.9060000e+00
   1.9060000e+00
   1.9060000e+00
   1.9060000e+00
   1.9060000e+00
   1.9050000e+00
   1.9050000e+00
   1.9050000e+00
   1.9050000e+00
   1.9050000e+00
   1.9050000e+00
   1.9050000e+00
   1.9050000e+00
   1.9050000e+00
   1.9040000e+00
   1.9040000e+00
   1.9040000e+00
   1.9040000e+00
   1.9040000e+00
   1.9040000e+00
   1.9040000e+00
   1.9040000e+00
   1.9040000e+00
   1.9030000e+00
   1.9030000e+00
   1.9030000e+00
   1.9030000e+00
   1.9030000e+00
   1.9030000e+00
   1.9030000e+00
   1.9030000e+00
   1.9030000e+00
   1.9030000e+00
   1.9030000e+00
   1.9020000e+00
   1.9020000e+00
   1.9020000e+00
   1.9020000e+00
   1.9020000e+00
   1.9020000e+00
   1.9020000e+00
   1.9020000e+00
   1.9020000e+00
   1.9020000e+00
   1.9010000e+00
   1.9010000e+00
   1.9010000e+00
   1.9010000e+00
   1.9010000e+00
   1.9010000e+00
   1.9010000e+00
   1.9010000e+00
   1.9010000e+00
   1.9010000e+00
   1.9010000e+00
   1.9000000e+00
   1.9000000e+00
   1.9000000e+00
   1.9000000e+00
   1.9000000e+00
   1.9000000e+00
   1.9000000e+00
   1.9000000e+00
   1.9000000e+00
   1.9000000e+00
   1.9000000e+00
   1.9000000e+00
   1.9000000e+00
   1.9000000e+00
   1.8990000e+00
   1.8990000e+00
   1.8990000e+00
   1.8990000e+00
   1.8990000e+00
   1.8990000e+00
   1.8990000e+00
   1.8990000e+00
   1.8990000e+00
   1.8990000e+00
   1.8990000e+00
   1.8990000e+00
   1.8990000e+00
   1.8990000e+00
   1.8990000e+00
   1.8990000e+00
   1.8990000e+00
   1.8990000e+00
   1.8990000e+00
   1.8990000e+00
   1.8990000e+00
   1.8990000e+00
   1.8990000e+00
   1.8990000e+00
   1.8990000e+00
   1.8980000e+00
   1.8980000e+00
   1.8980000e+00
   1.8980000e+00
   1.8980000e+00
   1.8980000e+00
   1.8990000e+00
   1.8980000e+00
   1.8990000e+00
   1.8980000e+00
   1.8990000e+00
   1.8990000e+00
   1.8990000e+00
   1.8990000e+00
   1.8990000e+00
   1.8990000e+00
   1.8990000e+00
   1.8990000e+00
   1.8990000e+00
   1.8990000e+00
   1.8990000e+00
   1.8990000e+00
   1.8990000e+00
   1.8990000e+00
   1.8990000e+00
   1.8990000e+00
   1.8990000e+00
   1.8990000e+00
   1.8990000e+00
   1.8990000e+00
   1.8990000e+00
   1.8990000e+00
   1.8990000e+00
   1.8990000e+00
   1.8990000e+00
   1.8990000e+00
   1.8990000e+00
   1.8990000e+00
   1.9000000e+00
   1.9000000e+00
   1.9000000e+00
   1.9000000e+00
   1.9000000e+00
   1.9000000e+00
   1.9000000e+00
   1.9000000e+00
   1.9000000e+00
   1.9000000e+00
   1.9000000e+00
   1.9000000e+00
   1.9000000e+00
   1.9000000e+00
   1.9000000e+00
   1.9000000e+00
   1.9000000e+00
   1.9010000e+00
   1.9010000e+00
   1.9010000e+00
   1.9010000e+00
   1.9010000e+00
   1.9010000e+00
   1.9010000e+00
   1.9010000e+00
   1.9010000e+00
   1.9010000e+00
   1.9010000e+00
   1.9010000e+00
   1.9010000e+00
   1.9010000e+00
   1.9010000e+00
   1.9010000e+00
   1.9010000e+00
   1.9010000e+00
   1.9020000e+00
   1.9020000e+00
   1.9020000e+00
   1.9020000e+00
   1.9020000e+00
   1.9020000e+00
   1.9020000e+00
   1.9020000e+00
   1.9020000e+00
   1.9020000e+00
   1.9020000e+00
   1.9020000e+00
   1.9020000e+00
   1.9020000e+00
   1.9020000e+00
   1.9020000e+00
   1.9020000e+00
   1.9020000e+00
   1.9020000e+00
   1.9020000e+00
   1.9020000e+00
   1.9020000e+00
   1.9030000e+00
   1.9030000e+00
   1.9030000e+00
   1.9030000e+00
   1.9030000e+00
   1.9030000e+00
   1.9030000e+00
   1.9030000e+00
   1.9030000e+00
   1.9030000e+00
   1.9030000e+00
   1.9030000e+00
   1.9030000e+00
   1.9030000e+00
   1.9030000e+00
   1.9030000e+00
   1.9030000e+00
   1.9030000e+00
   1.9030000e+00
   1.9030000e+00
   1.9030000e+00
   1.9030000e+00
   1.9030000e+00
   1.9030000e+00
   1.9030000e+00
   1.9030000e+00
   1.9030000e+00
   1.9030000e+00
   1.9030000e+00
   1.9030000e+00
   1.9030000e+00
   1.9030000e+00
   1.9030000e+00
   1.9030000e+00
   1.9030000e+00
   1.9030000e+00
   1.9030000e+00
   1.9030000e+00
   1.9030000e+00
   1.9030000e+00
   1.9030000e+00
   1.9030000e+00
   1.9030000e+00
   1.9030000e+00
   1.9030000e+00
   1.9030000e+00
   1.9030000e+00
   1.9030000e+00
   1.9030000e+00
   1.9030000e+00
   1.9030000e+00
   1.9030000e+00
   1.9030000e+00
   1.9030000e+00
   1.9030000e+00
   1.9030000e+00
   1.9030000e+00
   1.9030000e+00
   1.9030000e+00
   1.9030000e+00
   1.9030000e+00
   1.9030000e+00
   1.9030000e+00
   1.9030000e+00
   1.9030000e+00
   1.9030000e+00
   1.9030000e+00
   1.9030000e+00
   1.9030000e+00
   1.9030000e+00
   1.9030000e+00
   1.9030000e+00
   1.9030000e+00
   1.9030000e+00
   1.9030000e+00
   1.9030000e+00
   1.9030000e+00
   1.9030000e+00
   1.9030000e+00
   1.9030000e+00
   1.9030000e+00
   1.9030000e+00
   1.9030000e+00
   1.9030000e+00
   1.9030000e+00
   1.9030000e+00
   1.9030000e+00
   1.9030000e+00
   1.9030000e+00
   1.9030000e+00
   1.9030000e+00
   1.9030000e+00
   1.9030000e+00
   1.9030000e+00
   1.9030000e+00
   1.9030000e+00
   1.9030000e+00
   1.9030000e+00
   1.9020000e+00
   1.9020000e+00
   1.9020000e+00
   1.9020000e+00
   1.9020000e+00
   1.9020000e+00
   1.9020000e+00
   1.9020000e+00
   1.9020000e+00
   1.9020000e+00
   1.9020000e+00
   1.9020000e+00
   1.9020000e+00
   1.9020000e+00
   1.9020000e+00
   1.9020000e+00
   1.9020000e+00
   1.9020000e+00
   1.9020000e+00
   1.9020000e+00
   1.9020000e+00
   1.9020000e+00
   1.9010000e+00
   1.9010000e+00
   1.9010000e+00
   1.9010000e+00
   1.9010000e+00
   1.9010000e+00
   1.9010000e+00
   1.9010000e+00
   1.9010000e+00
   1.9010000e+00
   1.9010000e+00
   1.9010000e+00
   1.9010000e+00
   1.9010000e+00
   1.9010000e+00
   1.9010000e+00
   1.9010000e+00
   1.9010000e+00
   1.9010000e+00
   1.9010000e+00
   1.9000000e+00
   1.9000000e+00
   1.9000000e+00
   1.9000000e+00
   1.9000000e+00
   1.9000000e+00
   1.9000000e+00
   1.9000000e+00
   1.9000000e+00
   1.9000000e+00
   1.9000000e+00
   1.9000000e+00
   1.9000000e+00
   1.9000000e+00
   1.9000000e+00
   1.9000000e+00
   1.9000000e+00
   1.9000000e+00
   1.9000000e+00
   1.9000000e+00
   1.9000000e+00
   1.9000000e+00
   1.9000000e+00
   1.9000000e+00
   1.8990000e+00
   1.8990000e+00
   1.8990000e+00
   1.8990000e+00
   1.8990000e+00
   1.8990000e+00
   1.8990000e+00
   1.8990000e+00
   1.8990000e+00
   1.8990000e+00
   1.8990000e+00
   1.8990000e+00
   1.8990000e+00
   1.8990000e+00
   1.8990000e+00
   1.8990000e+00
   1.8990000e+00
   1.8990000e+00
   1.8990000e+00
   1.8980000e+00
   1.8980000e+00
   1.8980000e+00
   1.8980000e+00
   1.8980000e+00
   1.8980000e+00
   1.8980000e+00
   1.8980000e+00
   1.8980000e+00
   1.8980000e+00
   1.8980000e+00
   1.8980000e+00
   1.8980000e+00
   1.8980000e+00
   1.8980000e+00
   1.8980000e+00
   1.8980000e+00
   1.8980000e+00
   1.8980000e+00
   1.8970000e+00
   1.8970000e+00
   1.8970000e+00
   1.8970000e+00
   1.8970000e+00
   1.8970000e+00
   1.8970000e+00
   1.8970000e+00
   1.8970000e+00
   1.8970000e+00
   1.8970000e+00
   1.8970000e+00
   1.8970000e+00
   1.8970000e+00
   1.8970000e+00
   1.8970000e+00
   1.8970000e+00
   1.8970000e+00
   1.8970000e+00
   1.8970000e+00
   1.8970000e+00
   1.8960000e+00
   1.8960000e+00
   1.8960000e+00
   1.8960000e+00
   1.8960000e+00
   1.8960000e+00
   1.8960000e+00
   1.8960000e+00
   1.8960000e+00
   1.8960000e+00
   1.8960000e+00
   1.8960000e+00
   1.8960000e+00
   1.8960000e+00
   1.8960000e+00
   1.8960000e+00
   1.8960000e+00
   1.8960000e+00
   1.8960000e+00
   1.8960000e+00
   1.8960000e+00
   1.8960000e+00
   1.8960000e+00
   1.8960000e+00
   1.8950000e+00
   1.8950000e+00
   1.8950000e+00
   1.8950000e+00
   1.8950000e+00
   1.8950000e+00
   1.8950000e+00
   1.8950000e+00
   1.8950000e+00
   1.8950000e+00
   1.8950000e+00
   1.8950000e+00
   1.8950000e+00
   1.8950000e+00
   1.8950000e+00
   1.8950000e+00
   1.8950000e+00
   1.8950000e+00
   1.8950000e+00
   1.8950000e+00
   1.8960000e+00
   1.8960000e+00
   1.8960000e+00
   1.8960000e+00
   1.8960000e+00
   1.8960000e+00
   1.8960000e+00
   1.8960000e+00
   1.8960000e+00
   1.8960000e+00
   1.8970000e+00
   1.8970000e+00
   1.8970000e+00
   1.8970000e+00
   1.8970000e+00
   1.8980000e+00
   1.8980000e+00
   1.8980000e+00
   1.8980000e+00
   1.8980000e+00
   1.8980000e+00
   1.8980000e+00
   1.8980000e+00
   1.8980000e+00
   1.8980000e+00
   1.8990000e+00
   1.8990000e+00
   1.8990000e+00
   1.8990000e+00
   1.8990000e+00
   1.8990000e+00
   1.8990000e+00
   1.8990000e+00
   1.8990000e+00
   1.8990000e+00
   1.8990000e+00
   1.8990000e+00
   1.8990000e+00
   1.8990000e+00
   1.8990000e+00
   1.8990000e+00
   1.8990000e+00
   1.8990000e+00
   1.8990000e+00
   1.8990000e+00
   1.8990000e+00
   1.8990000e+00
   1.8990000e+00
   1.8990000e+00
   1.8990000e+00
   1.8990000e+00
   1.8990000e+00
   1.8990000e+00
   1.8990000e+00
   1.8990000e+00
   1.8990000e+00
   1.8990000e+00
   1.8990000e+00
   1.8990000e+00
   1.8990000e+00
   1.8990000e+00
   1.8990000e+00
   1.8990000e+00
   1.8980000e+00
   1.8980000e+00
   1.8980000e+00
   1.8980000e+00
   1.8980000e+00
   1.8980000e+00
   1.8980000e+00
   1.8980000e+00
   1.8980000e+00
   1.8980000e+00
   1.8980000e+00
   1.8980000e+00
   1.8980000e+00
   1.8980000e+00
   1.8980000e+00
   1.8980000e+00
   1.8980000e+00
   1.8980000e+00
   1.8980000e+00
   1.8980000e+00
   1.8980000e+00
   1.8970000e+00
   1.8970000e+00
   1.8970000e+00
   1.8970000e+00
   1.8970000e+00
   1.8970000e+00
   1.8970000e+00
   1.8970000e+00
   1.8970000e+00
   1.8970000e+00
   1.8970000e+00
   1.8970000e+00
   1.8970000e+00
   1.8970000e+00
   1.8960000e+00
   1.8960000e+00
   1.8960000e+00
   1.8960000e+00
   1.8960000e+00
   1.8960000e+00
   1.8960000e+00
   1.8960000e+00
   1.8960000e+00
   1.8960000e+00
   1.8960000e+00
   1.8960000e+00
   1.8950000e+00
   1.8950000e+00
   1.8950000e+00
   1.8950000e+00
   1.8950000e+00
   1.8950000e+00
   1.8950000e+00
   1.8950000e+00
   1.8950000e+00
   1.8950000e+00
   1.8950000e+00
   1.8950000e+00
   1.8940000e+00
   1.8940000e+00
   1.8940000e+00
   1.8940000e+00
   1.8940000e+00
   1.8940000e+00
   1.8940000e+00
   1.8940000e+00
   1.8940000e+00
   1.8940000e+00
   1.8940000e+00
   1.8940000e+00
   1.8940000e+00
   1.8940000e+00
   1.8940000e+00
   1.8940000e+00
   1.8940000e+00
   1.8940000e+00
   1.8930000e+00
   1.8930000e+00
   1.8930000e+00
   1.8930000e+00
   1.8930000e+00
   1.8930000e+00
   1.8930000e+00
   1.8930000e+00
   1.8930000e+00
   1.8930000e+00
   1.8930000e+00
   1.8930000e+00
   1.8930000e+00
   1.8930000e+00
   1.8920000e+00
   1.8920000e+00
   1.8920000e+00
   1.8920000e+00
   1.8920000e+00
   1.8920000e+00
   1.8920000e+00
   1.8920000e+00
   1.8920000e+00
   1.8920000e+00
   1.8920000e+00
   1.8920000e+00
   1.8920000e+00
   1.8920000e+00
   1.8910000e+00
   1.8910000e+00
   1.8910000e+00
   1.8910000e+00
   1.8910000e+00
   1.8910000e+00
   1.8910000e+00
   1.8910000e+00
   1.8910000e+00
   1.8910000e+00
   1.8910000e+00
   1.8910000e+00
   1.8900000e+00
   1.8900000e+00
   1.8900000e+00
   1.8900000e+00
   1.8900000e+00
   1.8900000e+00
   1.8900000e+00
   1.8900000e+00
   1.8900000e+00
   1.8900000e+00
   1.8900000e+00
   1.8900000e+00
   1.8900000e+00
   1.8900000e+00
   1.8900000e+00
   1.8890000e+00
   1.8890000e+00
   1.8890000e+00
   1.8890000e+00
   1.8890000e+00
   1.8890000e+00
   1.8890000e+00
   1.8890000e+00
   1.8890000e+00
   1.8890000e+00
   1.8890000e+00
   1.8890000e+00
   1.8880000e+00
   1.8880000e+00
   1.8880000e+00
   1.8880000e+00
   1.8880000e+00
   1.8880000e+00
   1.8880000e+00
   1.8880000e+00
   1.8880000e+00
   1.8880000e+00
   1.8880000e+00
   1.8880000e+00
   1.8870000e+00
   1.8870000e+00
   1.8870000e+00
   1.8870000e+00
   1.8870000e+00
   1.8870000e+00
   1.8870000e+00
   1.8870000e+00
   1.8870000e+00
   1.8870000e+00
   1.8870000e+00
   1.8870000e+00
   1.8870000e+00
   1.8860000e+00
   1.8860000e+00
   1.8860000e+00
   1.8860000e+00
   1.8860000e+00
   1.8860000e+00
   1.8860000e+00
   1.8860000e+00
   1.8860000e+00
   1.8860000e+00
   1.8860000e+00
   1.8860000e+00
   1.8860000e+00
   1.8850000e+00
   1.8850000e+00
   1.8850000e+00
   1.8850000e+00
   1.8850000e+00
   1.8850000e+00
   1.8850000e+00
   1.8850000e+00
   1.8850000e+00
   1.8850000e+00
   1.8850000e+00
   1.8850000e+00
   1.8850000e+00
   1.8850000e+00
   1.8840000e+00
   1.8840000e+00
   1.8840000e+00
   1.8840000e+00
   1.8840000e+00
   1.8840000e+00
   1.8840000e+00
   1.8840000e+00
   1.8840000e+00
   1.8840000e+00
   1.8840000e+00
   1.8840000e+00
   1.8840000e+00
   1.8840000e+00
   1.8830000e+00
   1.8830000e+00
   1.8830000e+00
   1.8830000e+00
   1.8830000e+00
   1.8830000e+00
   1.8830000e+00
   1.8830000e+00
   1.8830000e+00
   1.8830000e+00
   1.8830000e+00
   1.8830000e+00
   1.8830000e+00
   1.8830000e+00
   1.8820000e+00
   1.8820000e+00
   1.8820000e+00
   1.8820000e+00
   1.8820000e+00
   1.8820000e+00
   1.8820000e+00
   1.8820000e+00
   1.8820000e+00
   1.8820000e+00
   1.8820000e+00
   1.8820000e+00
   1.8820000e+00
   1.8820000e+00
   1.8810000e+00
   1.8810000e+00
   1.8810000e+00
   1.8810000e+00
   1.8810000e+00
   1.8810000e+00
   1.8810000e+00
   1.8810000e+00
   1.8810000e+00
   1.8810000e+00
   1.8810000e+00
   1.8810000e+00
   1.8800000e+00
   1.8800000e+00
   1.8800000e+00
   1.8800000e+00
   1.8800000e+00
   1.8800000e+00
   1.8800000e+00
   1.8800000e+00
   1.8800000e+00
   1.8800000e+00
   1.8800000e+00
   1.8800000e+00
   1.8800000e+00
   1.8790000e+00
   1.8790000e+00
   1.8790000e+00
   1.8790000e+00
   1.8790000e+00
   1.8790000e+00
   1.8790000e+00
   1.8790000e+00
   1.8790000e+00
   1.8790000e+00
   1.8790000e+00
   1.8790000e+00
   1.8780000e+00
   1.8780000e+00
   1.8780000e+00
   1.8780000e+00
   1.8780000e+00
   1.8780000e+00
   1.8780000e+00
   1.8780000e+00
   1.8780000e+00
   1.8780000e+00
   1.8780000e+00
   1.8770000e+00
   1.8770000e+00
   1.8770000e+00
   1.8770000e+00
   1.8770000e+00
   1.8770000e+00
   1.8770000e+00
   1.8770000e+00
   1.8770000e+00
   1.8770000e+00
   1.8770000e+00
   1.8760000e+00
   1.8760000e+00
   1.8760000e+00
   1.8760000e+00
   1.8760000e+00
   1.8760000e+00
   1.8760000e+00
   1.8760000e+00
   1.8760000e+00
   1.8760000e+00
   1.8760000e+00
   1.8760000e+00
   1.8760000e+00
   1.8750000e+00
   1.8750000e+00
   1.8750000e+00
   1.8750000e+00
   1.8750000e+00
   1.8750000e+00
   1.8750000e+00
   1.8750000e+00
   1.8750000e+00
   1.8750000e+00
   1.8750000e+00
   1.8740000e+00
   1.8740000e+00
   1.8740000e+00
   1.8740000e+00
   1.8740000e+00
   1.8740000e+00
   1.8740000e+00
   1.8740000e+00
   1.8740000e+00
   1.8730000e+00
   1.8730000e+00
   1.8730000e+00
   1.8730000e+00
   1.8730000e+00
   1.8730000e+00
   1.8730000e+00
   1.8730000e+00
   1.8730000e+00
   1.8720000e+00
   1.8720000e+00
   1.8720000e+00
   1.8720000e+00
   1.8720000e+00
   1.8720000e+00
   1.8720000e+00
   1.8720000e+00
   1.8720000e+00
   1.8720000e+00
   1.8710000e+00
   1.8710000e+00
   1.8710000e+00
   1.8710000e+00
   1.8710000e+00
   1.8710000e+00
   1.8710000e+00
   1.8710000e+00
   1.8710000e+00
   1.8700000e+00
