   1.5180000e+00
   1.5180000e+00
   1.5180000e+00
   1.5180000e+00
   1.5180000e+00
   1.5180000e+00
   1.5180000e+00
   1.5170000e+00
   1.5170000e+00
   1.5170000e+00
   1.5170000e+00
   1.5170000e+00
   1.5160000e+00
   1.5160000e+00
   1.5160000e+00
   1.5160000e+00
   1.5160000e+00
   1.5150000e+00
   1.5150000e+00
   1.5150000e+00
   1.5150000e+00
   1.5150000e+00
   1.5140000e+00
   1.5140000e+00
   1.5140000e+00
   1.5140000e+00
   1.5130000e+00
   1.5130000e+00
   1.5130000e+00
   1.5130000e+00
   1.5130000e+00
   1.5120000e+00
   1.5120000e+00
   1.5120000e+00
   1.5120000e+00
   1.5120000e+00
   1.5110000e+00
   1.5110000e+00
   1.5110000e+00
   1.5110000e+00
   1.5100000e+00
   1.5100000e+00
   1.5100000e+00
   1.5100000e+00
   1.5100000e+00
   1.5090000e+00
   1.5090000e+00
   1.5090000e+00
   1.5090000e+00
   1.5090000e+00
   1.5080000e+00
   1.5080000e+00
   1.5080000e+00
   1.5080000e+00
   1.5080000e+00
   1.5070000e+00
   1.5070000e+00
   1.5070000e+00
   1.5070000e+00
   1.5070000e+00
   1.5060000e+00
   1.5060000e+00
   1.5060000e+00
   1.5060000e+00
   1.5050000e+00
   1.5050000e+00
   1.5050000e+00
   1.5050000e+00
   1.5050000e+00
   1.5040000e+00
   1.5040000e+00
   1.5040000e+00
   1.5040000e+00
   1.5040000e+00
   1.5030000e+00
   1.5030000e+00
   1.5030000e+00
   1.5030000e+00
   1.5030000e+00
   1.5020000e+00
   1.5020000e+00
   1.5020000e+00
   1.5020000e+00
   1.5020000e+00
   1.5020000e+00
   1.5010000e+00
   1.5010000e+00
   1.5010000e+00
   1.5010000e+00
   1.5010000e+00
   1.5000000e+00
   1.5000000e+00
   1.5000000e+00
   1.5000000e+00
   1.5000000e+00
   1.5000000e+00
   1.5000000e+00
   1.4990000e+00
   1.4990000e+00
   1.4990000e+00
   1.4990000e+00
   1.4990000e+00
   1.4990000e+00
   1.4990000e+00
   1.4990000e+00
   1.4990000e+00
   1.4990000e+00
   1.4990000e+00
   1.4980000e+00
   1.4980000e+00
   1.4980000e+00
   1.4980000e+00
   1.4980000e+00
   1.4980000e+00
   1.4980000e+00
   1.4980000e+00
   1.4980000e+00
   1.4980000e+00
   1.4980000e+00
   1.4980000e+00
   1.4980000e+00
   1.4980000e+00
   1.4980000e+00
   1.4970000e+00
   1.4970000e+00
   1.4970000e+00
   1.4970000e+00
   1.4970000e+00
   1.4970000e+00
   1.4970000e+00
   1.4970000e+00
   1.4970000e+00
   1.4970000e+00
   1.4970000e+00
   1.4960000e+00
   1.4960000e+00
   1.4960000e+00
   1.4960000e+00
   1.4960000e+00
   1.4960000e+00
   1.4960000e+00
   1.4950000e+00
   1.4950000e+00
   1.4950000e+00
   1.4950000e+00
   1.4950000e+00
   1.4950000e+00
   1.4940000e+00
   1.4940000e+00
   1.4940000e+00
   1.4940000e+00
   1.4940000e+00
   1.4940000e+00
   1.4930000e+00
   1.4930000e+00
   1.4930000e+00
   1.4930000e+00
   1.4930000e+00
   1.4920000e+00
   1.4920000e+00
   1.4920000e+00
   1.4920000e+00
   1.4920000e+00
   1.4910000e+00
   1.4910000e+00
   1.4910000e+00
   1.4910000e+00
   1.4910000e+00
   1.4900000e+00
   1.4900000e+00
   1.4900000e+00
   1.4900000e+00
   1.4900000e+00
   1.4890000e+00
   1.4890000e+00
   1.4890000e+00
   1.4890000e+00
   1.4880000e+00
   1.4880000e+00
   1.4880000e+00
   1.4880000e+00
   1.4870000e+00
   1.4870000e+00
   1.4870000e+00
   1.4870000e+00
   1.4870000e+00
   1.4860000e+00
   1.4860000e+00
   1.4860000e+00
   1.4860000e+00
   1.4850000e+00
   1.4850000e+00
   1.4850000e+00
   1.4850000e+00
   1.4850000e+00
   1.4840000e+00
   1.4840000e+00
   1.4840000e+00
   1.4840000e+00
   1.4830000e+00
   1.4830000e+00
   1.4830000e+00
   1.4830000e+00
   1.4820000e+00
   1.4820000e+00
   1.4820000e+00
   1.4820000e+00
   1.4820000e+00
   1.4810000e+00
   1.4810000e+00
   1.4810000e+00
   1.4810000e+00
   1.4800000e+00
   1.4800000e+00
   1.4800000e+00
   1.4800000e+00
   1.4800000e+00
   1.4790000e+00
   1.4790000e+00
   1.4790000e+00
   1.4790000e+00
   1.4780000e+00
   1.4780000e+00
   1.4780000e+00
   1.4780000e+00
   1.4780000e+00
   1.4770000e+00
   1.4770000e+00
   1.4770000e+00
   1.4770000e+00
   1.4770000e+00
   1.4760000e+00
   1.4760000e+00
   1.4760000e+00
   1.4760000e+00
   1.4760000e+00
   1.4750000e+00
   1.4750000e+00
   1.4750000e+00
   1.4750000e+00
   1.4750000e+00
   1.4740000e+00
   1.4740000e+00
   1.4740000e+00
   1.4740000e+00
   1.4740000e+00
   1.4730000e+00
   1.4730000e+00
   1.4730000e+00
   1.4730000e+00
   1.4730000e+00
   1.4730000e+00
   1.4720000e+00
   1.4720000e+00
   1.4720000e+00
   1.4720000e+00
   1.4720000e+00
   1.4710000e+00
   1.4710000e+00
   1.4710000e+00
   1.4710000e+00
   1.4710000e+00
   1.4710000e+00
   1.4700000e+00
   1.4700000e+00
   1.4700000e+00
   1.4700000e+00
   1.4700000e+00
   1.4700000e+00
   1.4690000e+00
   1.4690000e+00
   1.4690000e+00
   1.4690000e+00
   1.4690000e+00
   1.4680000e+00
   1.4680000e+00
   1.4680000e+00
   1.4680000e+00
   1.4680000e+00
   1.4680000e+00
   1.4670000e+00
   1.4670000e+00
   1.4670000e+00
   1.4670000e+00
   1.4670000e+00
   1.4670000e+00
   1.4660000e+00
   1.4660000e+00
   1.4660000e+00
   1.4660000e+00
   1.4660000e+00
   1.4650000e+00
   1.4650000e+00
   1.4650000e+00
   1.4650000e+00
   1.4650000e+00
   1.4650000e+00
   1.4650000e+00
   1.4640000e+00
   1.4640000e+00
   1.4640000e+00
   1.4640000e+00
   1.4640000e+00
   1.4640000e+00
   1.4630000e+00
   1.4630000e+00
   1.4630000e+00
   1.4630000e+00
   1.4630000e+00
   1.4630000e+00
   1.4630000e+00
   1.4620000e+00
   1.4620000e+00
   1.4620000e+00
   1.4620000e+00
   1.4620000e+00
   1.4620000e+00
   1.4620000e+00
   1.4610000e+00
   1.4610000e+00
   1.4610000e+00
   1.4610000e+00
   1.4610000e+00
   1.4610000e+00
   1.4610000e+00
   1.4600000e+00
   1.4600000e+00
   1.4600000e+00
   1.4600000e+00
   1.4600000e+00
   1.4600000e+00
   1.4600000e+00
   1.4590000e+00
   1.4590000e+00
   1.4590000e+00
   1.4590000e+00
   1.4590000e+00
   1.4590000e+00
   1.4590000e+00
   1.4580000e+00
   1.4580000e+00
   1.4580000e+00
   1.4580000e+00
   1.4580000e+00
   1.4580000e+00
   1.4580000e+00
   1.4570000e+00
   1.4570000e+00
   1.4570000e+00
   1.4570000e+00
   1.4570000e+00
   1.4570000e+00
   1.4570000e+00
   1.4560000e+00
   1.4560000e+00
   1.4560000e+00
   1.4560000e+00
   1.4560000e+00
   1.4560000e+00
   1.4560000e+00
   1.4550000e+00
   1.4550000e+00
   1.4550000e+00
   1.4550000e+00
   1.4550000e+00
   1.4550000e+00
   1.4550000e+00
   1.4540000e+00
   1.4540000e+00
   1.4540000e+00
   1.4540000e+00
   1.4540000e+00
   1.4540000e+00
   1.4530000e+00
   1.4530000e+00
   1.4530000e+00
   1.4530000e+00
   1.4530000e+00
   1.4530000e+00
   1.4530000e+00
   1.4520000e+00
   1.4520000e+00
   1.4520000e+00
   1.4520000e+00
   1.4520000e+00
   1.4520000e+00
   1.4520000e+00
   1.4520000e+00
   1.4520000e+00
   1.4510000e+00
   1.4510000e+00
   1.4510000e+00
   1.4510000e+00
   1.4510000e+00
   1.4510000e+00
   1.4510000e+00
   1.4510000e+00
   1.4510000e+00
   1.4510000e+00
   1.4510000e+00
   1.4510000e+00
   1.4510000e+00
   1.4510000e+00
   1.4510000e+00
   1.4510000e+00
   1.4500000e+00
   1.4500000e+00
   1.4500000e+00
   1.4500000e+00
   1.4500000e+00
   1.4500000e+00
   1.4500000e+00
   1.4500000e+00
   1.4500000e+00
   1.4500000e+00
   1.4500000e+00
   1.4500000e+00
   1.4490000e+00
   1.4490000e+00
   1.4490000e+00
   1.4490000e+00
   1.4490000e+00
   1.4490000e+00
   1.4490000e+00
   1.4490000e+00
   1.4490000e+00
   1.4480000e+00
   1.4480000e+00
   1.4480000e+00
   1.4480000e+00
   1.4480000e+00
   1.4480000e+00
   1.4480000e+00
   1.4470000e+00
   1.4470000e+00
   1.4470000e+00
   1.4470000e+00
   1.4470000e+00
   1.4470000e+00
   1.4470000e+00
   1.4460000e+00
   1.4460000e+00
   1.4460000e+00
   1.4460000e+00
   1.4460000e+00
   1.4460000e+00
   1.4460000e+00
   1.4460000e+00
   1.4450000e+00
   1.4450000e+00
   1.4450000e+00
   1.4450000e+00
   1.4450000e+00
   1.4450000e+00
   1.4450000e+00
   1.4450000e+00
   1.4450000e+00
   1.4450000e+00
   1.4450000e+00
   1.4450000e+00
   1.4450000e+00
   1.4450000e+00
   1.4450000e+00
   1.4450000e+00
   1.4450000e+00
   1.4450000e+00
   1.4450000e+00
   1.4450000e+00
   1.4450000e+00
   1.4450000e+00
   1.4450000e+00
   1.4450000e+00
   1.4450000e+00
   1.4450000e+00
   1.4450000e+00
   1.4450000e+00
   1.4450000e+00
   1.4450000e+00
   1.4450000e+00
   1.4450000e+00
   1.4450000e+00
   1.4450000e+00
   1.4450000e+00
   1.4450000e+00
   1.4450000e+00
   1.4450000e+00
   1.4450000e+00
   1.4450000e+00
   1.4450000e+00
   1.4450000e+00
   1.4450000e+00
   1.4450000e+00
   1.4450000e+00
   1.4450000e+00
   1.4450000e+00
   1.4450000e+00
   1.4450000e+00
   1.4450000e+00
   1.4450000e+00
   1.4450000e+00
   1.4450000e+00
   1.4450000e+00
   1.4450000e+00
   1.4450000e+00
   1.4450000e+00
   1.4440000e+00
   1.4440000e+00
   1.4440000e+00
   1.4440000e+00
   1.4440000e+00
   1.4440000e+00
   1.4440000e+00
   1.4440000e+00
   1.4430000e+00
   1.4430000e+00
   1.4430000e+00
   1.4430000e+00
   1.4430000e+00
   1.4430000e+00
   1.4430000e+00
   1.4420000e+00
   1.4420000e+00
   1.4420000e+00
   1.4420000e+00
   1.4420000e+00
   1.4420000e+00
   1.4420000e+00
   1.4410000e+00
   1.4410000e+00
   1.4410000e+00
   1.4410000e+00
   1.4410000e+00
   1.4410000e+00
   1.4410000e+00
   1.4400000e+00
   1.4400000e+00
   1.4400000e+00
   1.4400000e+00
   1.4400000e+00
   1.4400000e+00
   1.4390000e+00
   1.4390000e+00
   1.4390000e+00
   1.4390000e+00
   1.4390000e+00
   1.4390000e+00
   1.4390000e+00
   1.4380000e+00
   1.4380000e+00
   1.4380000e+00
   1.4380000e+00
   1.4380000e+00
   1.4380000e+00
   1.4370000e+00
   1.4370000e+00
   1.4370000e+00
   1.4370000e+00
   1.4370000e+00
   1.4370000e+00
   1.4370000e+00
   1.4360000e+00
   1.4360000e+00
   1.4360000e+00
   1.4360000e+00
   1.4360000e+00
   1.4360000e+00
   1.4360000e+00
   1.4350000e+00
   1.4350000e+00
   1.4350000e+00
   1.4350000e+00
   1.4350000e+00
   1.4350000e+00
   1.4340000e+00
   1.4340000e+00
   1.4340000e+00
   1.4340000e+00
   1.4340000e+00
   1.4340000e+00
   1.4330000e+00
   1.4330000e+00
   1.4330000e+00
   1.4330000e+00
   1.4330000e+00
   1.4330000e+00
   1.4320000e+00
   1.4320000e+00
   1.4320000e+00
   1.4320000e+00
   1.4320000e+00
   1.4320000e+00
   1.4310000e+00
   1.4310000e+00
   1.4310000e+00
   1.4310000e+00
   1.4310000e+00
   1.4310000e+00
   1.4300000e+00
   1.4300000e+00
   1.4300000e+00
   1.4300000e+00
   1.4300000e+00
   1.4300000e+00
   1.4300000e+00
   1.4290000e+00
   1.4290000e+00
   1.4290000e+00
   1.4290000e+00
   1.4290000e+00
   1.4290000e+00
   1.4290000e+00
   1.4280000e+00
   1.4280000e+00
   1.4280000e+00
   1.4280000e+00
   1.4280000e+00
   1.4280000e+00
   1.4270000e+00
   1.4270000e+00
   1.4270000e+00
   1.4270000e+00
   1.4270000e+00
   1.4270000e+00
   1.4270000e+00
   1.4270000e+00
   1.4260000e+00
   1.4260000e+00
   1.4260000e+00
   1.4260000e+00
   1.4260000e+00
   1.4260000e+00
   1.4260000e+00
   1.4260000e+00
   1.4260000e+00
   1.4250000e+00
   1.4250000e+00
   1.4250000e+00
   1.4250000e+00
   1.4250000e+00
   1.4250000e+00
   1.4250000e+00
   1.4250000e+00
   1.4250000e+00
   1.4250000e+00
   1.4250000e+00
   1.4250000e+00
   1.4250000e+00
   1.4250000e+00
   1.4250000e+00
   1.4250000e+00
   1.4250000e+00
   1.4250000e+00
   1.4250000e+00
   1.4250000e+00
   1.4250000e+00
   1.4250000e+00
   1.4250000e+00
   1.4250000e+00
   1.4250000e+00
   1.4250000e+00
   1.4250000e+00
   1.4250000e+00
   1.4250000e+00
   1.4250000e+00
   1.4250000e+00
   1.4250000e+00
   1.4250000e+00
   1.4260000e+00
   1.4260000e+00
   1.4260000e+00
   1.4260000e+00
   1.4260000e+00
   1.4260000e+00
   1.4260000e+00
   1.4260000e+00
   1.4260000e+00
   1.4260000e+00
   1.4270000e+00
   1.4270000e+00
   1.4270000e+00
   1.4270000e+00
   1.4270000e+00
   1.4270000e+00
   1.4270000e+00
   1.4270000e+00
   1.4270000e+00
   1.4270000e+00
   1.4270000e+00
   1.4270000e+00
   1.4270000e+00
   1.4280000e+00
   1.4280000e+00
   1.4280000e+00
   1.4280000e+00
   1.4280000e+00
   1.4280000e+00
   1.4280000e+00
   1.4280000e+00
   1.4280000e+00
   1.4280000e+00
   1.4280000e+00
   1.4280000e+00
   1.4280000e+00
   1.4280000e+00
   1.4290000e+00
   1.4290000e+00
   1.4290000e+00
   1.4290000e+00
   1.4290000e+00
   1.4290000e+00
   1.4290000e+00
   1.4290000e+00
   1.4290000e+00
   1.4280000e+00
   1.4280000e+00
   1.4280000e+00
   1.4280000e+00
   1.4280000e+00
   1.4280000e+00
   1.4280000e+00
   1.4280000e+00
   1.4280000e+00
   1.4280000e+00
   1.4280000e+00
   1.4280000e+00
   1.4280000e+00
   1.4280000e+00
   1.4270000e+00
   1.4270000e+00
   1.4270000e+00
   1.4270000e+00
   1.4270000e+00
   1.4270000e+00
   1.4270000e+00
   1.4270000e+00
   1.4260000e+00
   1.4260000e+00
   1.4260000e+00
   1.4260000e+00
   1.4260000e+00
   1.4260000e+00
   1.4250000e+00
   1.4250000e+00
   1.4250000e+00
   1.4250000e+00
   1.4250000e+00
   1.4250000e+00
   1.4240000e+00
   1.4240000e+00
   1.4240000e+00
   1.4240000e+00
   1.4240000e+00
   1.4240000e+00
   1.4230000e+00
   1.4230000e+00
   1.4230000e+00
   1.4230000e+00
   1.4230000e+00
   1.4230000e+00
   1.4220000e+00
   1.4220000e+00
   1.4220000e+00
   1.4220000e+00
   1.4220000e+00
   1.4210000e+00
   1.4210000e+00
   1.4210000e+00
   1.4210000e+00
   1.4210000e+00
   1.4210000e+00
   1.4210000e+00
   1.4200000e+00
   1.4200000e+00
   1.4200000e+00
   1.4200000e+00
   1.4200000e+00
   1.4200000e+00
   1.4190000e+00
   1.4190000e+00
   1.4190000e+00
   1.4190000e+00
   1.4190000e+00
   1.4190000e+00
   1.4180000e+00
   1.4180000e+00
   1.4180000e+00
   1.4180000e+00
   1.4180000e+00
   1.4180000e+00
   1.4170000e+00
   1.4170000e+00
   1.4170000e+00
   1.4170000e+00
   1.4170000e+00
   1.4170000e+00
   1.4170000e+00
   1.4160000e+00
   1.4160000e+00
   1.4160000e+00
   1.4160000e+00
   1.4160000e+00
   1.4160000e+00
   1.4160000e+00
   1.4160000e+00
   1.4150000e+00
   1.4150000e+00
   1.4150000e+00
   1.4150000e+00
   1.4150000e+00
   1.4150000e+00
   1.4150000e+00
   1.4140000e+00
   1.4140000e+00
   1.4140000e+00
   1.4140000e+00
   1.4140000e+00
   1.4140000e+00
   1.4140000e+00
   1.4140000e+00
   1.4140000e+00
   1.4130000e+00
   1.4130000e+00
   1.4130000e+00
   1.4130000e+00
   1.4130000e+00
   1.4130000e+00
   1.4130000e+00
   1.4130000e+00
   1.4130000e+00
   1.4130000e+00
   1.4130000e+00
   1.4130000e+00
   1.4120000e+00
   1.4120000e+00
   1.4120000e+00
   1.4120000e+00
   1.4120000e+00
   1.4120000e+00
   1.4120000e+00
   1.4120000e+00
   1.4120000e+00
   1.4120000e+00
   1.4120000e+00
   1.4120000e+00
   1.4120000e+00
   1.4120000e+00
   1.4120000e+00
   1.4110000e+00
   1.4110000e+00
   1.4110000e+00
   1.4110000e+00
   1.4110000e+00
   1.4110000e+00
   1.4110000e+00
   1.4110000e+00
   1.4110000e+00
   1.4110000e+00
   1.4110000e+00
   1.4110000e+00
   1.4110000e+00
   1.4100000e+00
   1.4100000e+00
   1.4100000e+00
   1.4100000e+00
   1.4100000e+00
   1.4100000e+00
   1.4100000e+00
   1.4100000e+00
   1.4100000e+00
   1.4100000e+00
   1.4100000e+00
   1.4090000e+00
   1.4090000e+00
   1.4090000e+00
   1.4090000e+00
   1.4090000e+00
   1.4090000e+00
   1.4090000e+00
   1.4090000e+00
   1.4090000e+00
   1.4080000e+00
   1.4080000e+00
   1.4080000e+00
   1.4080000e+00
   1.4080000e+00
   1.4080000e+00
   1.4080000e+00
   1.4080000e+00
   1.4080000e+00
   1.4080000e+00
   1.4070000e+00
   1.4070000e+00
   1.4070000e+00
   1.4070000e+00
   1.4070000e+00
   1.4070000e+00
   1.4070000e+00
   1.4070000e+00
   1.4070000e+00
   1.4060000e+00
   1.4060000e+00
   1.4060000e+00
   1.4060000e+00
   1.4060000e+00
   1.4060000e+00
   1.4060000e+00
   1.4060000e+00
   1.4060000e+00
   1.4050000e+00
   1.4050000e+00
   1.4050000e+00
   1.4050000e+00
   1.4050000e+00
   1.4050000e+00
   1.4050000e+00
   1.4050000e+00
   1.4050000e+00
   1.4050000e+00
   1.4050000e+00
   1.4050000e+00
   1.4050000e+00
   1.4050000e+00
   1.4050000e+00
   1.4050000e+00
   1.4040000e+00
   1.4040000e+00
   1.4040000e+00
   1.4040000e+00
   1.4040000e+00
   1.4040000e+00
   1.4040000e+00
   1.4040000e+00
   1.4040000e+00
   1.4040000e+00
   1.4040000e+00
   1.4040000e+00
   1.4040000e+00
   1.4040000e+00
   1.4040000e+00
   1.4040000e+00
   1.4040000e+00
   1.4040000e+00
   1.4040000e+00
   1.4040000e+00
   1.4040000e+00
   1.4040000e+00
   1.4040000e+00
   1.4050000e+00
   1.4050000e+00
   1.4050000e+00
   1.4050000e+00
   1.4050000e+00
   1.4050000e+00
   1.4060000e+00
   1.4060000e+00
   1.4060000e+00
   1.4060000e+00
   1.4070000e+00
   1.4070000e+00
   1.4070000e+00
   1.4080000e+00
   1.4080000e+00
   1.4080000e+00
   1.4080000e+00
   1.4090000e+00
   1.4090000e+00
   1.4090000e+00
   1.4100000e+00
   1.4100000e+00
   1.4100000e+00
   1.4110000e+00
   1.4110000e+00
   1.4110000e+00
   1.4110000e+00
   1.4120000e+00
   1.4120000e+00
   1.4120000e+00
   1.4120000e+00
   1.4130000e+00
   1.4130000e+00
   1.4130000e+00
   1.4130000e+00
   1.4130000e+00
   1.4140000e+00
   1.4140000e+00
   1.4140000e+00
   1.4140000e+00
   1.4140000e+00
   1.4140000e+00
   1.4140000e+00
   1.4140000e+00
   1.4140000e+00
   1.4140000e+00
   1.4140000e+00
   1.4140000e+00
   1.4140000e+00
   1.4140000e+00
   1.4140000e+00
   1.4140000e+00
   1.4140000e+00
   1.4140000e+00
   1.4140000e+00
   1.4140000e+00
   1.4140000e+00
   1.4140000e+00
   1.4140000e+00
   1.4140000e+00
   1.4140000e+00
   1.4130000e+00
   1.4130000e+00
   1.4130000e+00
   1.4130000e+00
   1.4130000e+00
   1.4130000e+00
   1.4130000e+00
   1.4120000e+00
   1.4120000e+00
   1.4120000e+00
   1.4120000e+00
   1.4120000e+00
   1.4120000e+00
   1.4110000e+00
   1.4110000e+00
   1.4110000e+00
   1.4110000e+00
   1.4110000e+00
   1.4100000e+00
   1.4100000e+00
   1.4100000e+00
   1.4100000e+00
   1.4100000e+00
   1.4100000e+00
   1.4090000e+00
   1.4090000e+00
   1.4090000e+00
   1.4090000e+00
   1.4090000e+00
   1.4080000e+00
   1.4080000e+00
   1.4080000e+00
   1.4080000e+00
   1.4080000e+00
   1.4070000e+00
   1.4070000e+00
   1.4070000e+00
   1.4070000e+00
   1.4070000e+00
   1.4060000e+00
   1.4060000e+00
   1.4060000e+00
   1.4060000e+00
   1.4060000e+00
   1.4060000e+00
   1.4050000e+00
   1.4050000e+00
   1.4050000e+00
   1.4050000e+00
   1.4050000e+00
   1.4040000e+00
   1.4040000e+00
   1.4040000e+00
   1.4040000e+00
   1.4040000e+00
   1.4040000e+00
   1.4030000e+00
   1.4030000e+00
   1.4030000e+00
   1.4030000e+00
   1.4030000e+00
   1.4020000e+00
   1.4020000e+00
   1.4020000e+00
   1.4020000e+00
   1.4020000e+00
   1.4020000e+00
   1.4010000e+00
   1.4010000e+00
   1.4010000e+00
   1.4010000e+00
   1.4010000e+00
   1.4010000e+00
   1.4000000e+00
   1.4000000e+00
   1.4000000e+00
   1.4000000e+00
   1.4000000e+00
   1.3990000e+00
   1.3990000e+00
   1.3990000e+00
   1.3990000e+00
   1.3990000e+00
   1.3990000e+00
   1.3980000e+00
   1.3980000e+00
   1.3980000e+00
   1.3980000e+00
   1.3980000e+00
   1.3980000e+00
   1.3970000e+00
   1.3970000e+00
   1.3970000e+00
   1.3970000e+00
   1.3970000e+00
   1.3970000e+00
   1.3970000e+00
   1.3960000e+00
   1.3960000e+00
   1.3960000e+00
   1.3960000e+00
   1.3960000e+00
   1.3960000e+00
   1.3960000e+00
   1.3950000e+00
   1.3950000e+00
   1.3950000e+00
   1.3950000e+00
   1.3950000e+00
   1.3950000e+00
   1.3950000e+00
   1.3940000e+00
   1.3940000e+00
   1.3940000e+00
   1.3940000e+00
   1.3940000e+00
   1.3940000e+00
   1.3940000e+00
   1.3940000e+00
   1.3930000e+00
   1.3930000e+00
   1.3930000e+00
   1.3930000e+00
   1.3930000e+00
   1.3930000e+00
   1.3930000e+00
   1.3930000e+00
   1.3930000e+00
   1.3930000e+00
   1.3930000e+00
   1.3930000e+00
   1.3930000e+00
   1.3930000e+00
   1.3930000e+00
   1.3930000e+00
   1.3930000e+00
   1.3930000e+00
   1.3930000e+00
   1.3930000e+00
   1.3930000e+00
   1.3930000e+00
   1.3930000e+00
   1.3930000e+00
   1.3930000e+00
   1.3930000e+00
   1.3930000e+00
   1.3930000e+00
   1.3930000e+00
   1.3930000e+00
   1.3930000e+00
   1.3930000e+00
   1.3930000e+00
   1.3930000e+00
   1.3930000e+00
   1.3930000e+00
   1.3930000e+00
   1.3930000e+00
   1.3930000e+00
   1.3930000e+00
   1.3930000e+00
   1.3930000e+00
   1.3930000e+00
   1.3930000e+00
   1.3920000e+00
   1.3920000e+00
   1.3920000e+00
   1.3920000e+00
   1.3920000e+00
   1.3920000e+00
   1.3920000e+00
   1.3920000e+00
   1.3920000e+00
   1.3910000e+00
   1.3910000e+00
   1.3910000e+00
   1.3910000e+00
   1.3910000e+00
   1.3910000e+00
   1.3910000e+00
   1.3900000e+00
   1.3900000e+00
   1.3900000e+00
   1.3900000e+00
   1.3900000e+00
   1.3900000e+00
   1.3890000e+00
   1.3890000e+00
   1.3890000e+00
   1.3890000e+00
   1.3890000e+00
   1.3890000e+00
   1.3880000e+00
   1.3880000e+00
   1.3880000e+00
   1.3880000e+00
   1.3880000e+00
   1.3880000e+00
   1.3870000e+00
   1.3870000e+00
   1.3870000e+00
   1.3870000e+00
   1.3870000e+00
   1.3870000e+00
   1.3860000e+00
   1.3860000e+00
   1.3860000e+00
   1.3860000e+00
   1.3860000e+00
   1.3860000e+00
   1.3850000e+00
   1.3850000e+00
   1.3850000e+00
   1.3850000e+00
   1.3850000e+00
   1.3850000e+00
   1.3840000e+00
   1.3840000e+00
   1.3840000e+00
   1.3840000e+00
   1.3840000e+00
   1.3840000e+00
   1.3840000e+00
   1.3830000e+00
   1.3830000e+00
   1.3830000e+00
   1.3830000e+00
   1.3830000e+00
   1.3830000e+00
   1.3820000e+00
   1.3820000e+00
   1.3820000e+00
   1.3820000e+00
   1.3820000e+00
   1.3820000e+00
   1.3820000e+00
   1.3810000e+00
   1.3810000e+00
   1.3810000e+00
   1.3810000e+00
   1.3810000e+00
   1.3810000e+00
   1.3810000e+00
   1.3800000e+00
   1.3800000e+00
   1.3800000e+00
   1.3800000e+00
   1.3800000e+00
   1.3800000e+00
   1.3790000e+00
   1.3790000e+00
   1.3790000e+00
   1.3790000e+00
   1.3790000e+00
   1.3790000e+00
   1.3790000e+00
   1.3780000e+00
   1.3780000e+00
   1.3780000e+00
   1.3780000e+00
   1.3780000e+00
   1.3780000e+00
   1.3780000e+00
   1.3770000e+00
   1.3770000e+00
   1.3770000e+00
   1.3770000e+00
   1.3770000e+00
   1.3770000e+00
   1.3770000e+00
   1.3760000e+00
   1.3760000e+00
   1.3760000e+00
   1.3760000e+00
   1.3760000e+00
   1.3760000e+00
   1.3760000e+00
   1.3750000e+00
   1.3750000e+00
   1.3750000e+00
   1.3750000e+00
   1.3750000e+00
   1.3750000e+00
   1.3750000e+00
   1.3750000e+00
   1.3750000e+00
   1.3740000e+00
   1.3740000e+00
   1.3740000e+00
   1.3740000e+00
   1.3740000e+00
   1.3740000e+00
   1.3740000e+00
   1.3740000e+00
   1.3740000e+00
   1.3730000e+00
   1.3730000e+00
   1.3730000e+00
   1.3730000e+00
   1.3730000e+00
   1.3730000e+00
   1.3730000e+00
   1.3730000e+00
   1.3720000e+00
   1.3720000e+00
   1.3720000e+00
   1.3720000e+00
   1.3720000e+00
   1.3720000e+00
   1.3720000e+00
   1.3720000e+00
   1.3710000e+00
   1.3710000e+00
   1.3710000e+00
   1.3710000e+00
   1.3710000e+00
   1.3710000e+00
   1.3710000e+00
   1.3710000e+00
   1.3710000e+00
   1.3700000e+00
   1.3700000e+00
   1.3700000e+00
   1.3700000e+00
   1.3700000e+00
   1.3700000e+00
   1.3700000e+00
   1.3700000e+00
   1.3700000e+00
   1.3700000e+00
   1.3690000e+00
   1.3690000e+00
   1.3690000e+00
   1.3690000e+00
   1.3690000e+00
   1.3690000e+00
   1.3690000e+00
   1.3690000e+00
   1.3690000e+00
   1.3680000e+00
   1.3680000e+00
   1.3680000e+00
   1.3680000e+00
   1.3680000e+00
   1.3680000e+00
   1.3680000e+00
   1.3680000e+00
   1.3680000e+00
   1.3680000e+00
   1.3670000e+00
   1.3670000e+00
   1.3670000e+00
   1.3670000e+00
   1.3670000e+00
   1.3670000e+00
   1.3670000e+00
   1.3670000e+00
   1.3670000e+00
   1.3670000e+00
   1.3670000e+00
   1.3660000e+00
   1.3660000e+00
   1.3660000e+00
   1.3660000e+00
   1.3660000e+00
   1.3660000e+00
   1.3660000e+00
   1.3660000e+00
   1.3660000e+00
   1.3660000e+00
   1.3660000e+00
   1.3650000e+00
   1.3650000e+00
   1.3650000e+00
   1.3650000e+00
   1.3650000e+00
   1.3650000e+00
   1.3650000e+00
   1.3650000e+00
   1.3650000e+00
   1.3650000e+00
   1.3640000e+00
   1.3640000e+00
   1.3640000e+00
   1.3640000e+00
   1.3640000e+00
   1.3640000e+00
   1.3640000e+00
   1.3640000e+00
   1.3640000e+00
   1.3640000e+00
   1.3640000e+00
   1.3630000e+00
   1.3630000e+00
   1.3630000e+00
   1.3630000e+00
   1.3630000e+00
   1.3630000e+00
   1.3630000e+00
   1.3630000e+00
   1.3630000e+00
   1.3630000e+00
   1.3620000e+00
   1.3620000e+00
   1.3620000e+00
   1.3620000e+00
   1.3620000e+00
   1.3620000e+00
   1.3620000e+00
   1.3620000e+00
   1.3620000e+00
   1.3620000e+00
   1.3620000e+00
   1.3610000e+00
   1.3610000e+00
   1.3610000e+00
   1.3610000e+00
   1.3610000e+00
   1.3610000e+00
   1.3610000e+00
   1.3610000e+00
   1.3610000e+00
   1.3610000e+00
   1.3600000e+00
   1.3600000e+00
   1.3600000e+00
   1.3600000e+00
   1.3600000e+00
   1.3600000e+00
   1.3600000e+00
   1.3600000e+00
   1.3600000e+00
   1.3600000e+00
   1.3590000e+00
   1.3590000e+00
   1.3590000e+00
   1.3590000e+00
   1.3590000e+00
   1.3590000e+00
   1.3590000e+00
   1.3590000e+00
   1.3590000e+00
   1.3590000e+00
   1.3590000e+00
   1.3580000e+00
   1.3580000e+00
   1.3580000e+00
   1.3580000e+00
   1.3580000e+00
   1.3580000e+00
   1.3580000e+00
   1.3580000e+00
   1.3580000e+00
   1.3570000e+00
   1.3570000e+00
   1.3570000e+00
   1.3570000e+00
   1.3570000e+00
   1.3570000e+00
   1.3570000e+00
   1.3570000e+00
   1.3570000e+00
   1.3570000e+00
   1.3560000e+00
   1.3560000e+00
   1.3560000e+00
   1.3560000e+00
   1.3560000e+00
   1.3560000e+00
   1.3560000e+00
   1.3560000e+00
   1.3560000e+00
   1.3550000e+00
   1.3550000e+00
   1.3550000e+00
   1.3550000e+00
   1.3550000e+00
   1.3550000e+00
   1.3550000e+00
   1.3550000e+00
   1.3550000e+00
   1.3550000e+00
   1.3550000e+00
   1.3550000e+00
   1.3550000e+00
   1.3550000e+00
   1.3550000e+00
   1.3550000e+00
   1.3550000e+00
   1.3550000e+00
   1.3550000e+00
   1.3550000e+00
   1.3550000e+00
   1.3550000e+00
   1.3550000e+00
   1.3550000e+00
   1.3550000e+00
   1.3550000e+00
   1.3550000e+00
   1.3560000e+00
   1.3560000e+00
   1.3560000e+00
   1.3560000e+00
   1.3560000e+00
   1.3560000e+00
   1.3560000e+00
   1.3560000e+00
   1.3560000e+00
   1.3560000e+00
   1.3560000e+00
   1.3560000e+00
   1.3570000e+00
   1.3570000e+00
   1.3570000e+00
   1.3570000e+00
   1.3570000e+00
   1.3570000e+00
   1.3570000e+00
   1.3570000e+00
   1.3570000e+00
   1.3570000e+00
   1.3570000e+00
   1.3570000e+00
   1.3570000e+00
   1.3570000e+00
   1.3570000e+00
   1.3570000e+00
   1.3570000e+00
   1.3570000e+00
   1.3570000e+00
   1.3570000e+00
   1.3570000e+00
   1.3570000e+00
   1.3570000e+00
   1.3570000e+00
   1.3570000e+00
   1.3570000e+00
   1.3570000e+00
   1.3570000e+00
   1.3560000e+00
   1.3560000e+00
   1.3560000e+00
   1.3560000e+00
   1.3560000e+00
   1.3560000e+00
   1.3560000e+00
   1.3560000e+00
   1.3560000e+00
   1.3560000e+00
   1.3560000e+00
   1.3560000e+00
   1.3550000e+00
   1.3550000e+00
   1.3550000e+00
   1.3550000e+00
   1.3550000e+00
   1.3550000e+00
   1.3550000e+00
   1.3550000e+00
   1.3550000e+00
   1.3550000e+00
   1.3550000e+00
   1.3550000e+00
   1.3540000e+00
   1.3540000e+00
   1.3540000e+00
   1.3540000e+00
   1.3540000e+00
   1.3540000e+00
   1.3540000e+00
   1.3540000e+00
   1.3540000e+00
   1.3540000e+00
   1.3530000e+00
   1.3530000e+00
   1.3530000e+00
   1.3530000e+00
   1.3530000e+00
   1.3530000e+00
   1.3530000e+00
   1.3530000e+00
   1.3530000e+00
   1.3520000e+00
   1.3520000e+00
   1.3520000e+00
   1.3520000e+00
   1.3520000e+00
   1.3520000e+00
   1.3520000e+00
   1.3520000e+00
   1.3520000e+00
   1.3510000e+00
   1.3510000e+00
   1.3510000e+00
   1.3510000e+00
   1.3510000e+00
   1.3510000e+00
   1.3510000e+00
   1.3510000e+00
   1.3510000e+00
   1.3510000e+00
   1.3500000e+00
   1.3500000e+00
   1.3500000e+00
   1.3500000e+00
   1.3500000e+00
   1.3500000e+00
   1.3500000e+00
   1.3500000e+00
   1.3500000e+00
   1.3500000e+00
   1.3490000e+00
   1.3490000e+00
   1.3490000e+00
   1.3490000e+00
   1.3490000e+00
   1.3490000e+00
   1.3490000e+00
   1.3490000e+00
   1.3490000e+00
   1.3490000e+00
   1.3490000e+00
   1.3480000e+00
   1.3480000e+00
   1.3480000e+00
   1.3480000e+00
   1.3480000e+00
   1.3480000e+00
   1.3480000e+00
   1.3480000e+00
   1.3480000e+00
   1.3480000e+00
   1.3480000e+00
   1.3470000e+00
   1.3470000e+00
   1.3470000e+00
   1.3470000e+00
   1.3470000e+00
   1.3470000e+00
   1.3470000e+00
   1.3470000e+00
   1.3470000e+00
   1.3470000e+00
   1.3470000e+00
   1.3470000e+00
   1.3470000e+00
   1.3470000e+00
   1.3470000e+00
   1.3470000e+00
   1.3470000e+00
   1.3470000e+00
   1.3470000e+00
   1.3470000e+00
   1.3460000e+00
   1.3460000e+00
   1.3460000e+00
   1.3460000e+00
   1.3460000e+00
   1.3460000e+00
   1.3460000e+00
   1.3460000e+00
   1.3460000e+00
   1.3460000e+00
   1.3460000e+00
   1.3460000e+00
   1.3460000e+00
   1.3460000e+00
   1.3460000e+00
   1.3460000e+00
   1.3450000e+00
   1.3450000e+00
   1.3450000e+00
   1.3450000e+00
   1.3450000e+00
   1.3450000e+00
   1.3450000e+00
   1.3450000e+00
   1.3450000e+00
   1.3440000e+00
   1.3440000e+00
   1.3440000e+00
   1.3440000e+00
   1.3440000e+00
   1.3440000e+00
   1.3440000e+00
   1.3440000e+00
   1.3440000e+00
   1.3430000e+00
   1.3430000e+00
   1.3430000e+00
   1.3430000e+00
   1.3430000e+00
   1.3430000e+00
   1.3430000e+00
   1.3430000e+00
   1.3430000e+00
   1.3420000e+00
   1.3420000e+00
   1.3420000e+00
   1.3420000e+00
   1.3420000e+00
   1.3420000e+00
   1.3420000e+00
   1.3420000e+00
   1.3410000e+00
   1.3410000e+00
   1.3410000e+00
   1.3410000e+00
   1.3410000e+00
   1.3410000e+00
   1.3410000e+00
   1.3410000e+00
   1.3400000e+00
   1.3400000e+00
   1.3400000e+00
   1.3400000e+00
   1.3400000e+00
   1.3400000e+00
   1.3400000e+00
   1.3400000e+00
   1.3390000e+00
   1.3390000e+00
   1.3390000e+00
   1.3390000e+00
   1.3390000e+00
   1.3390000e+00
   1.3390000e+00
   1.3390000e+00
   1.3380000e+00
   1.3380000e+00
   1.3380000e+00
   1.3380000e+00
   1.3380000e+00
   1.3380000e+00
   1.3380000e+00
   1.3380000e+00
   1.3380000e+00
   1.3370000e+00
   1.3370000e+00
   1.3370000e+00
   1.3370000e+00
   1.3370000e+00
   1.3370000e+00
   1.3370000e+00
   1.3370000e+00
   1.3360000e+00
   1.3360000e+00
   1.3360000e+00
   1.3360000e+00
   1.3360000e+00
   1.3360000e+00
   1.3360000e+00
   1.3360000e+00
   1.3360000e+00
   1.3350000e+00
   1.3350000e+00
   1.3350000e+00
   1.3350000e+00
   1.3350000e+00
   1.3350000e+00
   1.3350000e+00
   1.3350000e+00
   1.3350000e+00
   1.3350000e+00
   1.3340000e+00
   1.3340000e+00
   1.3340000e+00
   1.3340000e+00
   1.3340000e+00
   1.3340000e+00
   1.3340000e+00
   1.3340000e+00
   1.3340000e+00
   1.3340000e+00
   1.3330000e+00
   1.3330000e+00
   1.3330000e+00
   1.3330000e+00
   1.3330000e+00
   1.3330000e+00
   1.3330000e+00
   1.3330000e+00
   1.3330000e+00
   1.3320000e+00
   1.3320000e+00
   1.3320000e+00
   1.3320000e+00
   1.3320000e+00
   1.3320000e+00
   1.3320000e+00
   1.3320000e+00
   1.3320000e+00
   1.3310000e+00
   1.3310000e+00
   1.3310000e+00
   1.3310000e+00
   1.3310000e+00
   1.3310000e+00
   1.3310000e+00
   1.3310000e+00
   1.3310000e+00
   1.3300000e+00
   1.3300000e+00
   1.3300000e+00
   1.3300000e+00
   1.3300000e+00
   1.3300000e+00
   1.3300000e+00
   1.3300000e+00
   1.3290000e+00
   1.3290000e+00
   1.3290000e+00
   1.3290000e+00
   1.3290000e+00
   1.3290000e+00
   1.3290000e+00
   1.3290000e+00
   1.3290000e+00
   1.3280000e+00
   1.3280000e+00
   1.3280000e+00
   1.3280000e+00
   1.3280000e+00
   1.3280000e+00
   1.3280000e+00
   1.3280000e+00
   1.3270000e+00
   1.3270000e+00
   1.3270000e+00
   1.3270000e+00
   1.3270000e+00
   1.3270000e+00
   1.3270000e+00
   1.3270000e+00
   1.3270000e+00
   1.3270000e+00
   1.3260000e+00
   1.3260000e+00
   1.3260000e+00
   1.3260000e+00
   1.3260000e+00
   1.3260000e+00
   1.3260000e+00
   1.3260000e+00
   1.3250000e+00
   1.3250000e+00
   1.3250000e+00
   1.3250000e+00
   1.3250000e+00
   1.3250000e+00
   1.3250000e+00
   1.3250000e+00
   1.3250000e+00
   1.3240000e+00
   1.3240000e+00
   1.3240000e+00
   1.3240000e+00
   1.3240000e+00
   1.3240000e+00
   1.3240000e+00
   1.3240000e+00
   1.3240000e+00
   1.3240000e+00
   1.3240000e+00
   1.3240000e+00
   1.3230000e+00
   1.3230000e+00
   1.3230000e+00
   1.3230000e+00
   1.3230000e+00
   1.3230000e+00
   1.3230000e+00
   1.3230000e+00
   1.3230000e+00
   1.3230000e+00
   1.3230000e+00
   1.3230000e+00
   1.3230000e+00
   1.3230000e+00
   1.3230000e+00
   1.3230000e+00
   1.3230000e+00
   1.3230000e+00
   1.3230000e+00
   1.3230000e+00
   1.3230000e+00
   1.3230000e+00
   1.3230000e+00
   1.3230000e+00
   1.3230000e+00
   1.3230000e+00
   1.3230000e+00
   1.3230000e+00
   1.3230000e+00
   1.3230000e+00
   1.3230000e+00
   1.3230000e+00
   1.3230000e+00
   1.3230000e+00
   1.3230000e+00
   1.3230000e+00
   1.3230000e+00
   1.3230000e+00
   1.3230000e+00
   1.3230000e+00
   1.3230000e+00
   1.3230000e+00
   1.3230000e+00
   1.3230000e+00
   1.3230000e+00
   1.3230000e+00
   1.3230000e+00
   1.3230000e+00
   1.3230000e+00
   1.3220000e+00
   1.3220000e+00
   1.3220000e+00
   1.3220000e+00
   1.3220000e+00
   1.3220000e+00
   1.3220000e+00
   1.3220000e+00
   1.3220000e+00
   1.3220000e+00
   1.3220000e+00
   1.3220000e+00
   1.3220000e+00
   1.3220000e+00
   1.3210000e+00
   1.3210000e+00
   1.3210000e+00
   1.3210000e+00
   1.3210000e+00
   1.3210000e+00
   1.3210000e+00
   1.3210000e+00
   1.3210000e+00
   1.3200000e+00
   1.3200000e+00
   1.3200000e+00
   1.3200000e+00
   1.3200000e+00
   1.3200000e+00
   1.3200000e+00
   1.3200000e+00
   1.3200000e+00
   1.3190000e+00
   1.3190000e+00
   1.3190000e+00
   1.3190000e+00
   1.3190000e+00
   1.3190000e+00
   1.3190000e+00
   1.3180000e+00
   1.3180000e+00
   1.3180000e+00
   1.3180000e+00
   1.3180000e+00
   1.3180000e+00
   1.3180000e+00
   1.3180000e+00
   1.3170000e+00
   1.3170000e+00
   1.3170000e+00
   1.3170000e+00
   1.3170000e+00
   1.3170000e+00
   1.3170000e+00
   1.3170000e+00
   1.3160000e+00
   1.3160000e+00
   1.3160000e+00
   1.3160000e+00
   1.3160000e+00
   1.3160000e+00
   1.3160000e+00
   1.3160000e+00
   1.3150000e+00
   1.3150000e+00
   1.3150000e+00
   1.3150000e+00
   1.3150000e+00
   1.3150000e+00
   1.3150000e+00
   1.3150000e+00
   1.3140000e+00
   1.3140000e+00
   1.3140000e+00
   1.3140000e+00
   1.3140000e+00
   1.3140000e+00
   1.3140000e+00
   1.3140000e+00
   1.3140000e+00
   1.3130000e+00
   1.3130000e+00
   1.3130000e+00
   1.3130000e+00
   1.3130000e+00
   1.3130000e+00
   1.3130000e+00
   1.3130000e+00
   1.3130000e+00
   1.3120000e+00
   1.3120000e+00
   1.3120000e+00
   1.3120000e+00
   1.3120000e+00
   1.3120000e+00
   1.3120000e+00
   1.3120000e+00
   1.3120000e+00
   1.3120000e+00
   1.3110000e+00
   1.3110000e+00
   1.3110000e+00
   1.3110000e+00
   1.3110000e+00
   1.3110000e+00
   1.3110000e+00
   1.3110000e+00
   1.3110000e+00
   1.3100000e+00
   1.3100000e+00
   1.3100000e+00
   1.3100000e+00
   1.3100000e+00
   1.3100000e+00
   1.3100000e+00
   1.3100000e+00
   1.3100000e+00
   1.3100000e+00
   1.3090000e+00
   1.3090000e+00
   1.3090000e+00
   1.3090000e+00
   1.3090000e+00
   1.3090000e+00
   1.3090000e+00
   1.3090000e+00
   1.3090000e+00
   1.3090000e+00
   1.3080000e+00
   1.3080000e+00
   1.3080000e+00
   1.3080000e+00
   1.3080000e+00
   1.3080000e+00
   1.3080000e+00
   1.3080000e+00
   1.3080000e+00
   1.3080000e+00
   1.3080000e+00
   1.3080000e+00
   1.3070000e+00
   1.3070000e+00
   1.3070000e+00
   1.3070000e+00
   1.3070000e+00
   1.3070000e+00
   1.3070000e+00
   1.3070000e+00
   1.3070000e+00
   1.3070000e+00
   1.3070000e+00
   1.3070000e+00
   1.3060000e+00
   1.3060000e+00
   1.3060000e+00
   1.3060000e+00
   1.3060000e+00
   1.3060000e+00
   1.3060000e+00
   1.3060000e+00
   1.3060000e+00
   1.3060000e+00
   1.3060000e+00
   1.3060000e+00
   1.3050000e+00
   1.3050000e+00
   1.3050000e+00
   1.3050000e+00
   1.3050000e+00
   1.3050000e+00
   1.3050000e+00
   1.3050000e+00
   1.3050000e+00
   1.3050000e+00
   1.3050000e+00
   1.3040000e+00
   1.3040000e+00
   1.3040000e+00
   1.3040000e+00
   1.3040000e+00
   1.3040000e+00
   1.3040000e+00
   1.3040000e+00
   1.3040000e+00
   1.3040000e+00
   1.3040000e+00
   1.3030000e+00
   1.3030000e+00
   1.3030000e+00
   1.3030000e+00
   1.3030000e+00
   1.3030000e+00
   1.3030000e+00
   1.3030000e+00
   1.3030000e+00
   1.3030000e+00
   1.3030000e+00
   1.3020000e+00
   1.3020000e+00
   1.3020000e+00
   1.3020000e+00
   1.3020000e+00
   1.3020000e+00
   1.3020000e+00
   1.3020000e+00
   1.3020000e+00
   1.3020000e+00
   1.3020000e+00
   1.3010000e+00
   1.3010000e+00
   1.3010000e+00
   1.3010000e+00
   1.3010000e+00
   1.3010000e+00
   1.3010000e+00
   1.3010000e+00
   1.3010000e+00
   1.3010000e+00
   1.3000000e+00
   1.3000000e+00
   1.3000000e+00
   1.3000000e+00
   1.3000000e+00
   1.3000000e+00
   1.3000000e+00
   1.3000000e+00
   1.3000000e+00
   1.3000000e+00
   1.2990000e+00
   1.2990000e+00
   1.2990000e+00
   1.2990000e+00
   1.2990000e+00
   1.2990000e+00
   1.2990000e+00
   1.2990000e+00
   1.2990000e+00
   1.2990000e+00
   1.2990000e+00
   1.2980000e+00
   1.2980000e+00
   1.2980000e+00
   1.2980000e+00
   1.2980000e+00
   1.2980000e+00
   1.2980000e+00
   1.2980000e+00
   1.2980000e+00
   1.2980000e+00
   1.2970000e+00
   1.2970000e+00
   1.2970000e+00
   1.2970000e+00
   1.2970000e+00
   1.2970000e+00
   1.2970000e+00
   1.2970000e+00
   1.2970000e+00
   1.2970000e+00
   1.2970000e+00
   1.2970000e+00
   1.2970000e+00
   1.2970000e+00
   1.2970000e+00
   1.2970000e+00
   1.2970000e+00
   1.2970000e+00
   1.2970000e+00
   1.2970000e+00
   1.2970000e+00
   1.2970000e+00
   1.2970000e+00
   1.2970000e+00
   1.2970000e+00
   1.2980000e+00
   1.2980000e+00
   1.2980000e+00
   1.2980000e+00
   1.2990000e+00
   1.2990000e+00
   1.3000000e+00
   1.3000000e+00
   1.3000000e+00
   1.3010000e+00
   1.3010000e+00
   1.3020000e+00
   1.3030000e+00
   1.3030000e+00
   1.3040000e+00
   1.3040000e+00
   1.3050000e+00
   1.3060000e+00
   1.3060000e+00
   1.3070000e+00
   1.3080000e+00
   1.3090000e+00
   1.3090000e+00
   1.3100000e+00
   1.3110000e+00
   1.3120000e+00
   1.3120000e+00
   1.3130000e+00
   1.3140000e+00
   1.3150000e+00
   1.3160000e+00
   1.3160000e+00
   1.3170000e+00
   1.3180000e+00
   1.3180000e+00
   1.3190000e+00
   1.3200000e+00
   1.3200000e+00
   1.3210000e+00
   1.3220000e+00
   1.3220000e+00
   1.3230000e+00
   1.3230000e+00
   1.3240000e+00
   1.3240000e+00
   1.3250000e+00
   1.3250000e+00
   1.3260000e+00
   1.3260000e+00
   1.3270000e+00
   1.3270000e+00
   1.3270000e+00
   1.3280000e+00
   1.3280000e+00
   1.3280000e+00
   1.3280000e+00
   1.3290000e+00
   1.3290000e+00
   1.3290000e+00
   1.3290000e+00
   1.3300000e+00
   1.3300000e+00
   1.3300000e+00
   1.3300000e+00
   1.3300000e+00
   1.3300000e+00
   1.3300000e+00
   1.3310000e+00
   1.3310000e+00
   1.3310000e+00
   1.3310000e+00
   1.3310000e+00
   1.3310000e+00
   1.3310000e+00
   1.3310000e+00
   1.3310000e+00
   1.3310000e+00
   1.3310000e+00
   1.3310000e+00
   1.3310000e+00
   1.3310000e+00
   1.3310000e+00
   1.3310000e+00
   1.3310000e+00
   1.3310000e+00
   1.3310000e+00
   1.3310000e+00
   1.3310000e+00
   1.3310000e+00
   1.3310000e+00
   1.3310000e+00
   1.3310000e+00
   1.3310000e+00
   1.3310000e+00
   1.3310000e+00
   1.3310000e+00
   1.3310000e+00
   1.3310000e+00
   1.3310000e+00
   1.3310000e+00
   1.3310000e+00
   1.3300000e+00
   1.3300000e+00
   1.3300000e+00
   1.3300000e+00
   1.3300000e+00
   1.3300000e+00
   1.3300000e+00
   1.3300000e+00
   1.3300000e+00
   1.3300000e+00
   1.3300000e+00
   1.3300000e+00
   1.3300000e+00
   1.3290000e+00
   1.3290000e+00
   1.3290000e+00
   1.3290000e+00
   1.3290000e+00
   1.3290000e+00
   1.3290000e+00
   1.3290000e+00
   1.3290000e+00
   1.3280000e+00
   1.3280000e+00
   1.3280000e+00
   1.3280000e+00
   1.3280000e+00
   1.3280000e+00
   1.3280000e+00
   1.3280000e+00
   1.3280000e+00
   1.3280000e+00
   1.3270000e+00
   1.3270000e+00
   1.3270000e+00
   1.3270000e+00
   1.3270000e+00
   1.3270000e+00
   1.3270000e+00
   1.3270000e+00
   1.3260000e+00
   1.3260000e+00
   1.3260000e+00
   1.3260000e+00
   1.3260000e+00
   1.3260000e+00
   1.3260000e+00
   1.3260000e+00
   1.3260000e+00
   1.3250000e+00
   1.3250000e+00
   1.3250000e+00
   1.3250000e+00
   1.3250000e+00
   1.3250000e+00
   1.3250000e+00
   1.3250000e+00
   1.3250000e+00
   1.3250000e+00
   1.3240000e+00
   1.3240000e+00
   1.3240000e+00
   1.3240000e+00
   1.3240000e+00
   1.3240000e+00
   1.3240000e+00
   1.3240000e+00
   1.3240000e+00
   1.3240000e+00
   1.3230000e+00
   1.3230000e+00
   1.3230000e+00
   1.3230000e+00
   1.3230000e+00
   1.3230000e+00
   1.3230000e+00
   1.3230000e+00
   1.3230000e+00
   1.3230000e+00
   1.3230000e+00
   1.3220000e+00
   1.3220000e+00
   1.3220000e+00
   1.3220000e+00
   1.3220000e+00
   1.3220000e+00
   1.3220000e+00
   1.3220000e+00
   1.3220000e+00
   1.3220000e+00
   1.3220000e+00
   1.3210000e+00
   1.3210000e+00
   1.3210000e+00
   1.3210000e+00
   1.3210000e+00
   1.3210000e+00
   1.3210000e+00
   1.3210000e+00
   1.3210000e+00
   1.3210000e+00
   1.3210000e+00
   1.3200000e+00
   1.3200000e+00
   1.3200000e+00
   1.3200000e+00
   1.3200000e+00
   1.3200000e+00
   1.3200000e+00
   1.3200000e+00
   1.3200000e+00
   1.3200000e+00
   1.3190000e+00
   1.3190000e+00
   1.3190000e+00
   1.3190000e+00
   1.3190000e+00
   1.3190000e+00
   1.3190000e+00
   1.3190000e+00
   1.3190000e+00
   1.3190000e+00
   1.3180000e+00
   1.3180000e+00
   1.3180000e+00
   1.3180000e+00
   1.3180000e+00
   1.3180000e+00
   1.3180000e+00
   1.3180000e+00
   1.3180000e+00
   1.3180000e+00
   1.3170000e+00
   1.3170000e+00
   1.3170000e+00
   1.3170000e+00
   1.3170000e+00
   1.3170000e+00
   1.3170000e+00
   1.3170000e+00
   1.3170000e+00
   1.3160000e+00
   1.3160000e+00
   1.3160000e+00
   1.3160000e+00
   1.3160000e+00
   1.3160000e+00
   1.3160000e+00
   1.3160000e+00
   1.3160000e+00
   1.3160000e+00
   1.3160000e+00
   1.3150000e+00
   1.3150000e+00
   1.3150000e+00
   1.3150000e+00
   1.3150000e+00
   1.3150000e+00
   1.3150000e+00
   1.3150000e+00
   1.3150000e+00
   1.3150000e+00
   1.3140000e+00
   1.3140000e+00
   1.3140000e+00
   1.3140000e+00
   1.3140000e+00
   1.3140000e+00
   1.3140000e+00
   1.3140000e+00
   1.3140000e+00
   1.3140000e+00
   1.3140000e+00
   1.3140000e+00
   1.3130000e+00
   1.3130000e+00
   1.3130000e+00
   1.3130000e+00
   1.3130000e+00
   1.3130000e+00
   1.3130000e+00
   1.3130000e+00
   1.3130000e+00
   1.3130000e+00
   1.3130000e+00
   1.3120000e+00
   1.3120000e+00
   1.3120000e+00
   1.3120000e+00
   1.3120000e+00
   1.3120000e+00
   1.3120000e+00
   1.3120000e+00
   1.3120000e+00
   1.3120000e+00
   1.3120000e+00
   1.3110000e+00
   1.3110000e+00
   1.3110000e+00
   1.3110000e+00
   1.3110000e+00
   1.3110000e+00
   1.3110000e+00
   1.3110000e+00
   1.3110000e+00
   1.3110000e+00
   1.3110000e+00
   1.3110000e+00
   1.3110000e+00
   1.3110000e+00
   1.3100000e+00
   1.3100000e+00
   1.3100000e+00
   1.3100000e+00
   1.3100000e+00
   1.3100000e+00
   1.3100000e+00
   1.3100000e+00
   1.3100000e+00
   1.3100000e+00
   1.3100000e+00
   1.3100000e+00
   1.3100000e+00
   1.3100000e+00
   1.3100000e+00
   1.3100000e+00
   1.3100000e+00
   1.3100000e+00
   1.3100000e+00
   1.3100000e+00
   1.3100000e+00
   1.3100000e+00
   1.3100000e+00
   1.3100000e+00
   1.3110000e+00
   1.3110000e+00
   1.3110000e+00
   1.3110000e+00
   1.3110000e+00
   1.3110000e+00
   1.3110000e+00
   1.3110000e+00
   1.3110000e+00
   1.3110000e+00
   1.3110000e+00
   1.3110000e+00
   1.3110000e+00
   1.3110000e+00
   1.3110000e+00
   1.3110000e+00
   1.3110000e+00
   1.3110000e+00
   1.3110000e+00
   1.3110000e+00
   1.3110000e+00
   1.3110000e+00
   1.3110000e+00
   1.3110000e+00
   1.3110000e+00
   1.3110000e+00
   1.3110000e+00
   1.3110000e+00
   1.3110000e+00
   1.3110000e+00
   1.3110000e+00
   1.3110000e+00
   1.3110000e+00
   1.3110000e+00
   1.3110000e+00
   1.3110000e+00
   1.3110000e+00
   1.3110000e+00
   1.3110000e+00
   1.3110000e+00
   1.3110000e+00
   1.3110000e+00
   1.3110000e+00
   1.3110000e+00
   1.3100000e+00
   1.3100000e+00
   1.3100000e+00
   1.3100000e+00
   1.3100000e+00
   1.3100000e+00
   1.3100000e+00
   1.3100000e+00
   1.3100000e+00
   1.3090000e+00
   1.3090000e+00
   1.3090000e+00
   1.3090000e+00
   1.3090000e+00
   1.3090000e+00
   1.3090000e+00
   1.3090000e+00
   1.3090000e+00
   1.3080000e+00
   1.3080000e+00
   1.3080000e+00
   1.3080000e+00
   1.3080000e+00
   1.3080000e+00
   1.3080000e+00
   1.3080000e+00
   1.3070000e+00
   1.3070000e+00
   1.3070000e+00
   1.3070000e+00
   1.3070000e+00
   1.3070000e+00
   1.3070000e+00
   1.3070000e+00
   1.3060000e+00
   1.3060000e+00
   1.3060000e+00
   1.3060000e+00
   1.3060000e+00
   1.3060000e+00
   1.3060000e+00
   1.3060000e+00
   1.3060000e+00
   1.3060000e+00
   1.3050000e+00
   1.3050000e+00
   1.3050000e+00
   1.3050000e+00
   1.3050000e+00
   1.3050000e+00
   1.3050000e+00
   1.3050000e+00
   1.3050000e+00
   1.3040000e+00
   1.3040000e+00
   1.3040000e+00
   1.3040000e+00
   1.3040000e+00
   1.3040000e+00
   1.3040000e+00
   1.3040000e+00
   1.3040000e+00
   1.3040000e+00
   1.3030000e+00
   1.3030000e+00
   1.3030000e+00
   1.3030000e+00
   1.3030000e+00
   1.3030000e+00
   1.3030000e+00
   1.3030000e+00
   1.3030000e+00
   1.3020000e+00
   1.3020000e+00
   1.3020000e+00
   1.3020000e+00
   1.3020000e+00
   1.3020000e+00
   1.3020000e+00
   1.3020000e+00
   1.3020000e+00
   1.3010000e+00
   1.3010000e+00
   1.3010000e+00
   1.3010000e+00
   1.3010000e+00
   1.3010000e+00
   1.3010000e+00
   1.3010000e+00
   1.3010000e+00
   1.3010000e+00
   1.3010000e+00
   1.3000000e+00
   1.3000000e+00
   1.3000000e+00
   1.3000000e+00
   1.3000000e+00
   1.3000000e+00
   1.3000000e+00
   1.3000000e+00
   1.3000000e+00
   1.2990000e+00
   1.2990000e+00
   1.2990000e+00
   1.2990000e+00
   1.2990000e+00
   1.2990000e+00
   1.2990000e+00
   1.2990000e+00
   1.2990000e+00
   1.2990000e+00
   1.2980000e+00
   1.2980000e+00
   1.2980000e+00
   1.2980000e+00
   1.2980000e+00
   1.2980000e+00
   1.2980000e+00
   1.2980000e+00
   1.2980000e+00
   1.2970000e+00
   1.2970000e+00
   1.2970000e+00
   1.2970000e+00
   1.2970000e+00
   1.2970000e+00
   1.2970000e+00
   1.2970000e+00
   1.2960000e+00
   1.2960000e+00
   1.2960000e+00
   1.2960000e+00
   1.2960000e+00
   1.2960000e+00
   1.2960000e+00
   1.2960000e+00
   1.2960000e+00
   1.2950000e+00
   1.2950000e+00
   1.2950000e+00
   1.2950000e+00
   1.2950000e+00
   1.2950000e+00
   1.2950000e+00
   1.2950000e+00
   1.2940000e+00
   1.2940000e+00
   1.2940000e+00
   1.2940000e+00
   1.2940000e+00
   1.2940000e+00
   1.2940000e+00
   1.2940000e+00
   1.2930000e+00
   1.2930000e+00
   1.2930000e+00
   1.2930000e+00
   1.2930000e+00
   1.2930000e+00
   1.2930000e+00
   1.2930000e+00
   1.2920000e+00
   1.2920000e+00
   1.2920000e+00
   1.2920000e+00
   1.2920000e+00
   1.2920000e+00
   1.2920000e+00
   1.2920000e+00
   1.2920000e+00
   1.2910000e+00
   1.2910000e+00
   1.2910000e+00
   1.2910000e+00
   1.2910000e+00
   1.2910000e+00
   1.2910000e+00
   1.2910000e+00
   1.2910000e+00
   1.2910000e+00
   1.2900000e+00
   1.2900000e+00
   1.2900000e+00
   1.2900000e+00
   1.2900000e+00
   1.2900000e+00
   1.2900000e+00
   1.2900000e+00
   1.2900000e+00
   1.2900000e+00
   1.2890000e+00
   1.2890000e+00
   1.2890000e+00
   1.2890000e+00
   1.2890000e+00
   1.2890000e+00
   1.2890000e+00
   1.2890000e+00
   1.2890000e+00
   1.2890000e+00
   1.2880000e+00
   1.2880000e+00
   1.2880000e+00
   1.2880000e+00
   1.2880000e+00
   1.2880000e+00
   1.2880000e+00
   1.2880000e+00
   1.2880000e+00
   1.2880000e+00
   1.2880000e+00
   1.2870000e+00
   1.2870000e+00
   1.2870000e+00
   1.2870000e+00
   1.2870000e+00
   1.2870000e+00
   1.2870000e+00
   1.2870000e+00
   1.2870000e+00
   1.2870000e+00
   1.2870000e+00
   1.2870000e+00
   1.2870000e+00
   1.2870000e+00
   1.2860000e+00
   1.2860000e+00
   1.2860000e+00
   1.2860000e+00
   1.2860000e+00
   1.2860000e+00
   1.2860000e+00
   1.2860000e+00
   1.2860000e+00
   1.2860000e+00
   1.2860000e+00
   1.2860000e+00
   1.2860000e+00
   1.2860000e+00
   1.2860000e+00
   1.2860000e+00
   1.2860000e+00
   1.2850000e+00
   1.2850000e+00
   1.2850000e+00
   1.2850000e+00
   1.2850000e+00
   1.2850000e+00
   1.2850000e+00
   1.2850000e+00
   1.2850000e+00
   1.2850000e+00
   1.2850000e+00
   1.2850000e+00
   1.2850000e+00
   1.2850000e+00
   1.2840000e+00
   1.2840000e+00
   1.2840000e+00
   1.2840000e+00
   1.2840000e+00
   1.2840000e+00
   1.2840000e+00
   1.2840000e+00
   1.2840000e+00
   1.2840000e+00
   1.2840000e+00
   1.2830000e+00
   1.2830000e+00
   1.2830000e+00
   1.2830000e+00
   1.2830000e+00
   1.2830000e+00
   1.2830000e+00
   1.2830000e+00
   1.2830000e+00
   1.2830000e+00
   1.2830000e+00
   1.2820000e+00
   1.2820000e+00
   1.2820000e+00
   1.2820000e+00
   1.2820000e+00
   1.2820000e+00
   1.2820000e+00
   1.2820000e+00
   1.2820000e+00
   1.2820000e+00
   1.2820000e+00
   1.2810000e+00
   1.2810000e+00
   1.2810000e+00
   1.2810000e+00
   1.2810000e+00
   1.2810000e+00
   1.2810000e+00
   1.2810000e+00
   1.2810000e+00
   1.2800000e+00
   1.2800000e+00
   1.2800000e+00
   1.2800000e+00
   1.2800000e+00
   1.2800000e+00
   1.2800000e+00
   1.2800000e+00
   1.2800000e+00
   1.2790000e+00
   1.2790000e+00
   1.2790000e+00
   1.2790000e+00
   1.2790000e+00
   1.2790000e+00
   1.2790000e+00
   1.2790000e+00
   1.2790000e+00
   1.2780000e+00
   1.2780000e+00
   1.2780000e+00
   1.2780000e+00
   1.2780000e+00
   1.2780000e+00
   1.2780000e+00
   1.2780000e+00
   1.2780000e+00
   1.2780000e+00
   1.2780000e+00
   1.2770000e+00
   1.2770000e+00
   1.2770000e+00
   1.2770000e+00
   1.2770000e+00
   1.2770000e+00
   1.2770000e+00
   1.2770000e+00
   1.2770000e+00
   1.2770000e+00
   1.2770000e+00
   1.2770000e+00
   1.2770000e+00
   1.2760000e+00
   1.2760000e+00
   1.2760000e+00
   1.2760000e+00
   1.2760000e+00
   1.2760000e+00
   1.2760000e+00
   1.2760000e+00
   1.2760000e+00
   1.2760000e+00
   1.2760000e+00
   1.2760000e+00
   1.2760000e+00
   1.2760000e+00
   1.2760000e+00
   1.2760000e+00
   1.2760000e+00
   1.2760000e+00
   1.2760000e+00
   1.2760000e+00
   1.2760000e+00
   1.2760000e+00
   1.2760000e+00
   1.2760000e+00
   1.2760000e+00
   1.2760000e+00
   1.2760000e+00
   1.2760000e+00
   1.2770000e+00
   1.2770000e+00
   1.2770000e+00
   1.2770000e+00
   1.2770000e+00
   1.2770000e+00
   1.2780000e+00
   1.2780000e+00
   1.2780000e+00
   1.2780000e+00
   1.2780000e+00
   1.2790000e+00
   1.2790000e+00
   1.2790000e+00
   1.2790000e+00
   1.2800000e+00
   1.2800000e+00
   1.2800000e+00
   1.2800000e+00
   1.2800000e+00
   1.2810000e+00
   1.2810000e+00
   1.2810000e+00
   1.2810000e+00
   1.2820000e+00
   1.2820000e+00
   1.2820000e+00
   1.2830000e+00
   1.2830000e+00
   1.2830000e+00
   1.2830000e+00
   1.2830000e+00
   1.2840000e+00
   1.2840000e+00
   1.2840000e+00
   1.2840000e+00
   1.2840000e+00
   1.2850000e+00
   1.2850000e+00
   1.2850000e+00
   1.2850000e+00
   1.2850000e+00
   1.2850000e+00
   1.2850000e+00
   1.2850000e+00
   1.2850000e+00
   1.2850000e+00
   1.2850000e+00
   1.2850000e+00
   1.2850000e+00
   1.2850000e+00
   1.2850000e+00
   1.2850000e+00
   1.2850000e+00
   1.2850000e+00
   1.2850000e+00
   1.2850000e+00
   1.2850000e+00
   1.2850000e+00
   1.2850000e+00
   1.2850000e+00
   1.2850000e+00
   1.2850000e+00
   1.2850000e+00
   1.2850000e+00
   1.2850000e+00
   1.2850000e+00
   1.2850000e+00
   1.2840000e+00
   1.2840000e+00
   1.2840000e+00
   1.2840000e+00
   1.2840000e+00
   1.2840000e+00
   1.2840000e+00
   1.2840000e+00
   1.2840000e+00
   1.2830000e+00
   1.2830000e+00
   1.2830000e+00
   1.2830000e+00
   1.2830000e+00
   1.2830000e+00
   1.2830000e+00
   1.2830000e+00
   1.2820000e+00
   1.2820000e+00
   1.2820000e+00
   1.2820000e+00
   1.2820000e+00
   1.2820000e+00
   1.2820000e+00
   1.2810000e+00
   1.2810000e+00
   1.2810000e+00
   1.2810000e+00
   1.2810000e+00
   1.2810000e+00
   1.2810000e+00
   1.2810000e+00
   1.2800000e+00
   1.2800000e+00
   1.2800000e+00
   1.2800000e+00
   1.2800000e+00
   1.2800000e+00
   1.2800000e+00
   1.2800000e+00
   1.2790000e+00
   1.2790000e+00
   1.2790000e+00
   1.2790000e+00
   1.2790000e+00
   1.2790000e+00
   1.2790000e+00
   1.2790000e+00
   1.2780000e+00
   1.2780000e+00
   1.2780000e+00
   1.2780000e+00
   1.2780000e+00
   1.2780000e+00
   1.2780000e+00
   1.2780000e+00
   1.2770000e+00
   1.2770000e+00
   1.2770000e+00
   1.2770000e+00
   1.2770000e+00
   1.2770000e+00
   1.2770000e+00
   1.2770000e+00
   1.2770000e+00
   1.2760000e+00
   1.2760000e+00
   1.2760000e+00
   1.2760000e+00
   1.2760000e+00
   1.2760000e+00
   1.2760000e+00
   1.2760000e+00
   1.2760000e+00
   1.2760000e+00
   1.2760000e+00
   1.2760000e+00
   1.2760000e+00
   1.2760000e+00
   1.2760000e+00
   1.2760000e+00
   1.2760000e+00
   1.2760000e+00
   1.2760000e+00
   1.2760000e+00
   1.2760000e+00
   1.2760000e+00
   1.2760000e+00
   1.2760000e+00
   1.2760000e+00
   1.2760000e+00
   1.2760000e+00
   1.2760000e+00
   1.2760000e+00
   1.2760000e+00
   1.2760000e+00
   1.2770000e+00
   1.2770000e+00
   1.2770000e+00
   1.2770000e+00
   1.2770000e+00
   1.2770000e+00
   1.2770000e+00
   1.2770000e+00
   1.2770000e+00
   1.2770000e+00
   1.2770000e+00
   1.2770000e+00
   1.2770000e+00
   1.2770000e+00
   1.2770000e+00
   1.2770000e+00
   1.2770000e+00
   1.2770000e+00
   1.2770000e+00
   1.2770000e+00
   1.2770000e+00
   1.2770000e+00
   1.2770000e+00
   1.2770000e+00
   1.2770000e+00
   1.2770000e+00
   1.2770000e+00
   1.2770000e+00
   1.2770000e+00
   1.2770000e+00
   1.2770000e+00
   1.2770000e+00
   1.2770000e+00
   1.2770000e+00
   1.2770000e+00
   1.2770000e+00
   1.2770000e+00
   1.2770000e+00
   1.2770000e+00
   1.2770000e+00
   1.2770000e+00
   1.2770000e+00
   1.2770000e+00
   1.2770000e+00
   1.2770000e+00
   1.2770000e+00
   1.2770000e+00
   1.2770000e+00
   1.2770000e+00
   1.2770000e+00
   1.2770000e+00
   1.2770000e+00
   1.2770000e+00
   1.2770000e+00
   1.2770000e+00
   1.2770000e+00
   1.2770000e+00
   1.2770000e+00
   1.2770000e+00
   1.2770000e+00
   1.2770000e+00
   1.2770000e+00
   1.2760000e+00
   1.2760000e+00
   1.2760000e+00
   1.2760000e+00
   1.2760000e+00
   1.2760000e+00
   1.2760000e+00
   1.2760000e+00
   1.2760000e+00
   1.2760000e+00
   1.2760000e+00
   1.2760000e+00
   1.2760000e+00
   1.2750000e+00
   1.2750000e+00
   1.2750000e+00
   1.2750000e+00
   1.2750000e+00
   1.2750000e+00
   1.2750000e+00
   1.2750000e+00
   1.2750000e+00
   1.2750000e+00
   1.2750000e+00
   1.2740000e+00
   1.2740000e+00
   1.2740000e+00
   1.2740000e+00
   1.2740000e+00
   1.2740000e+00
   1.2740000e+00
   1.2740000e+00
   1.2740000e+00
   1.2740000e+00
   1.2740000e+00
   1.2740000e+00
   1.2740000e+00
   1.2740000e+00
   1.2730000e+00
   1.2730000e+00
   1.2730000e+00
   1.2730000e+00
   1.2730000e+00
   1.2730000e+00
   1.2730000e+00
   1.2730000e+00
   1.2730000e+00
   1.2730000e+00
   1.2730000e+00
   1.2720000e+00
   1.2720000e+00
   1.2720000e+00
   1.2720000e+00
   1.2720000e+00
   1.2720000e+00
   1.2720000e+00
   1.2720000e+00
   1.2720000e+00
   1.2720000e+00
   1.2710000e+00
   1.2710000e+00
   1.2710000e+00
   1.2710000e+00
   1.2710000e+00
   1.2710000e+00
   1.2710000e+00
   1.2710000e+00
   1.2700000e+00
   1.2700000e+00
   1.2700000e+00
   1.2700000e+00
   1.2700000e+00
   1.2700000e+00
   1.2700000e+00
   1.2700000e+00
   1.2690000e+00
   1.2690000e+00
   1.2690000e+00
   1.2690000e+00
   1.2690000e+00
   1.2690000e+00
   1.2690000e+00
   1.2690000e+00
   1.2680000e+00
   1.2680000e+00
   1.2680000e+00
   1.2680000e+00
   1.2680000e+00
   1.2680000e+00
   1.2680000e+00
   1.2680000e+00
   1.2670000e+00
   1.2670000e+00
   1.2670000e+00
   1.2670000e+00
   1.2670000e+00
   1.2670000e+00
   1.2670000e+00
   1.2670000e+00
   1.2660000e+00
   1.2660000e+00
   1.2660000e+00
   1.2660000e+00
   1.2660000e+00
   1.2660000e+00
   1.2660000e+00
   1.2660000e+00
   1.2660000e+00
   1.2650000e+00
   1.2650000e+00
   1.2650000e+00
   1.2650000e+00
   1.2650000e+00
   1.2650000e+00
   1.2650000e+00
   1.2650000e+00
   1.2640000e+00
   1.2640000e+00
   1.2640000e+00
   1.2640000e+00
   1.2640000e+00
   1.2640000e+00
   1.2640000e+00
   1.2640000e+00
   1.2640000e+00
   1.2640000e+00
   1.2640000e+00
   1.2630000e+00
   1.2630000e+00
   1.2630000e+00
   1.2630000e+00
   1.2630000e+00
   1.2630000e+00
   1.2630000e+00
   1.2630000e+00
   1.2630000e+00
   1.2630000e+00
   1.2630000e+00
   1.2620000e+00
   1.2620000e+00
   1.2620000e+00
   1.2620000e+00
   1.2620000e+00
   1.2620000e+00
   1.2620000e+00
   1.2620000e+00
   1.2620000e+00
   1.2620000e+00
   1.2620000e+00
   1.2620000e+00
   1.2620000e+00
   1.2620000e+00
   1.2610000e+00
   1.2610000e+00
   1.2610000e+00
   1.2610000e+00
   1.2610000e+00
   1.2610000e+00
   1.2610000e+00
   1.2610000e+00
   1.2610000e+00
   1.2610000e+00
   1.2610000e+00
   1.2610000e+00
   1.2600000e+00
   1.2600000e+00
   1.2600000e+00
   1.2600000e+00
   1.2600000e+00
   1.2600000e+00
   1.2600000e+00
   1.2600000e+00
   1.2600000e+00
   1.2600000e+00
   1.2600000e+00
   1.2590000e+00
   1.2590000e+00
   1.2590000e+00
   1.2590000e+00
   1.2590000e+00
   1.2590000e+00
   1.2590000e+00
   1.2590000e+00
   1.2590000e+00
   1.2590000e+00
   1.2580000e+00
   1.2580000e+00
   1.2580000e+00
   1.2580000e+00
   1.2580000e+00
   1.2580000e+00
   1.2580000e+00
   1.2580000e+00
   1.2580000e+00
   1.2580000e+00
   1.2570000e+00
   1.2570000e+00
   1.2570000e+00
   1.2570000e+00
   1.2570000e+00
   1.2570000e+00
   1.2570000e+00
   1.2570000e+00
   1.2570000e+00
   1.2570000e+00
   1.2560000e+00
   1.2560000e+00
   1.2560000e+00
   1.2560000e+00
   1.2560000e+00
   1.2560000e+00
   1.2560000e+00
   1.2560000e+00
   1.2560000e+00
   1.2560000e+00
   1.2560000e+00
   1.2550000e+00
   1.2550000e+00
   1.2550000e+00
   1.2550000e+00
   1.2550000e+00
   1.2550000e+00
   1.2550000e+00
   1.2550000e+00
   1.2550000e+00
   1.2550000e+00
   1.2550000e+00
   1.2550000e+00
   1.2540000e+00
   1.2540000e+00
   1.2540000e+00
   1.2540000e+00
   1.2540000e+00
   1.2540000e+00
   1.2540000e+00
   1.2540000e+00
   1.2540000e+00
   1.2540000e+00
   1.2540000e+00
   1.2530000e+00
   1.2530000e+00
   1.2530000e+00
   1.2530000e+00
   1.2530000e+00
   1.2530000e+00
   1.2530000e+00
   1.2530000e+00
   1.2530000e+00
   1.2530000e+00
   1.2530000e+00
   1.2530000e+00
   1.2520000e+00
   1.2520000e+00
   1.2520000e+00
   1.2520000e+00
   1.2520000e+00
   1.2520000e+00
   1.2520000e+00
   1.2520000e+00
   1.2520000e+00
   1.2520000e+00
   1.2520000e+00
   1.2520000e+00
   1.2520000e+00
   1.2520000e+00
   1.2520000e+00
   1.2520000e+00
   1.2520000e+00
   1.2520000e+00
   1.2520000e+00
   1.2520000e+00
   1.2520000e+00
   1.2530000e+00
   1.2530000e+00
   1.2530000e+00
   1.2530000e+00
   1.2530000e+00
   1.2530000e+00
   1.2530000e+00
   1.2530000e+00
   1.2530000e+00
   1.2540000e+00
   1.2540000e+00
   1.2540000e+00
   1.2540000e+00
   1.2540000e+00
   1.2540000e+00
   1.2540000e+00
   1.2550000e+00
   1.2550000e+00
   1.2550000e+00
   1.2550000e+00
   1.2550000e+00
   1.2560000e+00
   1.2560000e+00
   1.2560000e+00
   1.2560000e+00
   1.2570000e+00
   1.2570000e+00
   1.2570000e+00
   1.2570000e+00
   1.2570000e+00
   1.2580000e+00
   1.2580000e+00
   1.2580000e+00
   1.2580000e+00
   1.2580000e+00
   1.2590000e+00
   1.2590000e+00
   1.2590000e+00
   1.2590000e+00
   1.2590000e+00
   1.2590000e+00
   1.2590000e+00
   1.2600000e+00
   1.2600000e+00
   1.2600000e+00
   1.2600000e+00
   1.2600000e+00
   1.2600000e+00
   1.2600000e+00
   1.2600000e+00
   1.2600000e+00
   1.2600000e+00
   1.2600000e+00
   1.2600000e+00
   1.2600000e+00
   1.2600000e+00
   1.2600000e+00
   1.2600000e+00
   1.2600000e+00
   1.2600000e+00
   1.2600000e+00
   1.2600000e+00
   1.2600000e+00
   1.2600000e+00
   1.2600000e+00
   1.2600000e+00
   1.2600000e+00
   1.2600000e+00
   1.2600000e+00
   1.2600000e+00
   1.2600000e+00
   1.2600000e+00
   1.2600000e+00
   1.2600000e+00
   1.2600000e+00
   1.2600000e+00
   1.2600000e+00
   1.2600000e+00
   1.2600000e+00
   1.2600000e+00
   1.2600000e+00
   1.2600000e+00
   1.2600000e+00
   1.2600000e+00
   1.2600000e+00
   1.2600000e+00
   1.2600000e+00
   1.2600000e+00
   1.2600000e+00
   1.2600000e+00
   1.2600000e+00
   1.2600000e+00
   1.2600000e+00
   1.2600000e+00
   1.2600000e+00
   1.2600000e+00
   1.2600000e+00
   1.2600000e+00
   1.2600000e+00
   1.2600000e+00
   1.2600000e+00
   1.2600000e+00
   1.2600000e+00
   1.2600000e+00
   1.2600000e+00
   1.2600000e+00
   1.2600000e+00
   1.2600000e+00
   1.2600000e+00
   1.2590000e+00
   1.2590000e+00
   1.2590000e+00
   1.2590000e+00
   1.2590000e+00
   1.2590000e+00
   1.2590000e+00
   1.2590000e+00
   1.2590000e+00
   1.2590000e+00
   1.2590000e+00
   1.2580000e+00
   1.2580000e+00
   1.2580000e+00
   1.2580000e+00
   1.2580000e+00
   1.2580000e+00
   1.2580000e+00
   1.2580000e+00
   1.2580000e+00
   1.2570000e+00
   1.2570000e+00
   1.2570000e+00
   1.2570000e+00
   1.2570000e+00
   1.2570000e+00
   1.2570000e+00
   1.2570000e+00
   1.2570000e+00
   1.2560000e+00
   1.2560000e+00
   1.2560000e+00
   1.2560000e+00
   1.2560000e+00
   1.2560000e+00
   1.2560000e+00
   1.2560000e+00
   1.2550000e+00
   1.2550000e+00
   1.2550000e+00
   1.2550000e+00
   1.2550000e+00
   1.2550000e+00
   1.2550000e+00
   1.2550000e+00
   1.2550000e+00
   1.2540000e+00
   1.2540000e+00
   1.2540000e+00
   1.2540000e+00
   1.2540000e+00
   1.2540000e+00
   1.2540000e+00
   1.2540000e+00
   1.2540000e+00
   1.2530000e+00
   1.2530000e+00
   1.2530000e+00
   1.2530000e+00
   1.2530000e+00
   1.2530000e+00
   1.2530000e+00
   1.2530000e+00
   1.2530000e+00
   1.2530000e+00
   1.2520000e+00
   1.2520000e+00
   1.2520000e+00
   1.2520000e+00
   1.2520000e+00
   1.2520000e+00
   1.2520000e+00
   1.2520000e+00
   1.2520000e+00
   1.2520000e+00
   1.2520000e+00
   1.2510000e+00
   1.2510000e+00
   1.2510000e+00
   1.2510000e+00
   1.2510000e+00
   1.2510000e+00
   1.2510000e+00
   1.2510000e+00
   1.2510000e+00
   1.2500000e+00
   1.2500000e+00
   1.2500000e+00
   1.2500000e+00
   1.2500000e+00
   1.2500000e+00
   1.2500000e+00
   1.2500000e+00
   1.2500000e+00
   1.2490000e+00
   1.2490000e+00
   1.2490000e+00
   1.2490000e+00
   1.2490000e+00
   1.2490000e+00
   1.2490000e+00
   1.2490000e+00
   1.2490000e+00
   1.2480000e+00
   1.2480000e+00
   1.2480000e+00
   1.2480000e+00
   1.2480000e+00
   1.2480000e+00
   1.2480000e+00
   1.2480000e+00
   1.2470000e+00
   1.2470000e+00
   1.2470000e+00
   1.2470000e+00
   1.2470000e+00
   1.2470000e+00
   1.2470000e+00
   1.2470000e+00
   1.2470000e+00
   1.2460000e+00
   1.2460000e+00
   1.2460000e+00
   1.2460000e+00
   1.2460000e+00
   1.2460000e+00
   1.2460000e+00
   1.2450000e+00
   1.2450000e+00
   1.2450000e+00
   1.2450000e+00
   1.2450000e+00
   1.2450000e+00
   1.2450000e+00
   1.2450000e+00
   1.2440000e+00
   1.2440000e+00
   1.2440000e+00
   1.2440000e+00
   1.2440000e+00
   1.2440000e+00
   1.2440000e+00
   1.2430000e+00
   1.2430000e+00
   1.2430000e+00
   1.2430000e+00
   1.2430000e+00
   1.2430000e+00
   1.2430000e+00
   1.2430000e+00
   1.2420000e+00
   1.2420000e+00
   1.2420000e+00
   1.2420000e+00
   1.2420000e+00
   1.2420000e+00
   1.2420000e+00
   1.2410000e+00
   1.2410000e+00
   1.2410000e+00
   1.2410000e+00
   1.2410000e+00
   1.2410000e+00
   1.2410000e+00
   1.2410000e+00
   1.2400000e+00
   1.2400000e+00
   1.2400000e+00
   1.2400000e+00
   1.2400000e+00
   1.2400000e+00
   1.2400000e+00
   1.2400000e+00
   1.2390000e+00
   1.2390000e+00
   1.2390000e+00
   1.2390000e+00
   1.2390000e+00
   1.2390000e+00
   1.2390000e+00
   1.2390000e+00
   1.2390000e+00
   1.2380000e+00
   1.2380000e+00
   1.2380000e+00
   1.2380000e+00
   1.2380000e+00
   1.2380000e+00
   1.2380000e+00
   1.2380000e+00
   1.2380000e+00
   1.2370000e+00
   1.2370000e+00
   1.2370000e+00
   1.2370000e+00
   1.2370000e+00
   1.2370000e+00
   1.2370000e+00
   1.2370000e+00
   1.2370000e+00
   1.2370000e+00
   1.2360000e+00
   1.2360000e+00
   1.2360000e+00
   1.2360000e+00
   1.2360000e+00
   1.2360000e+00
   1.2360000e+00
   1.2360000e+00
   1.2360000e+00
   1.2360000e+00
   1.2350000e+00
   1.2350000e+00
   1.2350000e+00
   1.2350000e+00
   1.2350000e+00
   1.2350000e+00
   1.2350000e+00
   1.2350000e+00
   1.2350000e+00
   1.2350000e+00
   1.2340000e+00
   1.2340000e+00
   1.2340000e+00
   1.2340000e+00
   1.2340000e+00
   1.2340000e+00
   1.2340000e+00
   1.2340000e+00
   1.2340000e+00
   1.2340000e+00
   1.2330000e+00
   1.2330000e+00
   1.2330000e+00
   1.2330000e+00
   1.2330000e+00
   1.2330000e+00
   1.2330000e+00
   1.2330000e+00
   1.2330000e+00
   1.2330000e+00
   1.2330000e+00
   1.2320000e+00
   1.2320000e+00
   1.2320000e+00
   1.2320000e+00
   1.2320000e+00
   1.2320000e+00
   1.2320000e+00
   1.2320000e+00
   1.2320000e+00
   1.2320000e+00
   1.2320000e+00
   1.2310000e+00
   1.2310000e+00
   1.2310000e+00
   1.2310000e+00
   1.2310000e+00
   1.2310000e+00
   1.2310000e+00
   1.2310000e+00
   1.2310000e+00
   1.2310000e+00
   1.2310000e+00
   1.2310000e+00
   1.2310000e+00
   1.2310000e+00
   1.2300000e+00
   1.2300000e+00
   1.2300000e+00
   1.2300000e+00
   1.2300000e+00
   1.2300000e+00
   1.2300000e+00
   1.2300000e+00
   1.2300000e+00
   1.2300000e+00
   1.2300000e+00
   1.2300000e+00
   1.2300000e+00
   1.2300000e+00
   1.2300000e+00
   1.2300000e+00
   1.2300000e+00
   1.2300000e+00
   1.2300000e+00
   1.2300000e+00
   1.2300000e+00
   1.2300000e+00
   1.2300000e+00
   1.2300000e+00
   1.2300000e+00
   1.2310000e+00
   1.2310000e+00
   1.2310000e+00
   1.2310000e+00
   1.2310000e+00
   1.2310000e+00
   1.2310000e+00
   1.2310000e+00
   1.2310000e+00
   1.2310000e+00
   1.2310000e+00
   1.2320000e+00
   1.2320000e+00
   1.2320000e+00
   1.2320000e+00
   1.2320000e+00
   1.2320000e+00
   1.2320000e+00
   1.2320000e+00
   1.2320000e+00
   1.2320000e+00
   1.2330000e+00
   1.2330000e+00
   1.2330000e+00
   1.2330000e+00
   1.2330000e+00
   1.2330000e+00
   1.2330000e+00
   1.2330000e+00
   1.2330000e+00
   1.2330000e+00
   1.2330000e+00
   1.2330000e+00
   1.2330000e+00
   1.2330000e+00
   1.2330000e+00
   1.2330000e+00
   1.2330000e+00
   1.2330000e+00
   1.2330000e+00
   1.2330000e+00
   1.2330000e+00
   1.2330000e+00
   1.2330000e+00
   1.2330000e+00
   1.2330000e+00
   1.2330000e+00
   1.2330000e+00
   1.2330000e+00
   1.2330000e+00
   1.2330000e+00
   1.2330000e+00
   1.2320000e+00
   1.2320000e+00
   1.2320000e+00
   1.2320000e+00
   1.2320000e+00
   1.2320000e+00
   1.2320000e+00
   1.2320000e+00
   1.2320000e+00
   1.2320000e+00
   1.2320000e+00
   1.2320000e+00
   1.2320000e+00
   1.2320000e+00
   1.2320000e+00
   1.2320000e+00
   1.2320000e+00
   1.2320000e+00
   1.2320000e+00
   1.2310000e+00
   1.2310000e+00
   1.2310000e+00
   1.2310000e+00
   1.2310000e+00
   1.2310000e+00
   1.2310000e+00
   1.2310000e+00
   1.2310000e+00
   1.2310000e+00
   1.2310000e+00
   1.2310000e+00
   1.2310000e+00
   1.2310000e+00
   1.2310000e+00
   1.2310000e+00
   1.2310000e+00
   1.2310000e+00
   1.2310000e+00
   1.2310000e+00
   1.2310000e+00
   1.2310000e+00
   1.2310000e+00
   1.2300000e+00
   1.2300000e+00
   1.2300000e+00
   1.2300000e+00
   1.2300000e+00
   1.2300000e+00
   1.2300000e+00
   1.2300000e+00
   1.2300000e+00
   1.2300000e+00
   1.2300000e+00
   1.2300000e+00
   1.2300000e+00
   1.2300000e+00
   1.2300000e+00
   1.2290000e+00
   1.2290000e+00
   1.2290000e+00
   1.2290000e+00
   1.2290000e+00
   1.2290000e+00
   1.2290000e+00
   1.2290000e+00
   1.2290000e+00
   1.2290000e+00
   1.2290000e+00
   1.2290000e+00
   1.2290000e+00
   1.2280000e+00
   1.2280000e+00
   1.2280000e+00
   1.2280000e+00
   1.2280000e+00
   1.2280000e+00
   1.2280000e+00
   1.2280000e+00
   1.2280000e+00
   1.2280000e+00
   1.2280000e+00
   1.2280000e+00
   1.2280000e+00
   1.2280000e+00
   1.2280000e+00
   1.2280000e+00
   1.2280000e+00
   1.2280000e+00
   1.2280000e+00
   1.2280000e+00
   1.2280000e+00
   1.2270000e+00
   1.2270000e+00
   1.2270000e+00
   1.2270000e+00
   1.2270000e+00
   1.2270000e+00
   1.2270000e+00
   1.2270000e+00
   1.2270000e+00
   1.2270000e+00
   1.2270000e+00
   1.2270000e+00
   1.2270000e+00
   1.2270000e+00
   1.2270000e+00
   1.2260000e+00
   1.2260000e+00
   1.2260000e+00
   1.2260000e+00
   1.2260000e+00
   1.2260000e+00
   1.2260000e+00
   1.2260000e+00
   1.2260000e+00
   1.2260000e+00
   1.2260000e+00
   1.2250000e+00
   1.2250000e+00
   1.2250000e+00
   1.2250000e+00
   1.2250000e+00
   1.2250000e+00
   1.2250000e+00
   1.2250000e+00
   1.2250000e+00
   1.2250000e+00
   1.2240000e+00
   1.2240000e+00
   1.2240000e+00
   1.2240000e+00
   1.2240000e+00
   1.2240000e+00
   1.2240000e+00
   1.2240000e+00
   1.2240000e+00
   1.2240000e+00
   1.2230000e+00
   1.2230000e+00
   1.2230000e+00
   1.2230000e+00
   1.2230000e+00
   1.2230000e+00
   1.2230000e+00
   1.2230000e+00
   1.2230000e+00
   1.2230000e+00
   1.2220000e+00
   1.2220000e+00
   1.2220000e+00
   1.2220000e+00
   1.2220000e+00
   1.2220000e+00
   1.2220000e+00
   1.2220000e+00
   1.2220000e+00
   1.2220000e+00
   1.2220000e+00
   1.2210000e+00
   1.2210000e+00
   1.2210000e+00
   1.2210000e+00
   1.2210000e+00
   1.2210000e+00
   1.2210000e+00
   1.2210000e+00
   1.2210000e+00
   1.2210000e+00
   1.2210000e+00
   1.2210000e+00
   1.2200000e+00
   1.2200000e+00
   1.2200000e+00
   1.2200000e+00
   1.2200000e+00
   1.2200000e+00
   1.2200000e+00
   1.2200000e+00
   1.2200000e+00
   1.2200000e+00
   1.2200000e+00
   1.2200000e+00
   1.2200000e+00
   1.2190000e+00
   1.2190000e+00
   1.2190000e+00
   1.2190000e+00
   1.2190000e+00
   1.2190000e+00
   1.2190000e+00
   1.2190000e+00
   1.2190000e+00
   1.2190000e+00
   1.2190000e+00
   1.2190000e+00
   1.2180000e+00
   1.2180000e+00
   1.2180000e+00
   1.2180000e+00
   1.2180000e+00
   1.2180000e+00
   1.2180000e+00
   1.2180000e+00
   1.2180000e+00
   1.2180000e+00
   1.2180000e+00
   1.2180000e+00
   1.2170000e+00
   1.2170000e+00
   1.2170000e+00
   1.2170000e+00
   1.2170000e+00
   1.2170000e+00
   1.2170000e+00
   1.2170000e+00
   1.2170000e+00
   1.2170000e+00
   1.2170000e+00
   1.2170000e+00
   1.2170000e+00
   1.2160000e+00
   1.2160000e+00
   1.2160000e+00
   1.2160000e+00
   1.2160000e+00
   1.2160000e+00
   1.2160000e+00
   1.2160000e+00
   1.2160000e+00
   1.2160000e+00
   1.2160000e+00
   1.2160000e+00
   1.2160000e+00
   1.2160000e+00
   1.2160000e+00
   1.2150000e+00
   1.2150000e+00
   1.2150000e+00
   1.2150000e+00
   1.2150000e+00
   1.2150000e+00
   1.2150000e+00
   1.2150000e+00
   1.2150000e+00
   1.2150000e+00
   1.2150000e+00
   1.2150000e+00
   1.2150000e+00
   1.2150000e+00
   1.2150000e+00
   1.2150000e+00
   1.2140000e+00
   1.2140000e+00
   1.2140000e+00
   1.2140000e+00
   1.2140000e+00
   1.2140000e+00
   1.2140000e+00
   1.2140000e+00
   1.2140000e+00
   1.2140000e+00
   1.2140000e+00
   1.2140000e+00
   1.2140000e+00
   1.2140000e+00
   1.2140000e+00
   1.2140000e+00
   1.2140000e+00
   1.2130000e+00
   1.2130000e+00
   1.2130000e+00
   1.2130000e+00
   1.2130000e+00
   1.2130000e+00
   1.2130000e+00
   1.2130000e+00
   1.2130000e+00
   1.2130000e+00
   1.2130000e+00
   1.2130000e+00
   1.2130000e+00
   1.2130000e+00
   1.2130000e+00
   1.2130000e+00
   1.2130000e+00
   1.2130000e+00
   1.2130000e+00
   1.2130000e+00
   1.2130000e+00
   1.2130000e+00
   1.2130000e+00
   1.2130000e+00
   1.2130000e+00
   1.2130000e+00
   1.2130000e+00
   1.2130000e+00
   1.2130000e+00
   1.2130000e+00
   1.2130000e+00
   1.2130000e+00
   1.2130000e+00
   1.2130000e+00
   1.2130000e+00
   1.2120000e+00
   1.2120000e+00
   1.2120000e+00
   1.2120000e+00
   1.2120000e+00
   1.2120000e+00
   1.2120000e+00
   1.2120000e+00
   1.2120000e+00
   1.2120000e+00
   1.2120000e+00
   1.2120000e+00
   1.2120000e+00
   1.2120000e+00
   1.2120000e+00
   1.2120000e+00
   1.2120000e+00
   1.2120000e+00
   1.2110000e+00
   1.2110000e+00
   1.2110000e+00
   1.2110000e+00
   1.2110000e+00
   1.2110000e+00
   1.2110000e+00
   1.2110000e+00
   1.2110000e+00
   1.2110000e+00
   1.2110000e+00
   1.2110000e+00
   1.2110000e+00
   1.2110000e+00
   1.2110000e+00
   1.2110000e+00
   1.2110000e+00
   1.2100000e+00
   1.2100000e+00
   1.2100000e+00
   1.2100000e+00
   1.2100000e+00
   1.2100000e+00
   1.2100000e+00
   1.2100000e+00
   1.2100000e+00
   1.2100000e+00
   1.2100000e+00
   1.2100000e+00
   1.2100000e+00
   1.2100000e+00
   1.2090000e+00
   1.2090000e+00
   1.2090000e+00
   1.2090000e+00
   1.2090000e+00
   1.2090000e+00
   1.2090000e+00
   1.2090000e+00
   1.2090000e+00
   1.2090000e+00
   1.2090000e+00
   1.2090000e+00
   1.2090000e+00
   1.2090000e+00
   1.2090000e+00
   1.2090000e+00
   1.2080000e+00
   1.2080000e+00
   1.2080000e+00
   1.2080000e+00
   1.2080000e+00
   1.2080000e+00
   1.2080000e+00
   1.2080000e+00
   1.2080000e+00
   1.2080000e+00
   1.2080000e+00
   1.2080000e+00
   1.2080000e+00
   1.2080000e+00
   1.2080000e+00
   1.2080000e+00
   1.2080000e+00
   1.2080000e+00
   1.2080000e+00
   1.2080000e+00
   1.2070000e+00
   1.2070000e+00
   1.2070000e+00
   1.2070000e+00
   1.2070000e+00
   1.2070000e+00
   1.2070000e+00
   1.2070000e+00
   1.2070000e+00
   1.2070000e+00
   1.2070000e+00
   1.2070000e+00
   1.2070000e+00
   1.2070000e+00
   1.2070000e+00
   1.2070000e+00
   1.2060000e+00
   1.2060000e+00
   1.2060000e+00
   1.2060000e+00
   1.2060000e+00
   1.2060000e+00
   1.2060000e+00
   1.2060000e+00
   1.2060000e+00
   1.2060000e+00
   1.2060000e+00
   1.2060000e+00
   1.2060000e+00
   1.2060000e+00
   1.2060000e+00
   1.2050000e+00
   1.2050000e+00
   1.2050000e+00
   1.2050000e+00
   1.2050000e+00
   1.2050000e+00
   1.2050000e+00
   1.2050000e+00
   1.2050000e+00
   1.2050000e+00
   1.2050000e+00
   1.2050000e+00
   1.2050000e+00
   1.2050000e+00
   1.2050000e+00
   1.2050000e+00
   1.2040000e+00
   1.2040000e+00
   1.2040000e+00
   1.2040000e+00
   1.2040000e+00
   1.2040000e+00
   1.2040000e+00
   1.2040000e+00
   1.2040000e+00
   1.2040000e+00
   1.2040000e+00
   1.2040000e+00
   1.2040000e+00
   1.2040000e+00
   1.2040000e+00
   1.2040000e+00
   1.2040000e+00
   1.2040000e+00
   1.2030000e+00
   1.2030000e+00
   1.2030000e+00
   1.2030000e+00
   1.2030000e+00
   1.2030000e+00
   1.2030000e+00
   1.2030000e+00
   1.2030000e+00
   1.2030000e+00
   1.2030000e+00
   1.2030000e+00
   1.2030000e+00
   1.2030000e+00
   1.2030000e+00
   1.2030000e+00
   1.2030000e+00
   1.2030000e+00
   1.2030000e+00
   1.2030000e+00
   1.2030000e+00
   1.2030000e+00
   1.2030000e+00
   1.2030000e+00
   1.2030000e+00
   1.2030000e+00
   1.2030000e+00
   1.2020000e+00
   1.2020000e+00
   1.2020000e+00
   1.2020000e+00
   1.2020000e+00
   1.2020000e+00
   1.2020000e+00
   1.2020000e+00
   1.2020000e+00
   1.2020000e+00
   1.2020000e+00
   1.2020000e+00
   1.2020000e+00
   1.2020000e+00
   1.2020000e+00
   1.2020000e+00
   1.2020000e+00
   1.2020000e+00
   1.2020000e+00
   1.2020000e+00
   1.2020000e+00
   1.2020000e+00
   1.2020000e+00
   1.2020000e+00
   1.2010000e+00
   1.2010000e+00
   1.2010000e+00
   1.2010000e+00
   1.2010000e+00
   1.2010000e+00
   1.2010000e+00
   1.2010000e+00
   1.2010000e+00
   1.2010000e+00
   1.2010000e+00
   1.2010000e+00
   1.2010000e+00
   1.2010000e+00
   1.2010000e+00
   1.2010000e+00
   1.2010000e+00
   1.2010000e+00
   1.2010000e+00
   1.2010000e+00
   1.2010000e+00
   1.2000000e+00
   1.2000000e+00
   1.2000000e+00
   1.2000000e+00
   1.2000000e+00
   1.2000000e+00
   1.2000000e+00
   1.2000000e+00
   1.2000000e+00
   1.2000000e+00
   1.2000000e+00
   1.2000000e+00
   1.2000000e+00
   1.2000000e+00
   1.2000000e+00
   1.2000000e+00
   1.2000000e+00
   1.2000000e+00
   1.2000000e+00
   1.2000000e+00
   1.2000000e+00
   1.2000000e+00
   1.2000000e+00
   1.1990000e+00
   1.1990000e+00
   1.1990000e+00
   1.1990000e+00
   1.1990000e+00
   1.1990000e+00
   1.1990000e+00
   1.1990000e+00
   1.1990000e+00
   1.1990000e+00
   1.1990000e+00
   1.1990000e+00
   1.1990000e+00
   1.1990000e+00
   1.1990000e+00
   1.1990000e+00
   1.1990000e+00
   1.1990000e+00
   1.1990000e+00
   1.1990000e+00
   1.1990000e+00
   1.1990000e+00
   1.1990000e+00
   1.1980000e+00
   1.1980000e+00
   1.1980000e+00
   1.1980000e+00
   1.1980000e+00
   1.1980000e+00
   1.1980000e+00
   1.1980000e+00
   1.1980000e+00
   1.1980000e+00
   1.1980000e+00
   1.1980000e+00
   1.1980000e+00
   1.1980000e+00
   1.1980000e+00
   1.1980000e+00
   1.1980000e+00
   1.1980000e+00
   1.1980000e+00
   1.1980000e+00
   1.1980000e+00
   1.1980000e+00
   1.1980000e+00
   1.1970000e+00
   1.1970000e+00
   1.1970000e+00
   1.1970000e+00
   1.1970000e+00
   1.1970000e+00
   1.1970000e+00
   1.1970000e+00
   1.1970000e+00
   1.1970000e+00
   1.1970000e+00
   1.1970000e+00
   1.1970000e+00
   1.1970000e+00
   1.1970000e+00
   1.1970000e+00
   1.1970000e+00
   1.1970000e+00
   1.1970000e+00
   1.1970000e+00
   1.1970000e+00
   1.1970000e+00
   1.1970000e+00
   1.1960000e+00
   1.1960000e+00
   1.1960000e+00
   1.1960000e+00
   1.1960000e+00
   1.1960000e+00
   1.1960000e+00
   1.1960000e+00
   1.1960000e+00
   1.1960000e+00
   1.1960000e+00
   1.1960000e+00
   1.1960000e+00
   1.1960000e+00
   1.1960000e+00
   1.1960000e+00
   1.1960000e+00
   1.1960000e+00
   1.1960000e+00
   1.1960000e+00
   1.1960000e+00
   1.1950000e+00
   1.1950000e+00
   1.1950000e+00
   1.1950000e+00
   1.1950000e+00
   1.1950000e+00
   1.1950000e+00
   1.1950000e+00
   1.1950000e+00
   1.1950000e+00
   1.1950000e+00
   1.1950000e+00
   1.1950000e+00
   1.1950000e+00
   1.1950000e+00
   1.1950000e+00
   1.1950000e+00
   1.1950000e+00
   1.1950000e+00
   1.1950000e+00
   1.1950000e+00
   1.1940000e+00
   1.1940000e+00
   1.1940000e+00
   1.1940000e+00
   1.1940000e+00
   1.1940000e+00
   1.1940000e+00
   1.1940000e+00
   1.1940000e+00
   1.1940000e+00
   1.1940000e+00
   1.1940000e+00
   1.1940000e+00
   1.1940000e+00
   1.1940000e+00
   1.1940000e+00
   1.1940000e+00
   1.1940000e+00
   1.1940000e+00
   1.1940000e+00
   1.1940000e+00
   1.1940000e+00
   1.1940000e+00
   1.1940000e+00
   1.1940000e+00
   1.1940000e+00
   1.1940000e+00
   1.1940000e+00
   1.1940000e+00
   1.1940000e+00
   1.1940000e+00
   1.1940000e+00
   1.1940000e+00
   1.1940000e+00
   1.1940000e+00
   1.1940000e+00
   1.1940000e+00
   1.1940000e+00
   1.1940000e+00
   1.1940000e+00
   1.1940000e+00
   1.1940000e+00
   1.1940000e+00
   1.1950000e+00
   1.1950000e+00
   1.1950000e+00
   1.1950000e+00
   1.1950000e+00
   1.1960000e+00
   1.1960000e+00
   1.1960000e+00
   1.1960000e+00
   1.1960000e+00
   1.1970000e+00
   1.1970000e+00
   1.1970000e+00
   1.1970000e+00
   1.1980000e+00
   1.1980000e+00
   1.1980000e+00
   1.1980000e+00
   1.1990000e+00
   1.1990000e+00
   1.1990000e+00
   1.1990000e+00
   1.2000000e+00
   1.2000000e+00
   1.2000000e+00
   1.2000000e+00
   1.2010000e+00
   1.2010000e+00
   1.2010000e+00
   1.2020000e+00
   1.2020000e+00
   1.2020000e+00
   1.2020000e+00
   1.2030000e+00
   1.2030000e+00
   1.2030000e+00
   1.2030000e+00
   1.2040000e+00
   1.2040000e+00
   1.2040000e+00
   1.2050000e+00
   1.2050000e+00
   1.2050000e+00
   1.2050000e+00
   1.2060000e+00
   1.2060000e+00
   1.2060000e+00
   1.2060000e+00
   1.2070000e+00
   1.2070000e+00
   1.2070000e+00
   1.2070000e+00
   1.2080000e+00
   1.2080000e+00
   1.2080000e+00
   1.2080000e+00
   1.2080000e+00
   1.2090000e+00
   1.2090000e+00
   1.2090000e+00
   1.2090000e+00
   1.2090000e+00
   1.2090000e+00
   1.2100000e+00
   1.2100000e+00
   1.2100000e+00
   1.2100000e+00
   1.2100000e+00
   1.2100000e+00
   1.2110000e+00
   1.2110000e+00
   1.2110000e+00
   1.2110000e+00
   1.2110000e+00
   1.2110000e+00
   1.2120000e+00
   1.2120000e+00
   1.2120000e+00
   1.2120000e+00
   1.2130000e+00
   1.2130000e+00
   1.2130000e+00
   1.2130000e+00
   1.2130000e+00
   1.2140000e+00
   1.2140000e+00
   1.2140000e+00
   1.2140000e+00
   1.2150000e+00
   1.2150000e+00
   1.2150000e+00
   1.2150000e+00
   1.2160000e+00
   1.2160000e+00
   1.2160000e+00
   1.2160000e+00
   1.2170000e+00
   1.2170000e+00
   1.2170000e+00
   1.2170000e+00
   1.2170000e+00
   1.2180000e+00
   1.2180000e+00
   1.2180000e+00
   1.2180000e+00
   1.2180000e+00
   1.2180000e+00
   1.2180000e+00
   1.2190000e+00
   1.2190000e+00
   1.2190000e+00
   1.2190000e+00
   1.2190000e+00
   1.2190000e+00
   1.2190000e+00
   1.2190000e+00
   1.2190000e+00
   1.2190000e+00
   1.2190000e+00
   1.2190000e+00
   1.2190000e+00
   1.2190000e+00
   1.2190000e+00
   1.2190000e+00
   1.2190000e+00
   1.2190000e+00
   1.2190000e+00
   1.2190000e+00
   1.2190000e+00
   1.2190000e+00
   1.2190000e+00
   1.2190000e+00
   1.2190000e+00
   1.2190000e+00
   1.2190000e+00
   1.2190000e+00
   1.2190000e+00
   1.2190000e+00
   1.2180000e+00
   1.2180000e+00
   1.2180000e+00
   1.2180000e+00
   1.2180000e+00
   1.2180000e+00
   1.2180000e+00
   1.2180000e+00
   1.2180000e+00
   1.2180000e+00
   1.2180000e+00
   1.2180000e+00
   1.2170000e+00
   1.2170000e+00
   1.2170000e+00
   1.2170000e+00
   1.2170000e+00
   1.2170000e+00
   1.2170000e+00
   1.2170000e+00
   1.2170000e+00
   1.2170000e+00
   1.2170000e+00
   1.2170000e+00
   1.2170000e+00
   1.2170000e+00
   1.2160000e+00
   1.2160000e+00
   1.2160000e+00
   1.2160000e+00
   1.2160000e+00
   1.2160000e+00
   1.2160000e+00
   1.2160000e+00
   1.2160000e+00
   1.2160000e+00
   1.2160000e+00
   1.2160000e+00
   1.2160000e+00
   1.2160000e+00
   1.2160000e+00
   1.2160000e+00
   1.2160000e+00
   1.2160000e+00
   1.2160000e+00
   1.2160000e+00
   1.2160000e+00
   1.2160000e+00
   1.2170000e+00
   1.2170000e+00
   1.2170000e+00
   1.2170000e+00
   1.2180000e+00
   1.2180000e+00
   1.2180000e+00
   1.2190000e+00
   1.2190000e+00
   1.2200000e+00
   1.2200000e+00
   1.2210000e+00
   1.2220000e+00
   1.2230000e+00
   1.2230000e+00
   1.2240000e+00
   1.2250000e+00
   1.2260000e+00
   1.2280000e+00
   1.2290000e+00
   1.2310000e+00
   1.2320000e+00
   1.2340000e+00
   1.2360000e+00
   1.2370000e+00
   1.2390000e+00
   1.2400000e+00
   1.2420000e+00
   1.2440000e+00
   1.2450000e+00
   1.2470000e+00
   1.2490000e+00
   1.2500000e+00
   1.2520000e+00
   1.2540000e+00
   1.2550000e+00
   1.2570000e+00
   1.2590000e+00
   1.2600000e+00
   1.2620000e+00
   1.2640000e+00
   1.2650000e+00
   1.2670000e+00
   1.2690000e+00
   1.2700000e+00
   1.2720000e+00
   1.2730000e+00
   1.2750000e+00
   1.2760000e+00
   1.2780000e+00
   1.2790000e+00
   1.2810000e+00
   1.2820000e+00
   1.2830000e+00
   1.2850000e+00
   1.2860000e+00
   1.2870000e+00
   1.2890000e+00
   1.2900000e+00
   1.2910000e+00
   1.2920000e+00
   1.2930000e+00
   1.2950000e+00
   1.2960000e+00
   1.2970000e+00
   1.2980000e+00
   1.3000000e+00
   1.3010000e+00
   1.3030000e+00
   1.3040000e+00
   1.3050000e+00
   1.3070000e+00
   1.3080000e+00
   1.3090000e+00
   1.3110000e+00
   1.3120000e+00
   1.3130000e+00
   1.3150000e+00
   1.3160000e+00
   1.3180000e+00
   1.3200000e+00
   1.3220000e+00
   1.3230000e+00
   1.3250000e+00
   1.3260000e+00
   1.3280000e+00
   1.3300000e+00
   1.3310000e+00
   1.3330000e+00
   1.3340000e+00
   1.3360000e+00
   1.3370000e+00
   1.3390000e+00
   1.3400000e+00
   1.3420000e+00
   1.3430000e+00
   1.3450000e+00
   1.3460000e+00
   1.3480000e+00
   1.3490000e+00
   1.3510000e+00
   1.3520000e+00
   1.3540000e+00
   1.3550000e+00
   1.3570000e+00
   1.3590000e+00
   1.3600000e+00
   1.3620000e+00
   1.3630000e+00
   1.3650000e+00
   1.3660000e+00
   1.3670000e+00
   1.3680000e+00
   1.3700000e+00
   1.3710000e+00
   1.3720000e+00
   1.3720000e+00
   1.3730000e+00
   1.3740000e+00
   1.3750000e+00
   1.3750000e+00
   1.3760000e+00
   1.3770000e+00
   1.3770000e+00
   1.3780000e+00
   1.3780000e+00
   1.3790000e+00
   1.3790000e+00
   1.3800000e+00
   1.3800000e+00
   1.3800000e+00
   1.3810000e+00
   1.3810000e+00
   1.3810000e+00
   1.3810000e+00
   1.3820000e+00
   1.3820000e+00
   1.3820000e+00
   1.3820000e+00
   1.3830000e+00
   1.3830000e+00
   1.3830000e+00
   1.3830000e+00
   1.3840000e+00
   1.3840000e+00
   1.3840000e+00
   1.3840000e+00
   1.3840000e+00
   1.3850000e+00
   1.3850000e+00
   1.3850000e+00
   1.3850000e+00
   1.3860000e+00
   1.3860000e+00
   1.3870000e+00
   1.3870000e+00
   1.3880000e+00
   1.3880000e+00
   1.3890000e+00
   1.3900000e+00
   1.3910000e+00
   1.3920000e+00
   1.3930000e+00
   1.3940000e+00
   1.3960000e+00
   1.3980000e+00
   1.3990000e+00
   1.4010000e+00
   1.4040000e+00
   1.4060000e+00
   1.4090000e+00
   1.4110000e+00
   1.4150000e+00
   1.4190000e+00
   1.4230000e+00
   1.4280000e+00
   1.4330000e+00
   1.4380000e+00
   1.4440000e+00
   1.4500000e+00
   1.4560000e+00
   1.4620000e+00
   1.4680000e+00
   1.4750000e+00
   1.4820000e+00
   1.4890000e+00
   1.4960000e+00
   1.5040000e+00
   1.5130000e+00
   1.5210000e+00
   1.5310000e+00
   1.5410000e+00
   1.5520000e+00
   1.5630000e+00
   1.5740000e+00
   1.5850000e+00
   1.5970000e+00
   1.6090000e+00
   1.6210000e+00
   1.6330000e+00
   1.6450000e+00
   1.6570000e+00
   1.6680000e+00
   1.6800000e+00
   1.6910000e+00
   1.7020000e+00
   1.7130000e+00
   1.7240000e+00
   1.7350000e+00
   1.7460000e+00
   1.7560000e+00
   1.7660000e+00
   1.7760000e+00
   1.7860000e+00
   1.7950000e+00
   1.8050000e+00
   1.8140000e+00
   1.8240000e+00
   1.8330000e+00
   1.8420000e+00
   1.8500000e+00
   1.8590000e+00
   1.8670000e+00
   1.8750000e+00
   1.8830000e+00
   1.8910000e+00
   1.8990000e+00
   1.9070000e+00
   1.9150000e+00
   1.9230000e+00
   1.9300000e+00
   1.9380000e+00
   1.9450000e+00
   1.9530000e+00
   1.9600000e+00
   1.9670000e+00
   1.9740000e+00
   1.9820000e+00
   1.9890000e+00
   1.9970000e+00
   2.0050000e+00
   2.0120000e+00
   2.0200000e+00
   2.0270000e+00
   2.0350000e+00
   2.0420000e+00
   2.0490000e+00
   2.0560000e+00
   2.0630000e+00
   2.0700000e+00
   2.0780000e+00
   2.0850000e+00
   2.0920000e+00
   2.0990000e+00
   2.1060000e+00
   2.1130000e+00
   2.1200000e+00
   2.1260000e+00
   2.1320000e+00
   2.1390000e+00
   2.1460000e+00
   2.1520000e+00
   2.1580000e+00
   2.1640000e+00
   2.1700000e+00
   2.1750000e+00
   2.1800000e+00
   2.1840000e+00
   2.1880000e+00
   2.1920000e+00
   2.1960000e+00
   2.1990000e+00
   2.2010000e+00
   2.2030000e+00
   2.2040000e+00
   2.2060000e+00
   2.2070000e+00
   2.2080000e+00
   2.2080000e+00
   2.2090000e+00
   2.2090000e+00
   2.2090000e+00
   2.2080000e+00
   2.2080000e+00
   2.2070000e+00
   2.2060000e+00
   2.2050000e+00
   2.2040000e+00
   2.2030000e+00
   2.2010000e+00
   2.1990000e+00
   2.1980000e+00
   2.1960000e+00
   2.1940000e+00
   2.1910000e+00
   2.1890000e+00
   2.1870000e+00
   2.1840000e+00
   2.1820000e+00
   2.1790000e+00
   2.1760000e+00
   2.1740000e+00
   2.1710000e+00
   2.1680000e+00
   2.1650000e+00
   2.1620000e+00
   2.1590000e+00
   2.1560000e+00
   2.1530000e+00
   2.1500000e+00
   2.1470000e+00
   2.1440000e+00
   2.1410000e+00
   2.1380000e+00
   2.1350000e+00
   2.1320000e+00
   2.1290000e+00
   2.1260000e+00
   2.1230000e+00
   2.1200000e+00
   2.1170000e+00
   2.1140000e+00
   2.1120000e+00
   2.1090000e+00
   2.1060000e+00
   2.1030000e+00
   2.1010000e+00
   2.0980000e+00
   2.0960000e+00
   2.0930000e+00
   2.0910000e+00
   2.0880000e+00
   2.0860000e+00
   2.0830000e+00
   2.0810000e+00
   2.0780000e+00
   2.0760000e+00
   2.0740000e+00
   2.0720000e+00
   2.0700000e+00
   2.0670000e+00
   2.0650000e+00
   2.0630000e+00
   2.0610000e+00
   2.0590000e+00
   2.0570000e+00
   2.0540000e+00
   2.0520000e+00
   2.0500000e+00
   2.0480000e+00
   2.0460000e+00
   2.0440000e+00
   2.0420000e+00
   2.0400000e+00
   2.0380000e+00
   2.0360000e+00
   2.0340000e+00
   2.0320000e+00
   2.0300000e+00
   2.0280000e+00
   2.0260000e+00
   2.0240000e+00
   2.0220000e+00
   2.0210000e+00
   2.0190000e+00
   2.0170000e+00
   2.0160000e+00
   2.0140000e+00
   2.0120000e+00
   2.0110000e+00
   2.0100000e+00
   2.0080000e+00
   2.0070000e+00
   2.0060000e+00
   2.0060000e+00
   2.0050000e+00
   2.0050000e+00
   2.0060000e+00
   2.0070000e+00
   2.0080000e+00
   2.0100000e+00
   2.0120000e+00
   2.0150000e+00
   2.0190000e+00
   2.0240000e+00
   2.0290000e+00
   2.0360000e+00
   2.0430000e+00
   2.0500000e+00
   2.0590000e+00
   2.0680000e+00
   2.0780000e+00
   2.0890000e+00
   2.1010000e+00
   2.1140000e+00
   2.1270000e+00
   2.1400000e+00
   2.1550000e+00
   2.1690000e+00
   2.1830000e+00
   2.1980000e+00
   2.2120000e+00
   2.2270000e+00
   2.2410000e+00
   2.2550000e+00
   2.2690000e+00
   2.2830000e+00
   2.2970000e+00
   2.3110000e+00
   2.3240000e+00
   2.3370000e+00
   2.3500000e+00
   2.3620000e+00
   2.3750000e+00
   2.3870000e+00
   2.4000000e+00
   2.4120000e+00
   2.4240000e+00
   2.4350000e+00
   2.4470000e+00
   2.4580000e+00
   2.4690000e+00
   2.4790000e+00
   2.4900000e+00
   2.5010000e+00
   2.5120000e+00
   2.5240000e+00
   2.5350000e+00
   2.5470000e+00
   2.5580000e+00
   2.5700000e+00
   2.5810000e+00
   2.5920000e+00
   2.6020000e+00
   2.6130000e+00
   2.6230000e+00
   2.6330000e+00
   2.6430000e+00
   2.6530000e+00
   2.6630000e+00
   2.6720000e+00
   2.6830000e+00
   2.6940000e+00
   2.7050000e+00
   2.7160000e+00
   2.7280000e+00
   2.7390000e+00
   2.7500000e+00
   2.7610000e+00
   2.7720000e+00
   2.7830000e+00
   2.7930000e+00
   2.8040000e+00
   2.8150000e+00
   2.8250000e+00
   2.8360000e+00
   2.8470000e+00
   2.8580000e+00
   2.8690000e+00
   2.8800000e+00
   2.8900000e+00
   2.9000000e+00
   2.9100000e+00
   2.9200000e+00
   2.9290000e+00
   2.9380000e+00
   2.9470000e+00
   2.9550000e+00
   2.9630000e+00
   2.9730000e+00
   2.9820000e+00
   2.9920000e+00
   3.0010000e+00
   3.0120000e+00
   3.0220000e+00
   3.0310000e+00
   3.0400000e+00
   3.0490000e+00
   3.0580000e+00
   3.0660000e+00
   3.0750000e+00
   3.0840000e+00
   3.0930000e+00
   3.1030000e+00
   3.1120000e+00
   3.1210000e+00
   3.1300000e+00
   3.1390000e+00
   3.1480000e+00
   3.1570000e+00
   3.1660000e+00
   3.1740000e+00
   3.1820000e+00
   3.1890000e+00
   3.1960000e+00
   3.2020000e+00
   3.2080000e+00
   3.2140000e+00
   3.2200000e+00
   3.2250000e+00
   3.2290000e+00
   3.2340000e+00
   3.2380000e+00
   3.2420000e+00
   3.2470000e+00
   3.2510000e+00
   3.2550000e+00
   3.2580000e+00
   3.2600000e+00
   3.2630000e+00
   3.2650000e+00
   3.2660000e+00
   3.2690000e+00
   3.2710000e+00
   3.2730000e+00
   3.2740000e+00
   3.2750000e+00
   3.2760000e+00
   3.2770000e+00
   3.2770000e+00
   3.2760000e+00
   3.2740000e+00
   3.2720000e+00
   3.2680000e+00
   3.2650000e+00
   3.2610000e+00
   3.2560000e+00
   3.2520000e+00
   3.2470000e+00
   3.2410000e+00
   3.2350000e+00
   3.2290000e+00
   3.2220000e+00
   3.2160000e+00
   3.2100000e+00
   3.2040000e+00
   3.1980000e+00
   3.1920000e+00
   3.1860000e+00
   3.1800000e+00
   3.1750000e+00
   3.1700000e+00
   3.1650000e+00
   3.1610000e+00
   3.1580000e+00
   3.1540000e+00
   3.1510000e+00
   3.1490000e+00
   3.1470000e+00
   3.1450000e+00
   3.1440000e+00
   3.1440000e+00
   3.1430000e+00
   3.1440000e+00
   3.1450000e+00
   3.1470000e+00
   3.1490000e+00
   3.1520000e+00
   3.1550000e+00
   3.1590000e+00
   3.1640000e+00
   3.1690000e+00
   3.1750000e+00
   3.1810000e+00
   3.1880000e+00
   3.1950000e+00
   3.2020000e+00
   3.2110000e+00
   3.2190000e+00
   3.2270000e+00
   3.2350000e+00
   3.2420000e+00
   3.2500000e+00
   3.2570000e+00
   3.2640000e+00
   3.2700000e+00
   3.2760000e+00
   3.2810000e+00
   3.2860000e+00
   3.2890000e+00
   3.2930000e+00
   3.2960000e+00
   3.2980000e+00
   3.3000000e+00
   3.3020000e+00
   3.3040000e+00
   3.3060000e+00
   3.3060000e+00
   3.3060000e+00
   3.3050000e+00
   3.3040000e+00
   3.3030000e+00
   3.3010000e+00
   3.2980000e+00
   3.2950000e+00
   3.2910000e+00
   3.2870000e+00
   3.2820000e+00
   3.2770000e+00
   3.2710000e+00
   3.2640000e+00
   3.2570000e+00
   3.2500000e+00
   3.2420000e+00
   3.2340000e+00
   3.2250000e+00
   3.2160000e+00
   3.2070000e+00
   3.1980000e+00
   3.1890000e+00
   3.1800000e+00
   3.1710000e+00
   3.1620000e+00
   3.1540000e+00
   3.1450000e+00
   3.1370000e+00
   3.1290000e+00
   3.1200000e+00
   3.1120000e+00
   3.1040000e+00
   3.0960000e+00
   3.0880000e+00
   3.0810000e+00
   3.0730000e+00
   3.0650000e+00
   3.0570000e+00
   3.0490000e+00
   3.0420000e+00
   3.0340000e+00
   3.0270000e+00
   3.0200000e+00
   3.0140000e+00
   3.0080000e+00
   3.0030000e+00
   2.9990000e+00
   2.9960000e+00
   2.9940000e+00
   2.9930000e+00
   2.9930000e+00
   2.9940000e+00
   2.9970000e+00
   3.0010000e+00
   3.0060000e+00
   3.0120000e+00
   3.0200000e+00
   3.0290000e+00
   3.0390000e+00
   3.0500000e+00
   3.0610000e+00
   3.0730000e+00
   3.0860000e+00
   3.0990000e+00
   3.1120000e+00
   3.1250000e+00
   3.1390000e+00
   3.1520000e+00
   3.1650000e+00
   3.1780000e+00
   3.1910000e+00
   3.2030000e+00
   3.2150000e+00
   3.2260000e+00
   3.2370000e+00
   3.2470000e+00
   3.2570000e+00
   3.2660000e+00
   3.2750000e+00
   3.2830000e+00
   3.2900000e+00
   3.2970000e+00
   3.3030000e+00
   3.3090000e+00
   3.3140000e+00
   3.3180000e+00
   3.3210000e+00
   3.3230000e+00
   3.3250000e+00
   3.3250000e+00
   3.3250000e+00
   3.3240000e+00
   3.3220000e+00
   3.3200000e+00
   3.3170000e+00
   3.3130000e+00
   3.3090000e+00
   3.3050000e+00
   3.3000000e+00
   3.2960000e+00
   3.2910000e+00
   3.2850000e+00
   3.2800000e+00
   3.2750000e+00
   3.2690000e+00
   3.2640000e+00
   3.2580000e+00
   3.2530000e+00
   3.2470000e+00
   3.2420000e+00
   3.2370000e+00
   3.2310000e+00
   3.2260000e+00
   3.2220000e+00
   3.2180000e+00
   3.2140000e+00
   3.2110000e+00
   3.2080000e+00
   3.2050000e+00
   3.2020000e+00
   3.1990000e+00
   3.1960000e+00
   3.1940000e+00
   3.1910000e+00
   3.1880000e+00
   3.1860000e+00
   3.1830000e+00
   3.1800000e+00
   3.1780000e+00
   3.1750000e+00
   3.1730000e+00
   3.1700000e+00
   3.1680000e+00
   3.1650000e+00
   3.1630000e+00
   3.1600000e+00
   3.1580000e+00
   3.1550000e+00
   3.1530000e+00
   3.1500000e+00
   3.1480000e+00
   3.1450000e+00
   3.1420000e+00
   3.1390000e+00
   3.1360000e+00
   3.1330000e+00
   3.1290000e+00
   3.1260000e+00
   3.1220000e+00
   3.1170000e+00
   3.1130000e+00
   3.1080000e+00
   3.1030000e+00
   3.0980000e+00
   3.0920000e+00
   3.0870000e+00
   3.0810000e+00
   3.0750000e+00
   3.0690000e+00
   3.0630000e+00
   3.0570000e+00
   3.0500000e+00
   3.0440000e+00
   3.0370000e+00
   3.0310000e+00
   3.0240000e+00
   3.0180000e+00
   3.0110000e+00
   3.0050000e+00
   2.9980000e+00
   2.9910000e+00
   2.9850000e+00
   2.9780000e+00
   2.9720000e+00
   2.9650000e+00
   2.9590000e+00
   2.9530000e+00
   2.9470000e+00
   2.9410000e+00
   2.9350000e+00
   2.9290000e+00
   2.9230000e+00
   2.9170000e+00
   2.9110000e+00
   2.9060000e+00
   2.9000000e+00
   2.8940000e+00
   2.8890000e+00
   2.8830000e+00
   2.8770000e+00
   2.8720000e+00
   2.8670000e+00
   2.8610000e+00
   2.8560000e+00
   2.8510000e+00
   2.8460000e+00
   2.8400000e+00
   2.8350000e+00
   2.8300000e+00
   2.8250000e+00
   2.8200000e+00
   2.8160000e+00
   2.8110000e+00
   2.8060000e+00
   2.8010000e+00
   2.7970000e+00
   2.7920000e+00
   2.7880000e+00
   2.7830000e+00
   2.7790000e+00
   2.7740000e+00
   2.7700000e+00
   2.7660000e+00
   2.7610000e+00
   2.7570000e+00
   2.7530000e+00
   2.7490000e+00
   2.7450000e+00
   2.7410000e+00
   2.7370000e+00
   2.7330000e+00
   2.7290000e+00
   2.7250000e+00
   2.7210000e+00
   2.7170000e+00
   2.7130000e+00
   2.7090000e+00
   2.7050000e+00
   2.7010000e+00
   2.6970000e+00
   2.6940000e+00
   2.6900000e+00
   2.6860000e+00
   2.6820000e+00
   2.6790000e+00
   2.6750000e+00
   2.6710000e+00
   2.6680000e+00
   2.6640000e+00
   2.6610000e+00
   2.6570000e+00
   2.6540000e+00
   2.6500000e+00
   2.6470000e+00
   2.6440000e+00
   2.6400000e+00
   2.6370000e+00
   2.6340000e+00
   2.6310000e+00
   2.6270000e+00
   2.6240000e+00
   2.6210000e+00
   2.6180000e+00
   2.6150000e+00
   2.6110000e+00
   2.6080000e+00
   2.6050000e+00
   2.6020000e+00
   2.5990000e+00
   2.5960000e+00
   2.5930000e+00
   2.5900000e+00
   2.5870000e+00
   2.5840000e+00
   2.5810000e+00
   2.5790000e+00
   2.5760000e+00
   2.5730000e+00
   2.5700000e+00
   2.5670000e+00
   2.5640000e+00
   2.5620000e+00
   2.5590000e+00
   2.5560000e+00
   2.5530000e+00
   2.5510000e+00
   2.5480000e+00
   2.5450000e+00
   2.5420000e+00
   2.5400000e+00
   2.5370000e+00
   2.5340000e+00
   2.5320000e+00
   2.5290000e+00
   2.5260000e+00
   2.5240000e+00
   2.5210000e+00
   2.5180000e+00
   2.5160000e+00
   2.5130000e+00
   2.5110000e+00
   2.5080000e+00
   2.5050000e+00
   2.5030000e+00
   2.5000000e+00
   2.4980000e+00
   2.4950000e+00
   2.4920000e+00
   2.4900000e+00
   2.4870000e+00
   2.4850000e+00
   2.4820000e+00
   2.4800000e+00
   2.4770000e+00
   2.4750000e+00
   2.4720000e+00
   2.4700000e+00
   2.4670000e+00
   2.4650000e+00
   2.4620000e+00
   2.4600000e+00
   2.4570000e+00
   2.4550000e+00
   2.4520000e+00
   2.4500000e+00
   2.4480000e+00
   2.4450000e+00
   2.4430000e+00
   2.4410000e+00
   2.4380000e+00
   2.4360000e+00
   2.4340000e+00
   2.4310000e+00
   2.4290000e+00
   2.4270000e+00
   2.4240000e+00
   2.4220000e+00
   2.4200000e+00
   2.4170000e+00
   2.4150000e+00
   2.4130000e+00
   2.4110000e+00
   2.4080000e+00
   2.4060000e+00
   2.4040000e+00
   2.4020000e+00
   2.3990000e+00
   2.3970000e+00
   2.3950000e+00
   2.3930000e+00
   2.3910000e+00
   2.3880000e+00
   2.3860000e+00
   2.3840000e+00
   2.3820000e+00
   2.3800000e+00
   2.3780000e+00
   2.3750000e+00
   2.3730000e+00
   2.3710000e+00
   2.3690000e+00
   2.3670000e+00
   2.3650000e+00
   2.3630000e+00
   2.3600000e+00
   2.3580000e+00
   2.3560000e+00
   2.3540000e+00
   2.3520000e+00
   2.3500000e+00
   2.3480000e+00
   2.3460000e+00
   2.3440000e+00
   2.3420000e+00
   2.3400000e+00
   2.3380000e+00
   2.3360000e+00
   2.3340000e+00
   2.3320000e+00
   2.3300000e+00
   2.3290000e+00
   2.3270000e+00
   2.3250000e+00
   2.3230000e+00
   2.3210000e+00
   2.3200000e+00
   2.3180000e+00
   2.3160000e+00
   2.3150000e+00
   2.3130000e+00
   2.3120000e+00
   2.3100000e+00
   2.3090000e+00
   2.3070000e+00
   2.3060000e+00
   2.3050000e+00
   2.3040000e+00
   2.3030000e+00
   2.3020000e+00
   2.3010000e+00
   2.3000000e+00
   2.3000000e+00
