   2.5940000e+00   8.0200000e-01
   9.5720000e+00   9.1900000e-01
   1.6350000e+01   8.8100000e-01
   2.3144000e+01   8.2600000e-01
   2.9917000e+01   8.2100000e-01
   3.6668000e+01   8.7600000e-01
   4.3290000e+01   8.5000000e-01
   5.0038000e+01   8.0600000e-01
   5.6788000e+01   8.3800000e-01
   6.3423000e+01   8.4100000e-01
   6.9954000e+01   8.4000000e-01
   7.6583000e+01   7.8300000e-01
   8.3155000e+01   8.7700000e-01
   8.9770000e+01   8.2600000e-01
   9.6413000e+01   8.2400000e-01
   1.0320800e+02   8.0600000e-01
   1.1000000e+02   9.1600000e-01
   1.1675700e+02   8.2500000e-01
