   2.6430000e+00   8.7700000e-01
   9.2650000e+00   7.8100000e-01
   1.5794000e+01   8.9800000e-01
   2.2726000e+01   7.8400000e-01
   2.9718000e+01   9.5800000e-01
   3.6486000e+01   7.5700000e-01
   4.3837000e+01   9.0100000e-01
   5.0439000e+01   8.8100000e-01
   5.7548000e+01   8.1100000e-01
   6.4108000e+01   9.1500000e-01
   7.1032000e+01   7.6300000e-01
   7.7885000e+01   8.9300000e-01
   8.4128000e+01   7.0400000e-01
   9.1272000e+01   9.0400000e-01
   9.7813000e+01   8.7900000e-01
   1.0502300e+02   8.2300000e-01
   1.1159700e+02   8.8000000e-01
   1.1835300e+02   7.6400000e-01
