   2.5640000e+00   6.9000000e-01
   8.3960000e+00   7.3500000e-01
   1.4717000e+01   7.0000000e-01
   2.0944000e+01   8.6700000e-01
   2.7547000e+01   9.4300000e-01
   3.4305000e+01   8.7600000e-01
   4.0679000e+01   7.1500000e-01
   4.7078000e+01   8.0500000e-01
   5.2938000e+01   6.9300000e-01
   5.9262000e+01   8.4000000e-01
   6.5696000e+01   8.3800000e-01
   7.2461000e+01   8.0500000e-01
   7.9648000e+01   7.7200000e-01
   8.6847000e+01   7.9100000e-01
   9.3509000e+01   9.0300000e-01
   1.0036900e+02   8.8200000e-01
   1.0688600e+02   8.0500000e-01
   1.1384100e+02   7.1000000e-01
   1.2070400e+02   9.3300000e-01
