   2.5440000e+00   9.6400000e-01
   1.0323000e+01   9.8400000e-01
   1.8006000e+01   9.6700000e-01
   2.5784000e+01   9.7700000e-01
   3.3561000e+01   9.7500000e-01
   4.1533000e+01   9.9300000e-01
   4.9211000e+01   8.9900000e-01
   5.6679000e+01   9.6100000e-01
   6.4458000e+01   9.8900000e-01
   7.2300000e+01   9.5400000e-01
   7.9798000e+01   9.1000000e-01
   8.7054000e+01   8.9200000e-01
   9.4470000e+01   9.3100000e-01
   1.0197900e+02   9.1200000e-01
   1.0928200e+02   9.1900000e-01
   1.1681700e+02   9.5100000e-01
