   2.7770000e+00   8.9500000e-01
   1.1109000e+01   9.5100000e-01
   1.9454000e+01   1.0710000e+00
   2.7682000e+01   1.1480000e+00
   3.5590000e+01   9.5000000e-01
   4.3874000e+01   8.8700000e-01
   5.2144000e+01   9.9900000e-01
   5.9612000e+01   1.2700000e+00
   6.7435000e+01   8.3100000e-01
   7.5663000e+01   8.8600000e-01
   8.3352000e+01   1.1150000e+00
   9.0190000e+01   8.1300000e-01
   9.8238000e+01   8.1500000e-01
   1.0578000e+02   1.0480000e+00
   1.1247000e+02   7.8600000e-01
   1.2040000e+02   8.5300000e-01
