   2.2060000e+00   8.7300000e-01
   9.0300000e+00   8.2600000e-01
   1.5789000e+01   8.3600000e-01
   2.2509000e+01   8.4500000e-01
   2.9297000e+01   8.5100000e-01
   3.5982000e+01   8.5500000e-01
   4.2860000e+01   8.6900000e-01
   4.9534000e+01   8.6900000e-01
   5.6303000e+01   8.6500000e-01
   6.3054000e+01   9.0100000e-01
   6.9896000e+01   8.5400000e-01
   7.6493000e+01   8.3500000e-01
   8.3263000e+01   8.2000000e-01
   8.9887000e+01   8.4100000e-01
   9.6473000e+01   8.1000000e-01
   1.0315500e+02   8.1800000e-01
   1.0992300e+02   8.4100000e-01
   1.1680700e+02   8.6900000e-01
