   2.4170000e+00   7.4400000e-01
   1.1099000e+01   1.1450000e+00
   1.8733000e+01   1.0480000e+00
   2.6646000e+01   1.1200000e+00
   3.3923000e+01   7.8000000e-01
   4.1193000e+01   8.5400000e-01
   4.8130000e+01   8.7600000e-01
   5.6147000e+01   1.1350000e+00
   6.4268000e+01   1.0530000e+00
   7.1725000e+01   1.2950000e+00
   7.9784000e+01   9.3300000e-01
   8.7454000e+01   8.2600000e-01
   9.5359000e+01   8.6100000e-01
   1.0321000e+02   1.0880000e+00
   1.1116200e+02   1.1530000e+00
   1.1876800e+02   1.0010000e+00
