   2.3710000e+00   1.0410000e+00
   1.0490000e+01   9.5400000e-01
   1.8365000e+01   9.6600000e-01
   2.6102000e+01   9.7900000e-01
   3.4012000e+01   9.9900000e-01
   4.1489000e+01   9.6700000e-01
   4.9018000e+01   9.5600000e-01
   5.6591000e+01   9.7600000e-01
   6.4338000e+01   9.4800000e-01
   7.1502000e+01   8.9500000e-01
   7.9062000e+01   9.1200000e-01
   8.6770000e+01   9.4000000e-01
   9.4095000e+01   9.1500000e-01
   1.0155700e+02   9.8000000e-01
   1.0900600e+02   9.5100000e-01
   1.1647100e+02   9.9100000e-01
