   2.0880000e+00   6.9100000e-01
   7.2070000e+00   6.4600000e-01
   1.2873000e+01   7.3600000e-01
   1.8219000e+01   6.7500000e-01
   2.3878000e+01   6.9500000e-01
   2.9021000e+01   6.2400000e-01
   3.4615000e+01   6.8200000e-01
   3.9864000e+01   6.4200000e-01
   4.5445000e+01   6.5300000e-01
   5.0560000e+01   6.7500000e-01
   5.6183000e+01   6.5900000e-01
   6.1447000e+01   7.0600000e-01
   6.6835000e+01   6.4600000e-01
   7.2156000e+01   7.3000000e-01
   7.7530000e+01   6.4000000e-01
   8.2973000e+01   7.2100000e-01
   8.8329000e+01   6.3700000e-01
   9.3936000e+01   7.1700000e-01
   9.9178000e+01   6.3800000e-01
   1.0475300e+02   6.6500000e-01
   1.1008100e+02   6.8300000e-01
   1.1556100e+02   6.4900000e-01
