   2.1800000e+00   7.3100000e-01
   7.6920000e+00   6.7300000e-01
   1.3692000e+01   7.0500000e-01
   1.9058000e+01   7.4800000e-01
   2.4969000e+01   6.7400000e-01
   3.0644000e+01   7.2900000e-01
   3.6002000e+01   6.7200000e-01
   4.1729000e+01   6.7000000e-01
   4.7101000e+01   7.4200000e-01
   5.2655000e+01   6.3600000e-01
   5.8288000e+01   7.3800000e-01
   6.3643000e+01   6.4200000e-01
   6.9205000e+01   6.5400000e-01
   7.4413000e+01   7.1700000e-01
   8.0075000e+01   6.6600000e-01
   8.5662000e+01   7.3100000e-01
   9.1034000e+01   6.5300000e-01
   9.6721000e+01   6.7000000e-01
   1.0223200e+02   7.8100000e-01
   1.0799000e+02   6.5300000e-01
   1.1384900e+02   7.2600000e-01
   1.1930700e+02   6.9700000e-01
