   2.1750000e+00   8.9400000e-01
   9.2010000e+00   8.3100000e-01
   1.6676000e+01   9.0900000e-01
   2.3592000e+01   9.2100000e-01
   3.0641000e+01   8.2700000e-01
   3.7537000e+01   8.3600000e-01
   4.4087000e+01   8.6300000e-01
   5.1048000e+01   7.9500000e-01
   5.7713000e+01   8.6200000e-01
   6.4384000e+01   8.2000000e-01
   7.1339000e+01   8.6100000e-01
   7.8290000e+01   9.1300000e-01
   8.5335000e+01   8.2500000e-01
   9.2178000e+01   8.7700000e-01
   9.8879000e+01   8.8100000e-01
   1.0614400e+02   8.8600000e-01
   1.1329500e+02   8.7400000e-01
   1.1978200e+02   8.0600000e-01
