   2.5770000e+00   7.9100000e-01
   8.7760000e+00   7.8700000e-01
   1.4938000e+01   7.6200000e-01
   2.1278000e+01   7.8500000e-01
   2.7239000e+01   7.6300000e-01
   3.3772000e+01   7.5300000e-01
   3.9890000e+01   8.1000000e-01
   4.5978000e+01   7.1900000e-01
   5.2386000e+01   8.7000000e-01
   5.8623000e+01   7.4300000e-01
   6.5229000e+01   8.2000000e-01
   7.1457000e+01   8.0900000e-01
   7.8094000e+01   7.6300000e-01
   8.4487000e+01   8.8800000e-01
   9.0863000e+01   7.4500000e-01
   9.7452000e+01   8.1800000e-01
   1.0342300e+02   7.5400000e-01
   1.1027900e+02   7.8800000e-01
   1.1664400e+02   9.0100000e-01
