   2.0850000e+00   8.3100000e-01
   8.8150000e+00   8.2900000e-01
   1.5608000e+01   8.7500000e-01
   2.2816000e+01   8.7200000e-01
   3.0008000e+01   8.6200000e-01
   3.7233000e+01   9.3100000e-01
   4.4354000e+01   9.0400000e-01
   5.1357000e+01   9.0400000e-01
   5.8286000e+01   8.8900000e-01
   6.5443000e+01   8.5400000e-01
   7.2569000e+01   8.7000000e-01
   7.9693000e+01   8.9300000e-01
   8.6744000e+01   9.1300000e-01
   9.3818000e+01   9.0900000e-01
   1.0097100e+02   8.6300000e-01
   1.0799000e+02   8.4800000e-01
   1.1503000e+02   8.7800000e-01
