   2.4910000e+00   6.7300000e-01
   9.1070000e+00   8.1800000e-01
   1.4984000e+01   9.0600000e-01
   2.1686000e+01   7.0600000e-01
   2.8277000e+01   8.9600000e-01
   3.4388000e+01   8.5700000e-01
   4.0284000e+01   7.1300000e-01
   4.6857000e+01   7.6500000e-01
   5.3293000e+01   8.1300000e-01
   5.9521000e+01   8.4900000e-01
   6.5594000e+01   7.6600000e-01
   7.1410000e+01   7.5300000e-01
   7.6988000e+01   7.1300000e-01
   8.3107000e+01   7.3600000e-01
   8.9173000e+01   7.2100000e-01
   9.4669000e+01   7.4400000e-01
   1.0085900e+02   6.8700000e-01
   1.0722800e+02   7.8700000e-01
   1.1308700e+02   8.3400000e-01
   1.1888000e+02   6.4800000e-01
