   2.3540000e+00   8.9200000e-01
   9.7830000e+00   8.6400000e-01
   1.7398000e+01   9.9900000e-01
   2.5099000e+01   1.0740000e+00
   3.2767000e+01   1.0410000e+00
   4.0543000e+01   9.6100000e-01
   4.8224000e+01   8.9400000e-01
   5.6031000e+01   8.8200000e-01
   6.3647000e+01   9.3600000e-01
   7.1079000e+01   9.9100000e-01
   7.8240000e+01   9.5100000e-01
   8.5619000e+01   8.7800000e-01
   9.3086000e+01   8.6100000e-01
   1.0062600e+02   9.6000000e-01
   1.0811200e+02   1.0390000e+00
   1.1548800e+02   9.7100000e-01
