   2.0370000e+00   7.5600000e-01
   8.4080000e+00   9.1700000e-01
   1.4947000e+01   7.2000000e-01
   2.1827000e+01   8.5900000e-01
   2.8120000e+01   8.7400000e-01
   3.4973000e+01   7.4700000e-01
   4.1721000e+01   9.1000000e-01
   4.8115000e+01   7.6500000e-01
   5.5011000e+01   8.3200000e-01
   6.1173000e+01   8.8700000e-01
   6.8121000e+01   7.5000000e-01
   7.4770000e+01   9.0800000e-01
   8.1100000e+01   7.3600000e-01
   8.8196000e+01   8.5000000e-01
   9.4678000e+01   8.7900000e-01
   1.0106600e+02   7.0300000e-01
   1.0777900e+02   9.1800000e-01
   1.1415800e+02   7.8800000e-01
