   1.3280000e+00   7.8900000e-01
   7.5510000e+00   8.1500000e-01
   1.4039000e+01   7.6300000e-01
   2.0505000e+01   7.9400000e-01
   2.6801000e+01   8.1600000e-01
   3.3086000e+01   7.6600000e-01
   3.9777000e+01   7.8600000e-01
   4.6198000e+01   8.3800000e-01
   5.2602000e+01   7.7100000e-01
   5.8923000e+01   7.5200000e-01
   6.5396000e+01   8.5200000e-01
   7.1905000e+01   8.2200000e-01
   7.8367000e+01   7.8400000e-01
   8.4704000e+01   8.2200000e-01
   9.1225000e+01   8.2300000e-01
   9.7865000e+01   8.3200000e-01
   1.0456900e+02   7.6800000e-01
   1.1080800e+02   8.0600000e-01
   1.1720500e+02   7.9000000e-01
