   2.3530000e+00   7.9500000e-01
   8.7940000e+00   8.7800000e-01
   1.5568000e+01   7.8900000e-01
   2.2399000e+01   8.0000000e-01
   2.8994000e+01   9.1700000e-01
   3.5539000e+01   8.3300000e-01
   4.2538000e+01   7.8100000e-01
   4.9626000e+01   8.6600000e-01
   5.6435000e+01   9.3400000e-01
   6.3079000e+01   8.4200000e-01
   6.9920000e+01   7.6000000e-01
   7.6969000e+01   8.6300000e-01
   8.3829000e+01   9.5100000e-01
   9.0684000e+01   8.5700000e-01
   9.7567000e+01   7.6100000e-01
   1.0449900e+02   8.9700000e-01
   1.1119100e+02   8.8700000e-01
   1.1777200e+02   7.8200000e-01
