   2.0850000e+00   8.6600000e-01
   8.9140000e+00   8.0500000e-01
   1.7765000e+01   9.8100000e-01
   2.5778000e+01   8.4900000e-01
   3.3670000e+01   9.6100000e-01
   4.1411000e+01   8.3700000e-01
   4.9292000e+01   1.0300000e+00
   5.6946000e+01   1.0850000e+00
   6.4719000e+01   1.0440000e+00
   7.2318000e+01   1.0460000e+00
   7.9835000e+01   9.9000000e-01
   8.7474000e+01   9.3900000e-01
   9.4884000e+01   7.7900000e-01
   1.0263400e+02   8.4000000e-01
   1.1028100e+02   8.6700000e-01
   1.1783300e+02   9.7700000e-01
