   1.6560000e+00   8.6400000e-01
   8.2340000e+00   8.2300000e-01
   1.5143000e+01   8.5300000e-01
   2.1758000e+01   8.8400000e-01
   2.8878000e+01   8.2700000e-01
   3.5797000e+01   9.3000000e-01
   4.2694000e+01   8.2600000e-01
   4.9798000e+01   8.7700000e-01
   5.6512000e+01   8.8400000e-01
   6.3714000e+01   8.2500000e-01
   7.0544000e+01   9.2500000e-01
   7.7592000e+01   8.1600000e-01
   8.4445000e+01   8.8200000e-01
   9.1119000e+01   8.1700000e-01
   9.8161000e+01   8.6600000e-01
   1.0494600e+02   9.3400000e-01
   1.1220900e+02   8.3800000e-01
   1.1905900e+02   9.4700000e-01
