   2.1660000e+00   6.9900000e-01
   7.5680000e+00   6.4400000e-01
   1.3646000e+01   7.9900000e-01
   1.9129000e+01   6.4500000e-01
   2.4788000e+01   7.5400000e-01
   3.0217000e+01   6.6100000e-01
   3.6479000e+01   7.3900000e-01
   4.1786000e+01   6.9300000e-01
   4.8117000e+01   6.9600000e-01
   5.4222000e+01   9.4300000e-01
   6.0446000e+01   6.8400000e-01
   6.6718000e+01   8.6800000e-01
   7.2660000e+01   7.0500000e-01
   7.9427000e+01   7.8100000e-01
   8.5189000e+01   7.7200000e-01
   9.1711000e+01   7.1000000e-01
   9.7640000e+01   9.2900000e-01
   1.0402600e+02   6.9300000e-01
   1.1042700e+02   8.5400000e-01
   1.1611500e+02   6.7800000e-01
