   2.2810000e+00   9.6000000e-01
   1.0537000e+01   1.0870000e+00
   1.8193000e+01   1.0020000e+00
   2.7221000e+01   9.2800000e-01
   3.5717000e+01   1.1210000e+00
   4.3042000e+01   9.1800000e-01
   5.1516000e+01   8.3300000e-01
   5.9580000e+01   1.0690000e+00
   6.6554000e+01   8.7600000e-01
   7.4747000e+01   8.0300000e-01
   8.1672000e+01   9.1200000e-01
   8.8202000e+01   7.8000000e-01
   9.6292000e+01   9.8800000e-01
   1.0335900e+02   1.1240000e+00
   1.1168400e+02   8.7500000e-01
   1.1980900e+02   1.0510000e+00
