   2.7010000e+00   8.6700000e-01
   9.7550000e+00   8.8800000e-01
   1.6793000e+01   8.9100000e-01
   2.3717000e+01   8.4400000e-01
   3.0812000e+01   8.7800000e-01
   3.7814000e+01   8.8900000e-01
   4.4741000e+01   8.7800000e-01
   5.1687000e+01   8.7300000e-01
   5.8804000e+01   8.9200000e-01
   6.5774000e+01   9.0200000e-01
   7.2984000e+01   9.0600000e-01
   7.9932000e+01   8.5100000e-01
   8.6947000e+01   9.2100000e-01
   9.4182000e+01   8.9200000e-01
   1.0143700e+02   8.7300000e-01
   1.0839100e+02   8.8300000e-01
   1.1539000e+02   9.0000000e-01
