   2.3230000e+00   7.6800000e-01
   8.3750000e+00   8.2100000e-01
   1.4411000e+01   8.0600000e-01
   2.0283000e+01   7.7900000e-01
   2.5928000e+01   7.2700000e-01
   3.1613000e+01   7.6100000e-01
   3.7327000e+01   7.4100000e-01
   4.3176000e+01   6.6500000e-01
   4.8799000e+01   6.6400000e-01
   5.4960000e+01   7.1500000e-01
   6.0859000e+01   6.8400000e-01
   6.6680000e+01   7.3000000e-01
   7.2327000e+01   7.8400000e-01
   7.8017000e+01   7.5100000e-01
   8.3747000e+01   6.3600000e-01
   8.9458000e+01   6.8400000e-01
   9.5061000e+01   7.1900000e-01
   1.0063900e+02   7.9600000e-01
   1.0625800e+02   7.1100000e-01
   1.1210400e+02   7.0200000e-01
   1.1752500e+02   6.9200000e-01
