   2.6240000e+00   8.1400000e-01
   9.3130000e+00   1.0130000e+00
   1.5790000e+01   9.7100000e-01
   2.3136000e+01   6.7800000e-01
   3.1384000e+01   9.5400000e-01
   3.7963000e+01   1.0910000e+00
   4.5483000e+01   6.8200000e-01
   5.3457000e+01   8.0700000e-01
   6.0163000e+01   1.1860000e+00
   6.6632000e+01   6.4300000e-01
   7.4610000e+01   8.7800000e-01
   8.0676000e+01   1.1040000e+00
   8.8152000e+01   6.4400000e-01
   9.5914000e+01   8.8200000e-01
   1.0221100e+02   1.0620000e+00
   1.0939700e+02   6.9900000e-01
   1.1742400e+02   9.6100000e-01
