   2.7460000e+00   7.7100000e-01
   9.5110000e+00   8.5300000e-01
   1.6464000e+01   9.0500000e-01
   2.3333000e+01   8.8400000e-01
   3.0355000e+01   8.4100000e-01
   3.7288000e+01   8.7700000e-01
   4.3731000e+01   8.5100000e-01
   5.0476000e+01   7.8200000e-01
   5.7186000e+01   8.8600000e-01
   6.3855000e+01   8.6000000e-01
   7.0811000e+01   8.1000000e-01
   7.7909000e+01   8.9900000e-01
   8.4664000e+01   9.0400000e-01
   9.1458000e+01   7.8600000e-01
   9.8064000e+01   8.2000000e-01
   1.0463600e+02   9.0100000e-01
   1.1133000e+02   7.7400000e-01
   1.1800500e+02   8.7000000e-01
