   2.6670000e+00   9.3000000e-01
   1.0069000e+01   1.1170000e+00
   1.7222000e+01   9.9500000e-01
   2.4471000e+01   7.5600000e-01
   3.1758000e+01   7.5600000e-01
   3.8999000e+01   1.0200000e+00
   4.5792000e+01   1.0350000e+00
   5.2861000e+01   8.5700000e-01
   6.0256000e+01   7.3000000e-01
   6.7982000e+01   8.9200000e-01
   7.4967000e+01   9.9900000e-01
   8.1941000e+01   9.8000000e-01
   8.8829000e+01   7.3900000e-01
   9.6432000e+01   8.0200000e-01
   1.0357300e+02   1.0100000e+00
   1.1072100e+02   1.0720000e+00
   1.1777600e+02   1.0140000e+00
