   2.9260000e+00   9.5900000e-01
   1.0747000e+01   9.3400000e-01
   1.8602000e+01   9.0800000e-01
   2.6356000e+01   9.0500000e-01
   3.4071000e+01   9.0200000e-01
   4.1633000e+01   9.8300000e-01
   4.9165000e+01   9.7900000e-01
   5.6545000e+01   9.6000000e-01
   6.3761000e+01   9.4800000e-01
   7.1106000e+01   9.2300000e-01
   7.8679000e+01   9.1500000e-01
   8.6384000e+01   8.7200000e-01
   9.3999000e+01   9.3000000e-01
   1.0164900e+02   9.8400000e-01
   1.0926500e+02   9.8600000e-01
   1.1684100e+02   9.9200000e-01
