   2.0780000e+00   7.2100000e-01
   7.5840000e+00   6.5700000e-01
   1.4075000e+01   7.3700000e-01
   2.0033000e+01   8.2000000e-01
   2.6048000e+01   7.8500000e-01
   3.2506000e+01   7.2200000e-01
   3.9328000e+01   8.3300000e-01
   4.5345000e+01   8.8300000e-01
   5.1659000e+01   7.7300000e-01
   5.8058000e+01   7.4600000e-01
   6.4563000e+01   8.2900000e-01
   7.0675000e+01   8.4200000e-01
   7.6822000e+01   7.3800000e-01
   8.3356000e+01   7.3200000e-01
   8.9684000e+01   9.0000000e-01
   9.5796000e+01   7.9800000e-01
   1.0187000e+02   7.1000000e-01
   1.0812700e+02   7.0500000e-01
   1.1409500e+02   8.1300000e-01
   1.2004900e+02   7.6500000e-01
