   2.0940000e+00   9.8100000e-01
   9.7950000e+00   9.1400000e-01
   1.7752000e+01   9.7700000e-01
   2.5158000e+01   9.7800000e-01
   3.2652000e+01   9.6600000e-01
   4.0005000e+01   9.0700000e-01
   4.7514000e+01   8.7300000e-01
   5.5247000e+01   9.3800000e-01
   6.2823000e+01   9.8100000e-01
   7.0190000e+01   9.2300000e-01
   7.7271000e+01   9.5600000e-01
   8.5069000e+01   8.6800000e-01
   9.2378000e+01   9.1400000e-01
   1.0017900e+02   9.9100000e-01
   1.0774800e+02   1.0750000e+00
   1.1557100e+02   9.6400000e-01
