   2.3120000e+00   6.8200000e-01
   7.8340000e+00   6.8800000e-01
   1.3292000e+01   6.9300000e-01
   1.8835000e+01   6.9200000e-01
   2.4824000e+01   7.6900000e-01
   3.0769000e+01   7.4300000e-01
   3.6734000e+01   7.3900000e-01
   4.2546000e+01   7.1700000e-01
   4.8306000e+01   7.4700000e-01
   5.4192000e+01   7.2000000e-01
   6.0009000e+01   7.1400000e-01
   6.5742000e+01   7.2300000e-01
   7.1502000e+01   6.9000000e-01
   7.7279000e+01   7.2800000e-01
   8.3030000e+01   7.0200000e-01
   8.8593000e+01   6.8400000e-01
   9.4040000e+01   6.9300000e-01
   9.9543000e+01   7.0600000e-01
   1.0550000e+02   7.8400000e-01
   1.1155700e+02   7.7700000e-01
   1.1751700e+02   7.1700000e-01
