   2.9010000e+00   9.1800000e-01
   1.0301000e+01   1.0810000e+00
   1.7046000e+01   7.9100000e-01
   2.4802000e+01   9.4900000e-01
   3.2154000e+01   1.0390000e+00
   3.9503000e+01   8.1400000e-01
   4.6777000e+01   8.9600000e-01
   5.3752000e+01   1.0080000e+00
   6.0858000e+01   7.6500000e-01
   6.8813000e+01   9.7900000e-01
   7.6350000e+01   1.0630000e+00
   8.3555000e+01   7.9800000e-01
   9.1521000e+01   9.4000000e-01
   9.8912000e+01   9.9800000e-01
   1.0601100e+02   8.6400000e-01
   1.1371200e+02   8.7700000e-01
   1.2074200e+02   9.3500000e-01
