   2.1160000e+00   9.5500000e-01
   9.8230000e+00   1.0650000e+00
   1.7838000e+01   9.2300000e-01
   2.6123000e+01   9.9700000e-01
   3.4152000e+01   1.0650000e+00
   4.2045000e+01   1.0210000e+00
   5.0027000e+01   9.0500000e-01
   5.8172000e+01   1.0130000e+00
   6.5823000e+01   1.0240000e+00
   7.3488000e+01   9.5800000e-01
   8.1455000e+01   9.3500000e-01
   8.9121000e+01   9.3400000e-01
   9.6495000e+01   9.8600000e-01
   1.0427100e+02   9.0200000e-01
   1.1238000e+02   1.0060000e+00
   1.2005700e+02   1.0480000e+00
