   2.2920000e+00   1.0910000e+00
   8.8720000e+00   7.4200000e-01
   1.5241000e+01   9.8200000e-01
   2.2150000e+01   7.4700000e-01
   2.8071000e+01   7.2700000e-01
   3.5217000e+01   8.1500000e-01
   4.1176000e+01   7.2600000e-01
   4.7626000e+01   9.7900000e-01
   5.4282000e+01   7.3800000e-01
   6.0049000e+01   7.1500000e-01
   6.7030000e+01   8.7800000e-01
   7.3118000e+01   7.2000000e-01
   7.8866000e+01   7.4200000e-01
   8.5970000e+01   7.7500000e-01
   9.1727000e+01   7.0400000e-01
   9.8462000e+01   9.4700000e-01
   1.0452600e+02   7.0800000e-01
   1.1020100e+02   7.2400000e-01
   1.1702700e+02   7.4600000e-01
