   2.0120000e+00   9.0000000e-01
   9.6820000e+00   9.8400000e-01
   1.7346000e+01   1.0060000e+00
   2.4957000e+01   9.9300000e-01
   3.2448000e+01   9.3600000e-01
   4.0096000e+01   8.8900000e-01
   4.7701000e+01   9.1300000e-01
   5.5281000e+01   9.7100000e-01
   6.2616000e+01   9.6400000e-01
   6.9779000e+01   9.1600000e-01
   7.7047000e+01   8.3700000e-01
   8.4615000e+01   9.2200000e-01
   9.2104000e+01   9.5900000e-01
   9.9636000e+01   1.0150000e+00
   1.0708400e+02   9.6400000e-01
   1.1438000e+02   8.6000000e-01
