   1.0070000e+00   7.2200000e-01
   6.8830000e+00   7.1700000e-01
   1.3144000e+01   8.0500000e-01
   1.9420000e+01   7.8600000e-01
   2.5667000e+01   7.7300000e-01
   3.1864000e+01   7.8200000e-01
   3.8152000e+01   7.5200000e-01
   4.4234000e+01   7.6900000e-01
   5.0759000e+01   7.7100000e-01
   5.7022000e+01   7.8300000e-01
   6.3315000e+01   7.9600000e-01
   6.9641000e+01   7.8700000e-01
   7.6020000e+01   7.8900000e-01
   8.2237000e+01   7.5700000e-01
   8.8394000e+01   7.6900000e-01
   9.4619000e+01   7.6100000e-01
   1.0079600e+02   7.9400000e-01
   1.0714800e+02   7.8600000e-01
   1.1340500e+02   7.8700000e-01
   1.1965700e+02   7.8900000e-01
