   2.0630000e+00   8.0300000e-01
   8.5410000e+00   7.3200000e-01
   1.5435000e+01   8.6600000e-01
   2.1781000e+01   9.2000000e-01
   2.8521000e+01   7.1700000e-01
   3.5360000e+01   8.7600000e-01
   4.1716000e+01   8.9200000e-01
   4.8562000e+01   7.4200000e-01
   5.5517000e+01   9.1300000e-01
   6.2080000e+01   9.2300000e-01
   6.8837000e+01   7.2900000e-01
   7.5725000e+01   8.7000000e-01
   8.1800000e+01   8.2500000e-01
   8.8603000e+01   7.5700000e-01
   9.5727000e+01   9.0000000e-01
   1.0236500e+02   9.2300000e-01
   1.0908600e+02   7.7300000e-01
   1.1600300e+02   8.3400000e-01
