   2.4720000e+00   7.2000000e-01
   8.5660000e+00   8.0600000e-01
   1.4383000e+01   7.4500000e-01
   2.0508000e+01   7.0300000e-01
   2.6632000e+01   8.6600000e-01
   3.2542000e+01   7.3100000e-01
   3.8670000e+01   7.0800000e-01
   4.4597000e+01   7.9400000e-01
   5.0326000e+01   6.8600000e-01
   5.6467000e+01   7.4000000e-01
   6.2312000e+01   8.0800000e-01
   6.8219000e+01   6.8000000e-01
   7.4459000e+01   7.5900000e-01
   8.0317000e+01   7.9400000e-01
   8.6305000e+01   6.9600000e-01
   9.2380000e+01   7.7100000e-01
   9.8303000e+01   8.0300000e-01
   1.0453800e+02   7.0400000e-01
   1.1071200e+02   7.9200000e-01
   1.1659300e+02   7.8400000e-01
