   2.4990000e+00   5.9900000e-01
   7.3910000e+00   6.4600000e-01
   1.2953000e+01   6.7100000e-01
   1.8617000e+01   7.2600000e-01
   2.4244000e+01   7.4100000e-01
   2.9857000e+01   6.6200000e-01
   3.5146000e+01   6.9700000e-01
   4.0271000e+01   6.1300000e-01
   4.5682000e+01   6.8400000e-01
   5.1164000e+01   7.2900000e-01
   5.6622000e+01   6.5300000e-01
   6.2147000e+01   6.8000000e-01
   6.7518000e+01   6.9800000e-01
   7.2970000e+01   6.4700000e-01
   7.8318000e+01   7.1600000e-01
   8.3581000e+01   6.2900000e-01
   8.9009000e+01   6.6800000e-01
   9.4252000e+01   6.9100000e-01
   9.9808000e+01   6.6000000e-01
   1.0531200e+02   7.0300000e-01
   1.1081000e+02   7.2600000e-01
   1.1632000e+02   6.5100000e-01
