   2.2430000e+00   9.6500000e-01
   9.2390000e+00   1.0760000e+00
   1.6889000e+01   7.8400000e-01
   2.3976000e+01   1.1090000e+00
   3.1486000e+01   8.2200000e-01
   3.9628000e+01   9.8800000e-01
   4.6994000e+01   1.1530000e+00
   5.4567000e+01   8.2300000e-01
   6.2600000e+01   1.0490000e+00
   7.0012000e+01   1.0510000e+00
   7.8628000e+01   9.9200000e-01
   8.6821000e+01   1.0980000e+00
   9.4487000e+01   1.2140000e+00
   1.0306300e+02   8.5100000e-01
   1.1125700e+02   1.0700000e+00
   1.1834900e+02   9.6600000e-01
