   2.0700000e+00   8.3600000e-01
   9.0510000e+00   9.1200000e-01
   1.5803000e+01   8.2100000e-01
   2.2820000e+01   8.5700000e-01
   2.9785000e+01   8.5400000e-01
   3.6814000e+01   8.3400000e-01
   4.3605000e+01   8.7100000e-01
   5.0372000e+01   8.7300000e-01
   5.7191000e+01   8.2700000e-01
   6.3920000e+01   8.6400000e-01
   7.0395000e+01   8.1300000e-01
   7.7081000e+01   7.9500000e-01
   8.3616000e+01   8.2500000e-01
   9.0314000e+01   8.4700000e-01
   9.6990000e+01   8.2400000e-01
   1.0375600e+02   8.0400000e-01
   1.1017200e+02   8.1400000e-01
   1.1681800e+02   8.3100000e-01
