   2.6480000e+00   7.3300000e-01
   1.0142000e+01   8.2700000e-01
   1.7811000e+01   9.7000000e-01
   2.5097000e+01   9.4600000e-01
   3.2359000e+01   1.0380000e+00
   3.9723000e+01   9.1600000e-01
   4.7557000e+01   8.0200000e-01
   5.5549000e+01   9.6600000e-01
   6.3243000e+01   9.5700000e-01
   7.0419000e+01   1.0430000e+00
   7.7458000e+01   9.7200000e-01
   8.4779000e+01   8.0700000e-01
   9.2835000e+01   9.3800000e-01
   1.0082800e+02   9.6800000e-01
   1.0852200e+02   1.0170000e+00
   1.1629200e+02   1.0350000e+00
