   2.1630000e+00   5.9700000e-01
   8.2950000e+00   7.6400000e-01
   1.3673000e+01   6.6300000e-01
   1.9354000e+01   6.5900000e-01
   2.4836000e+01   8.1100000e-01
   3.0404000e+01   6.3700000e-01
   3.6441000e+01   7.0900000e-01
   4.1698000e+01   7.0900000e-01
   4.7584000e+01   6.5400000e-01
   5.3161000e+01   7.1500000e-01
   5.8287000e+01   6.1200000e-01
   6.4109000e+01   7.0100000e-01
   6.9302000e+01   7.3300000e-01
   7.5169000e+01   6.5700000e-01
   8.0478000e+01   7.3000000e-01
   8.5715000e+01   6.2000000e-01
   9.1320000e+01   6.6600000e-01
   9.6496000e+01   7.3700000e-01
   1.0222000e+02   6.3600000e-01
   1.0759900e+02   7.6300000e-01
   1.1289000e+02   6.1800000e-01
   1.1847300e+02   6.7900000e-01
