   2.6620000e+00   8.6800000e-01
   9.3460000e+00   7.9200000e-01
   1.6942000e+01   7.1000000e-01
   2.4416000e+01   8.1400000e-01
   3.1488000e+01   8.4800000e-01
   3.7686000e+01   8.5900000e-01
   4.3314000e+01   6.3000000e-01
   4.8947000e+01   6.7400000e-01
   5.4513000e+01   7.7900000e-01
   6.0412000e+01   6.6100000e-01
   6.6671000e+01   6.9600000e-01
   7.3249000e+01   7.9700000e-01
   7.8786000e+01   7.1800000e-01
   8.4019000e+01   6.3100000e-01
   8.9989000e+01   6.4700000e-01
   9.5074000e+01   6.9200000e-01
   1.0077400e+02   7.3100000e-01
   1.0625500e+02   7.0900000e-01
   1.1269000e+02   7.5900000e-01
   1.1945500e+02   9.4500000e-01
