   2.0630000e+00   7.3600000e-01
   8.4270000e+00   8.3100000e-01
   1.4629000e+01   7.2700000e-01
   2.0988000e+01   7.8900000e-01
   2.6633000e+01   6.8100000e-01
   3.2741000e+01   7.9200000e-01
   3.8778000e+01   7.3200000e-01
   4.4740000e+01   6.9800000e-01
   5.0346000e+01   6.7100000e-01
   5.6413000e+01   7.3800000e-01
   6.2172000e+01   7.1400000e-01
   6.8530000e+01   7.4000000e-01
   7.4429000e+01   7.1400000e-01
   8.0292000e+01   7.2600000e-01
   8.6167000e+01   7.2200000e-01
   9.1966000e+01   7.4600000e-01
   9.7913000e+01   7.5000000e-01
   1.0408000e+02   7.6400000e-01
   1.1004100e+02   7.6500000e-01
   1.1648800e+02   8.2100000e-01
