   2.3540000e+00   7.0000000e-01
   9.1300000e+00   8.6300000e-01
   1.5267000e+01   7.9700000e-01
   2.1348000e+01   7.7700000e-01
   2.8294000e+01   7.4700000e-01
   3.5095000e+01   9.1500000e-01
   4.1214000e+01   7.6800000e-01
   4.7863000e+01   7.3100000e-01
   5.4358000e+01   8.4700000e-01
   6.0561000e+01   8.7200000e-01
   6.7179000e+01   7.1600000e-01
   7.4126000e+01   8.9400000e-01
   8.0319000e+01   8.3100000e-01
   8.6373000e+01   7.3600000e-01
   9.2930000e+01   7.0800000e-01
   9.9153000e+01   9.0500000e-01
   1.0541500e+02   7.7600000e-01
   1.1214200e+02   7.4700000e-01
   1.1837300e+02   7.6400000e-01
