   2.5450000e+00   9.6300000e-01
   1.0564000e+01   8.6900000e-01
   1.8867000e+01   1.0970000e+00
   2.6038000e+01   1.0460000e+00
   3.4506000e+01   8.5100000e-01
   4.1812000e+01   1.0590000e+00
   4.8788000e+01   7.1400000e-01
   5.6036000e+01   8.9900000e-01
   6.2073000e+01   8.0200000e-01
   6.9476000e+01   7.9100000e-01
   7.6213000e+01   1.1020000e+00
   8.3667000e+01   7.2300000e-01
   9.2205000e+01   1.0960000e+00
   9.8975000e+01   1.0280000e+00
   1.0665200e+02   7.2900000e-01
   1.1406000e+02   1.1070000e+00
