   2.4360000e+00   7.8200000e-01
   8.5870000e+00   8.2300000e-01
   1.4908000e+01   7.7000000e-01
   2.1494000e+01   7.7200000e-01
   2.8170000e+01   8.8500000e-01
   3.4680000e+01   8.4100000e-01
   4.1371000e+01   7.6400000e-01
   4.8056000e+01   8.1300000e-01
   5.4568000e+01   8.6400000e-01
   6.1234000e+01   8.6300000e-01
   6.8138000e+01   7.6900000e-01
   7.4356000e+01   8.5700000e-01
   8.1139000e+01   9.2700000e-01
   8.7945000e+01   7.9800000e-01
   9.4666000e+01   8.0300000e-01
   1.0102100e+02   8.2900000e-01
   1.0744800e+02   8.0900000e-01
   1.1384200e+02   7.6000000e-01
   1.1989900e+02   7.6200000e-01
