   2.4350000e+00   1.0110000e+00
   1.0418000e+01   1.0050000e+00
   1.8099000e+01   9.7700000e-01
   2.6118000e+01   9.7900000e-01
   3.4041000e+01   9.8900000e-01
   4.1973000e+01   9.9800000e-01
   4.9861000e+01   1.0110000e+00
   5.7664000e+01   9.6600000e-01
   6.5307000e+01   9.7000000e-01
   7.3097000e+01   9.4300000e-01
   8.0899000e+01   9.5200000e-01
   8.8482000e+01   9.5000000e-01
   9.6168000e+01   9.6900000e-01
   1.0385500e+02   9.7500000e-01
   1.1158200e+02   9.6700000e-01
   1.1931800e+02   9.4900000e-01
