   2.5830000e+00   7.4700000e-01
   8.7260000e+00   7.4800000e-01
   1.4734000e+01   7.4400000e-01
   2.0920000e+01   7.7600000e-01
   2.7220000e+01   7.8700000e-01
   3.3435000e+01   7.7800000e-01
   3.9973000e+01   8.5600000e-01
   4.6567000e+01   8.4500000e-01
   5.3126000e+01   7.9900000e-01
   5.9325000e+01   7.8100000e-01
   6.5691000e+01   7.5000000e-01
   7.1805000e+01   7.5100000e-01
   7.7900000e+01   7.5300000e-01
   8.4245000e+01   7.8700000e-01
   9.0277000e+01   7.3400000e-01
   9.6741000e+01   8.2300000e-01
   1.0313000e+02   7.9300000e-01
   1.0933000e+02   8.1100000e-01
   1.1555000e+02   7.7600000e-01
