   2.0520000e+00   6.3500000e-01
   7.8240000e+00   7.1200000e-01
   1.3323000e+01   6.6100000e-01
   1.8794000e+01   7.1500000e-01
   2.4279000e+01   7.2900000e-01
   2.9711000e+01   6.4000000e-01
   3.4568000e+01   6.1700000e-01
   3.9453000e+01   6.1100000e-01
   4.4484000e+01   6.2800000e-01
   4.9324000e+01   5.7800000e-01
   5.4221000e+01   6.1800000e-01
   5.9278000e+01   6.2600000e-01
   6.4616000e+01   6.4600000e-01
   6.9959000e+01   6.4900000e-01
   7.5228000e+01   6.4700000e-01
   8.0435000e+01   6.4300000e-01
   8.5445000e+01   6.2200000e-01
   9.0708000e+01   6.6200000e-01
   9.5762000e+01   6.4500000e-01
   1.0120300e+02   6.7700000e-01
   1.0640700e+02   6.1300000e-01
   1.1150500e+02   6.2400000e-01
   1.1655100e+02   6.0400000e-01
