   2.2120000e+00   7.9000000e-01
   8.3570000e+00   7.6300000e-01
   1.4398000e+01   7.5900000e-01
   2.0412000e+01   7.3000000e-01
   2.6464000e+01   7.7200000e-01
   3.2491000e+01   7.1200000e-01
   3.8683000e+01   7.6000000e-01
   4.4578000e+01   7.6500000e-01
   5.0535000e+01   8.0000000e-01
   5.6448000e+01   7.5600000e-01
   6.2606000e+01   7.0400000e-01
   6.9066000e+01   8.2100000e-01
   7.4913000e+01   8.0100000e-01
   8.1112000e+01   6.8900000e-01
   8.6996000e+01   7.7400000e-01
   9.2662000e+01   7.2000000e-01
   9.8313000e+01   6.7300000e-01
   1.0417800e+02   7.1000000e-01
   1.0982700e+02   7.5400000e-01
   1.1550200e+02   7.2800000e-01
