   2.6740000e+00   9.0500000e-01
   1.0677000e+01   1.0170000e+00
   1.8072000e+01   1.0810000e+00
   2.5558000e+01   1.0590000e+00
   3.3045000e+01   1.0050000e+00
   3.9927000e+01   6.8400000e-01
   4.7503000e+01   7.6800000e-01
   5.4738000e+01   8.7200000e-01
   6.2399000e+01   9.2900000e-01
   6.9766000e+01   9.9700000e-01
   7.7415000e+01   1.0240000e+00
   8.4979000e+01   1.0160000e+00
   9.2097000e+01   9.0100000e-01
   9.9147000e+01   7.6300000e-01
   1.0681200e+02   8.6100000e-01
   1.1404200e+02   8.4300000e-01
   1.2086500e+02   9.3100000e-01
