   2.7350000e+00   8.4700000e-01
   9.3100000e+00   8.2400000e-01
   1.7277000e+01   7.8600000e-01
   2.4865000e+01   8.3300000e-01
   3.1410000e+01   1.1420000e+00
   3.8245000e+01   7.1000000e-01
   4.5734000e+01   8.3800000e-01
   5.2340000e+01   9.9200000e-01
   5.8637000e+01   7.2300000e-01
   6.6075000e+01   7.7400000e-01
   7.2734000e+01   8.7300000e-01
   7.8632000e+01   6.8800000e-01
   8.5187000e+01   7.3100000e-01
   9.1643000e+01   1.0010000e+00
   9.7979000e+01   6.9100000e-01
   1.0494700e+02   7.7200000e-01
   1.1148900e+02   9.8200000e-01
   1.1777300e+02   6.9200000e-01
