   2.0240000e+00   7.5500000e-01
   8.5790000e+00   8.8900000e-01
   1.5547000e+01   8.0100000e-01
   2.2794000e+01   9.3400000e-01
   2.9560000e+01   8.1600000e-01
   3.6761000e+01   8.8400000e-01
   4.3267000e+01   8.2600000e-01
   4.9313000e+01   7.4400000e-01
   5.5819000e+01   8.5700000e-01
   6.2440000e+01   7.8000000e-01
   6.8865000e+01   8.2400000e-01
   7.5295000e+01   7.7100000e-01
   8.1773000e+01   8.3500000e-01
   8.8262000e+01   7.9500000e-01
   9.5031000e+01   8.7200000e-01
   1.0156500e+02   8.2400000e-01
   1.0822600e+02   8.1300000e-01
   1.1466900e+02   8.0900000e-01
   1.2065300e+02   6.9000000e-01
