   2.1270000e+00   9.5800000e-01
   9.9340000e+00   1.0040000e+00
   1.7972000e+01   9.9900000e-01
   2.5854000e+01   9.6300000e-01
   3.3769000e+01   9.6900000e-01
   4.1519000e+01   9.9400000e-01
   4.9371000e+01   1.0000000e+00
   5.7058000e+01   9.1600000e-01
   6.4963000e+01   9.8100000e-01
   7.2757000e+01   9.8400000e-01
   8.0503000e+01   1.0030000e+00
   8.8242000e+01   9.5800000e-01
   9.5934000e+01   9.3800000e-01
   1.0351800e+02   9.3900000e-01
   1.1097400e+02   9.5500000e-01
   1.1854000e+02   9.4100000e-01
