   2.8040000e+00   1.0390000e+00
   1.0357000e+01   8.6400000e-01
   1.8447000e+01   9.5900000e-01
   2.6872000e+01   1.0270000e+00
   3.5095000e+01   1.0330000e+00
   4.2708000e+01   1.0520000e+00
   5.0328000e+01   8.9500000e-01
   5.8063000e+01   8.7600000e-01
   6.5619000e+01   1.0100000e+00
   7.2806000e+01   9.7000000e-01
   8.0131000e+01   8.5900000e-01
   8.7810000e+01   8.8100000e-01
   9.5130000e+01   1.0160000e+00
   1.0243300e+02   9.6300000e-01
   1.0988600e+02   8.3900000e-01
   1.1734200e+02   8.9100000e-01
