   2.0540000e+00   6.2200000e-01
   9.8730000e+00   7.1600000e-01
   1.7076000e+01   9.6200000e-01
   2.2716000e+01   8.7100000e-01
   2.9603000e+01   6.5700000e-01
   3.6083000e+01   9.4600000e-01
   4.1927000e+01   6.8600000e-01
   4.8679000e+01   6.9800000e-01
   5.4925000e+01   8.1800000e-01
   6.0832000e+01   6.9700000e-01
   6.7091000e+01   7.2100000e-01
   7.2455000e+01   7.3600000e-01
   7.9098000e+01   7.0700000e-01
   8.5317000e+01   8.1600000e-01
   9.0744000e+01   6.5600000e-01
   9.6733000e+01   7.8400000e-01
   1.0234400e+02   6.9300000e-01
   1.0844700e+02   7.1400000e-01
   1.1437000e+02   8.6300000e-01
   1.2014900e+02   6.7900000e-01
