   2.3950000e+00   7.0600000e-01
   7.9870000e+00   6.9900000e-01
   1.3590000e+01   6.9300000e-01
   1.9220000e+01   7.0800000e-01
   2.5068000e+01   7.6700000e-01
   3.0852000e+01   7.0500000e-01
   3.6632000e+01   7.3100000e-01
   4.2393000e+01   7.0600000e-01
   4.8200000e+01   7.5200000e-01
   5.3998000e+01   7.0100000e-01
   5.9653000e+01   7.1000000e-01
   6.5323000e+01   7.0600000e-01
   7.1087000e+01   7.2200000e-01
   7.6837000e+01   7.1700000e-01
   8.2689000e+01   7.3500000e-01
   8.8577000e+01   7.4800000e-01
   9.4467000e+01   7.3200000e-01
   1.0033900e+02   7.3600000e-01
   1.0618200e+02   7.3200000e-01
   1.1209500e+02   7.4900000e-01
   1.1811700e+02   7.3800000e-01
