   2.0500000e+00   7.9200000e-01
   9.2170000e+00   1.0710000e+00
   1.5917000e+01   6.7800000e-01
   2.3369000e+01   1.1180000e+00
   3.0251000e+01   8.9500000e-01
   3.6526000e+01   8.2100000e-01
   4.5009000e+01   8.4700000e-01
   5.2306000e+01   1.3120000e+00
   5.9399000e+01   6.7500000e-01
   6.8396000e+01   9.9800000e-01
   7.5011000e+01   1.1900000e+00
   8.2867000e+01   6.8200000e-01
   9.0375000e+01   1.0100000e+00
   9.5902000e+01   6.0100000e-01
   1.0320400e+02   8.1100000e-01
   1.0941400e+02   9.2800000e-01
   1.1640800e+02   6.4900000e-01
