   1.5260000e+00   9.0100000e-01
   8.9110000e+00   1.0030000e+00
   1.6550000e+01   9.1100000e-01
   2.4447000e+01   9.7300000e-01
   3.2241000e+01   1.0460000e+00
   4.0057000e+01   9.1000000e-01
   4.7936000e+01   9.6500000e-01
   5.5281000e+01   1.0470000e+00
   6.3501000e+01   9.9000000e-01
   7.1214000e+01   1.0310000e+00
   7.9060000e+01   9.1200000e-01
   8.6969000e+01   1.0090000e+00
   9.4626000e+01   1.0100000e+00
   1.0252400e+02   9.1600000e-01
   1.1045200e+02   1.0140000e+00
   1.1800300e+02   9.6500000e-01
