   2.2990000e+00   7.0700000e-01
   8.8060000e+00   6.3700000e-01
   1.5334000e+01   6.7100000e-01
   2.1611000e+01   9.6300000e-01
   2.7821000e+01   1.0610000e+00
   3.3995000e+01   6.0500000e-01
   4.0515000e+01   7.2000000e-01
   4.6429000e+01   9.2000000e-01
   5.2128000e+01   6.8400000e-01
   5.8246000e+01   6.4900000e-01
   6.4199000e+01   8.2200000e-01
   6.9710000e+01   7.0100000e-01
   7.5418000e+01   6.4800000e-01
   8.0911000e+01   7.7000000e-01
   8.6534000e+01   6.7600000e-01
   9.2344000e+01   7.0500000e-01
   9.8185000e+01   7.2800000e-01
   1.0361400e+02   7.1900000e-01
   1.0947500e+02   6.7100000e-01
   1.1540800e+02   8.4700000e-01
