   2.7020000e+00   7.7300000e-01
   8.8440000e+00   7.3500000e-01
   1.5016000e+01   7.4300000e-01
   2.1254000e+01   6.7000000e-01
   2.7278000e+01   7.1800000e-01
   3.3541000e+01   7.9200000e-01
   3.9396000e+01   7.0900000e-01
   4.5817000e+01   8.5600000e-01
   5.1914000e+01   7.9800000e-01
   5.7825000e+01   6.9800000e-01
   6.3792000e+01   7.9900000e-01
   6.9731000e+01   6.9900000e-01
   7.6162000e+01   8.5200000e-01
   8.2320000e+01   7.5300000e-01
   8.8917000e+01   8.6700000e-01
   9.5116000e+01   7.2800000e-01
   1.0142800e+02   8.0700000e-01
   1.0718900e+02   6.6800000e-01
   1.1316800e+02   8.2000000e-01
   1.1894900e+02   7.0600000e-01
