   2.3300000e+00   8.3300000e-01
   8.9710000e+00   8.2400000e-01
   1.5322000e+01   7.8500000e-01
   2.2012000e+01   8.3100000e-01
   2.9033000e+01   9.0600000e-01
   3.5807000e+01   8.8800000e-01
   4.2337000e+01   8.8200000e-01
   5.0027000e+01   8.7800000e-01
   5.6855000e+01   9.1800000e-01
   6.3456000e+01   8.9400000e-01
   7.0596000e+01   8.8600000e-01
   7.7538000e+01   6.8400000e-01
   8.3095000e+01   9.0100000e-01
   9.0171000e+01   9.3300000e-01
   9.7195000e+01   8.7700000e-01
   1.0434100e+02   8.8300000e-01
   1.1138800e+02   9.0100000e-01
   1.1838800e+02   8.6000000e-01
