   2.0850000e+00   8.4300000e-01
   8.5150000e+00   7.7100000e-01
   1.5701000e+01   8.2100000e-01
   2.2596000e+01   9.0900000e-01
   2.9556000e+01   9.2100000e-01
   3.6562000e+01   8.6700000e-01
   4.3604000e+01   8.2100000e-01
   5.0581000e+01   8.4300000e-01
   5.7599000e+01   8.7600000e-01
   6.4547000e+01   9.0200000e-01
   7.1367000e+01   8.9600000e-01
   7.8134000e+01   8.3400000e-01
   8.5008000e+01   7.9800000e-01
   9.2035000e+01   8.5700000e-01
   9.8802000e+01   8.9200000e-01
   1.0569900e+02   9.0200000e-01
   1.1265400e+02   8.8600000e-01
   1.1964400e+02   8.0500000e-01
