   2.6200000e+00   9.0200000e-01
   9.8130000e+00   8.4000000e-01
   1.7550000e+01   9.7000000e-01
   2.4876000e+01   9.6500000e-01
   3.2296000e+01   9.2700000e-01
   3.9699000e+01   8.1900000e-01
   4.7104000e+01   9.8100000e-01
   5.4426000e+01   9.8000000e-01
   6.1894000e+01   8.3600000e-01
   6.9694000e+01   9.6600000e-01
   7.7246000e+01   9.8100000e-01
   8.4970000e+01   8.9500000e-01
   9.2311000e+01   9.1100000e-01
   9.9883000e+01   9.5500000e-01
   1.0722400e+02   1.0000000e+00
   1.1429100e+02   8.2100000e-01
