   2.1000000e+00   7.2500000e-01
   8.8390000e+00   8.2700000e-01
   1.5139000e+01   9.7000000e-01
   2.2175000e+01   7.2200000e-01
   2.9035000e+01   8.9600000e-01
   3.5522000e+01   7.6600000e-01
   4.2532000e+01   7.9700000e-01
   4.8696000e+01   8.7500000e-01
   5.5274000e+01   7.3000000e-01
   6.2166000e+01   9.2100000e-01
   6.8506000e+01   7.9000000e-01
   7.5115000e+01   7.2100000e-01
   8.1178000e+01   8.5500000e-01
   8.7349000e+01   7.0200000e-01
   9.4002000e+01   8.6500000e-01
   1.0023200e+02   7.2700000e-01
   1.0735300e+02   8.5400000e-01
   1.1350600e+02   9.1100000e-01
   1.2011500e+02   7.2000000e-01
