   2.6340000e+00   7.1300000e-01
   8.9490000e+00   8.7100000e-01
   1.5793000e+01   7.3700000e-01
   2.2989000e+01   8.0900000e-01
   2.9930000e+01   9.0500000e-01
   3.6580000e+01   9.4200000e-01
   4.3277000e+01   8.6700000e-01
   5.0104000e+01   7.6700000e-01
   5.7031000e+01   8.1000000e-01
   6.3867000e+01   9.1300000e-01
   7.0475000e+01   9.1300000e-01
   7.6978000e+01   8.2800000e-01
   8.3688000e+01   7.4500000e-01
   9.0690000e+01   8.2300000e-01
   9.7656000e+01   9.1900000e-01
   1.0441900e+02   9.6500000e-01
   1.1127900e+02   8.7700000e-01
   1.1833400e+02   8.5600000e-01
