880
902
872
922
931
868
804
840
862
895
840
895
884
809
855
848
857
807
757
755
805
888
955
960
920
936
917
899
834
838
864
888
856
856
889
947
916
877
895
945
940
900
894
877
866
806
816
848
925
900
888
951
979
926
887
880
876
868
821
817
858
902
917
846
812
852
890
906
854
818
840
843
830
831
851
880
848
872
899
914
851
875
889
908
835
858
939
956
857
819
872
891
922
851
872
924
954
890
880
896
924
873
880
933
929
842
768
727
750
886
1005
1035
1086
1006
969
951
917
895
828
812
835
869
896
915
953
946
954
869
807
847
898
952
883
877
923
998
970
864
900
913
888
851
875
906
907
888
968
947
914
851
864
872
837
776
742
759
862
996
999
928
965
960
880
904
875
808
861
880
902
850
819
845
869
827
792
800
840
901
859
912
928
856
789
771
768
832
901
883
928
944
867
858
875
880
803
805
808
893
859
816
864
908
916
934
978
1008
960
947
949
901
828
884
995
1016
952
968
965
961
866
880
904
928
835
780
762
765
818
1008
1056
1008
989
883
877
860
856
871
844
884
923
922
907
896
896
792
819
893
984
960
997
995
1032
1004
980
988
972
885
827
808
843
933
959
897
928
928
928
880
896
944
928
896
859
861
869
877
822
848
840
861
821
790
872
904
925
859
797
843
859
898
830
813
832
877
832
776
744
740
780
920
985
1018
1008
936
888
912
891
832
853
840
835
861
904
848
912
912
944
936
904
900
916
909
910
921
917
852
875
857
794
738
763
825
935
939
873
892
902
861
782
783
784
832
777
740
728
738
766
875
872
856
808
760
792
816
752
773
811
832
800
784
787
789
795
830
847
