871
889
873
868
847
857
907
946
969
961
908
856
824
845
959
1074
1098
1044
1038
1054
1040
993
964
951
950
926
892
856
883
963
1091
1019
960
933
936
939
945
975
948
897
851
824
839
910
990
1027
1004
971
894
847
810
806
842
955
1047
1054
1004
936
872
820
830
894
978
1054
992
933
911
908
951
988
989
994
950
896
840
807
820
890
1008
1070
999
1016
998
944
863
789
795
849
911
937
979
1044
1056
1029
958
909
880
917
980
1041
1031
1026
1015
979
932
880
856
880
946
1038
1072
1056
1026
1014
960
898
848
846
925
1040
1088
1095
1087
1015
928
856
827
860
1001
1131
1109
1118
1136
1110
1033
979
931
931
1002
1066
1084
1024
968
915
904
954
1048
1083
1048
980
964
968
1008
1064
999
947
913
938
1024
1088
1103
1062
989
923
882
888
934
1077
1138
1083
1054
1056
1018
980
952
952
944
912
896
893
1198
703
1082
1120
1128
1116
1072
1032
1002
957
931
862
818
801
812
873
981
1075
1115
1088
1096
1119
1117
1027
960
918
893
975
1067
1089
1065
1047
1016
936
888
850
885
984
1072
1041
980
943
943
975
1011
1011
1001
936
881
839
832
856
925
963
996
996
929
873
854
864
914
960
1000
1000
1003
941
902
865
892
931
971
975
966
906
857
836
851
918
981
1021
994
940
882
838
818
840
926
1016
1045
1019
968
928
886
850
876
918
987
1010
997
933
903
861
834
857
898
949
990
991
962
938
923
889
868
842
833
831
872
962
1048
1039
964
897
826
804
826
917
987
1026
988
944
954
944
888
844
828
808
836
920
1044
1088
1072
1056
1006
978
967
