0.736
0.728
0.72
0.712
0.704
0.692
0.712
0.806
0.91
0.87
0.896
0.908
0.884
0.872
0.87
0.856
0.826
0.798
0.772
0.754
0.8
0.794
0.812
0.798
0.784
0.79
0.79
0.824
0.808
0.806
0.77
0.79
0.768
0.754
0.732
0.77
0.788
0.8
0.802
0.818
0.808
0.774
0.768
0.778
0.786
0.818
0.814
0.81
0.78
0.776
0.772
0.754
0.728
0.728
0.728
0.766
0.778
0.794
0.82
0.824
0.826
0.808
0.766
0.752
0.738
0.744
0.76
0.798
0.796
0.762
0.77
0.744
0.76
0.75
0.738
0.73
0.716
0.706
0.692
0.696
0.712
0.762
0.78
0.812
0.816
0.814
0.784
0.78
0.756
0.744
0.724
0.708
0.698
0.7
0.704
0.718
0.7
0.686
0.694
0.728
0.736
0.742
0.748
0.784
0.746
0.764
0.746
0.742
0.726
0.704
0.708
0.692
0.678
0.67
0.656
0.672
0.678
0.74
0.786
0.808
0.802
0.79
0.734
0.778
0.76
0.762
0.756
0.748
0.748
0.732
0.722
0.702
0.702
0.71
0.696
0.77
0.758
0.736
0.74
0.758
0.738
0.736
0.718
0.708
0.704
0.71
0.73
0.77
0.792
0.802
0.802
0.77
0.762
0.746
0.732
0.724
0.696
0.694
0.69
0.708
0.76
0.758
0.772
0.75
0.734
0.724
0.718
0.722
0.724
0.742
0.742
0.736
0.746
0.724
0.74
0.734
0.726
0.732
0.73
0.726
0.724
0.72
0.702
0.704
0.71
0.736
0.794
0.79
0.82
0.852
0.862
0.853
0.834
0.815
0.804
0.794
0.76
0.78
0.738
0.728
0.718
0.714
0.712
0.708
0.704
0.692
0.696
0.706
0.704
0.72
0.698
0.73
0.716
0.71
0.708
0.696
0.692
0.682
0.674
0.698
0.698
0.69
0.69
0.68
0.688
0.692
0.704
0.744
0.708
0.77
0.762
0.736
0.73
0.74
0.75
0.736
0.738
0.742
0.748
0.734
0.748
0.792
0.776
0.756
0.756
0.74
0.734
0.732
0.736
0.748
0.784
0.762
0.758
0.792
0.742
0.738
0.73
0.728
0.72
0.738
0.738
0.772
0.726
0.734
0.72
0.706
0.704
0.718
0.726
0.728
0.78
0.768
0.742
0.74
0.722
0.732
0.772
0.776
0.738
0.756
0.746
0.724
0.73
0.722
0.738
0.75
0.778
0.754
0.786
0.748
0.748
0.742
0.728
0.704
0.696
0.692
0.694
0.694
0.726
0.758
0.76
0.734
0.782
0.726
0.74
0.718
0.724
0.712
0.716
0.762
0.734
0.78
0.726
0.73
0.722
0.718
0.734
0.738
0.78
0.78
0.758
0.772
0.758
0.748
0.728
0.704
0.714
0.714
0.72
0.732
0.772
0.744
0.744
0.744
0.726
0.734
0.722
0.73
0.746
0.78
0.744
0.748
0.758
0.744
0.736
0.736
0.734
0.74
0.756
0.738
0.748
0.75
0.73
0.722
0.722
0.728
0.746
0.782
0.784
0.802
0.816
0.786
0.772
0.756
0.734
0.736
0.732
0.742
0.74
0.748
0.752
0.758
0.742
0.73
0.712
0.702
0.704
0.728
0.772
0.79
0.8
0.806
0.772
0.772
0.76
0.762
0.77
0.784
0.79
0.794
0.794
0.788
0.768
0.748
0.732
0.734
0.742
0.768
0.784
0.788
0.765
0.742
0.742
0.742
0.742
0.742