0.992
0.992
0.982
1.01
1.028
1.028
0.99
0.998
1.03
1.044
1.014
0.992
0.97
0.982
0.984
0.982
0.992
0.968
0.97
0.98
0.982
0.992
1.01
1
0.958
0.954
0.966
0.976
0.952
0.944
0.966
0.984
0.996
0.982
0.968
0.924
0.906
0.92
0.928
0.942
0.952
0.976
0.956
0.908
0.896
0.9
0.914
0.938
0.966
0.968
0.922
0.876
0.886
0.88
0.852
0.864
0.902
0.856
0.854
0.904
0.946
0.972
0.986
0.952
0.892
0.898
0.932
0.986
1.002
1.008
0.98
0.928
0.95
0.972
0.992
0.998
0.982
0.912
0.922
0.94
0.956
0.978
0.982
0.962
0.904
0.892
0.924
0.95
0.984
0.986
0.93
0.878
0.898
0.934
0.994
1.004
1.002
0.96
0.948
1.008
1.004
1.014
0.986
0.942
0.958
0.96
0.97
0.996
0.958
0.918
0.946
0.948
0.928
0.91
0.948
0.968
0.984
0.988
0.972
0.934
0.888
0.92
0.926
0.95
0.942
0.932
0.884
0.882
0.898
0.91
0.932
0.912
0.874
0.888
0.912
0.928
0.932
0.93
0.884
0.878
0.888
0.892
0.908
0.906
0.864
0.828
0.844
0.87
0.844
0.846
0.906
0.898
0.868
0.878
0.922
0.962
0.978
0.986
0.954
0.91
0.936
0.96
0.992
1.01
0.988
0.95
0.966
0.978
1.006
0.976
0.93
0.954
0.964
0.992
1
0.98
0.954
0.984
1.014
1.026
1.036
0.99
0.96
0.978
0.988
1.01
0.978
0.932
0.964
0.994
1.002
0.966
0.912
0.95
0.974
0.994
1.002
0.96
0.956
0.97
0.99
1.008
1.014
0.962
0.924
0.95
0.974
1.006
1.012
0.972
0.948
0.972
0.996
0.992
0.97
0.924
0.936
0.97
0.99
0.994
0.976
0.912
0.918
0.956
0.988
0.996
0.952
0.91
0.944
0.97
0.998
0.986
0.944
0.906
0.926
0.94
0.996
0.988
0.934
0.926
0.966
1.004
1.012
0.97
0.936
0.96
0.988
1.006
0.978
0.944
0.98
0.986
1.004
0.996
0.946
0.934
0.95
0.97
0.96
0.934
0.93
0.958
0.974
0.994
0.986
0.938
0.956
0.972
1
0.98
0.944
0.964
0.97
0.986
1.008
1.002
0.966
0.962
0.966
0.982
0.99
0.948
0.902
0.928
0.976
1.012
1.01
0.972
0.968
0.984
0.994
1.006